"TIME_UTC","P","T","TAS","U","V","W","TEDR","REYN","G_LAT","G_LONG","G_ALT","POT","ROLL","HDG","PITCH "
"77128.600","101687","28962","11758","414","-627","219","-548","576","3742650","-12205344","-400","28824","105","33624","644"
"77129.600","101533","28920","12003","436","-670","-504","-602","574","3742741","-12205390","-400","28795","141","33625","700"
"77130.600","101073","28936","12052","343","-621","-612","-744","566","3742834","-12205439","-394","28848","974","33714","1404"
"77131.600","100797","28870","12221","462","-726","-130","-648","577","3742928","-12205488","-378","28804","5546","34739","1385"
"77132.600","99767","28795","12304","376","-883","96","-578","580","3743022","-12205534","-328","28814","5585","193","1513"
"77133.600","99475","28767","12227","347","-905","167","-574","582","3743120","-12205571","-244","28810","6202","1247","1686"
"77134.600","99101","28738","12061","300","-877","84","-642","578","3743219","-12205592","-140","28813","6337","2427","1831"
"77135.600","98870","28719","11876","246","-852","668","-637","577","3743324","-12205584","-8","28812","6733","3563","1876"
"77136.600","98340","28701","11625","180","-792","2103","-460","572","3743431","-12205550","122","28839","6812","4882","1906"
"77137.600","98167","28656","11355","262","-756","2173","-804","573","3743527","-12205492","308","28808","7110","6051","1867"
"77138.600","98110","28661","11150","294","-748","2159","-580","573","3743614","-12205409","596","28817","7221","7124","1833"
"77139.600","98010","28648","10947","358","-743","2437","-571","575","3743701","-12205309","875","28813","7365","8180","1681"
"77140.600","98215","28695","10776","415","-670","2350","-486","568","3743749","-12205192","1094","28843","7242","9178","1516"
"77141.600","99058","28740","10626","561","-624","1944","-573","576","3743758","-12205063","1331","28817","6151","9264","1172"
"77142.600","98959","28726","10701","569","-389","1975","-636","566","3743754","-12204929","1583","28811","1272","9422","1417"
"77143.600","97980","28698","11012","344","-276","-43","-602","549","3743721","-12204768","2007","28865","511","9281","2053"
"77144.650","97841","28686","10940","352","-389","291","-534","554","3743694","-12204614","2344","28865","460","9283","2302"
"77145.650","97844","28687","10947","283","-384","628","-618","547","3743682","-12204480","2631","28866","813","9450","2351"
"77146.650","97565","28682","10923","259","-198","750","-656","535","3743673","-12204352","2901","28884","874","9552","2269"
"77147.650","97220","28669","10922","224","-101","563","-740","513","3743664","-12204229","3201","28901","1101","9727","2275"
"77148.650","96827","28637","10906","200","-12","634","-566","512","3743650","-12204104","3571","28902","1225","9868","2232"
"77149.650","96472","28617","10814","258","27","486","-751","521","3743637","-12203983","3916","28912","1377","10020","2223"
"77150.650","96121","28589","10790","246","49","434","-677","522","3743623","-12203862","4229","28914","969","10111","2165"
"77151.650","95764","28572","10675","337","60","285","-868","535","3743607","-12203743","4531","28927","552","10139","2227"
"77152.650","95474","28548","10642","351","132","172","-762","542","3743590","-12203624","4824","28928","288","10152","2128"
"77153.650","95183","28523","10609","362","139","273","-687","540","3743572","-12203508","5108","28928","306","10193","2084"
"77154.650","94877","28506","10530","426","127","413","-772","543","3743553","-12203389","5381","28937","278","10190","2038"
"77155.650","94596","28501","10498","460","167","392","-609","552","3743534","-12203270","5643","28957","238","10235","2012"
"77156.650","94325","28524","10480","471","136","459","-624","552","3743515","-12203154","5897","29004","232","10273","1979"
"77157.650","94069","28540","10527","436","194","449","-550","551","3743495","-12203035","6140","29043","213","10271","1973"
"77158.650","93805","28541","10500","478","243","428","-747","553","3743475","-12202919","6377","29067","55","10340","1983"
"77159.650","93570","28527","10503","478","233","369","-681","554","3743454","-12202800","6608","29074","154","10345","1957"
"77160.650","93310","28521","10510","481","257","280","-717","553","3743434","-12202684","6834","29091","29","10355","1959"
"77161.650","93053","28501","10525","481","316","534","-699","558","3743413","-12202565","7059","29094","12","10382","1931"
"77162.650","92812","28486","10538","473","304","533","-720","555","3743392","-12202446","7288","29099","118","10414","1930"
"77163.650","92592","28472","10576","435","270","611","-659","549","3743371","-12202328","7513","29105","168","10410","1839"
"77164.650","92379","28466","10591","443","247","356","-703","551","3743349","-12202209","7733","29118","103","10413","1774"
"77165.650","92149","28457","10616","445","206","325","-737","548","3743327","-12202092","7949","29130","-100","10385","1728"
"77166.650","91937","28436","10670","425","208","596","-722","549","3743306","-12201973","8154","29128","-100","10351","1666"
"77167.650","91757","28414","10745","395","200","828","-713","544","3743284","-12201853","8346","29121","-90","10361","1560"
"77168.650","91566","28384","10799","408","194","663","-882","546","3743262","-12201733","8525","29108","-126","10350","1510"
"77169.650","91389","28370","10853","428","200","540","-815","544","3743239","-12201611","8692","29109","-179","10339","1466"
"77170.650","91226","28366","10938","430","201","-47","-824","548","3743217","-12201490","8848","29120","-238","10342","1431"
"77171.650","91060","28356","10993","444","153","-178","-551","546","3743194","-12201366","8995","29125","-145","10314","1421"
"77172.650","90919","28361","11069","449","165","138","-843","547","3743172","-12201242","9135","29143","-63","10314","1357"
"77173.650","90761","28366","11100","502","137","138","-612","551","3743149","-12201118","9268","29163","2","10337","1359"
"77174.650","90620","28350","11192","490","124","652","-797","552","3743126","-12200993","9396","29159","-93","10339","1341"
"77175.650","90489","28339","11344","437","146","133","-745","545","3743104","-12200864","9521","29160","-86","10333","1340"
"77176.650","90337","28340","11425","423","78","174","-681","543","3743081","-12200735","9648","29175","-56","10326","1362"
"77177.650","90207","28322","11563","374","107","-15","-633","539","3743057","-12200608","9777","29168","-60","10317","1345"
"77178.650","90056","28322","11688","315","56","-99","-578","532","3743034","-12200478","9909","29182","-84","10302","1356"
"77179.650","89911","28304","11823","254","48","-294","-706","522","3743011","-12200347","10045","29177","-33","10304","1360"
"77180.650","89743","28293","11884","262","48","-146","-606","521","3742987","-12200215","10184","29181","-32","10299","1380"
"77181.650","89572","28279","11962","247","50","174","-803","521","3742964","-12200083","10326","29183","-44","10298","1388"
"77182.650","89361","28272","12003","255","15","205","-898","521","3742939","-12199948","10472","29195","-56","10320","1504"
"77183.650","89185","28273","12099","204","27","251","-699","512","3742916","-12199816","10623","29213","-67","10310","1539"
"77184.650","88994","28270","12171","159","-5","114","-629","499","3742892","-12199681","10785","29228","7","10286","1583"
"77185.650","88792","28267","12174","177","-43","-98","-567","505","3742868","-12199549","10953","29244","-9","10283","1612"
"77186.650","88573","28265","12176","184","-119","-256","-801","511","3742844","-12199414","11132","29263","-29","10255","1645"
"77187.650","88349","28250","12167","221","-60","-247","-871","515","3742820","-12199279","11327","29268","-84","10219","1650"
"77188.650","88113","28234","12151","265","-3","-127","-645","521","3742797","-12199144","11533","29274","33","10226","1637"
"77189.650","87901","28226","12119","305","-41","118","-858","527","3742772","-12199010","11750","29285","76","10229","1605"
"77190.650","87700","28215","12127","323","-44","373","-922","529","3742748","-12198876","11968","29293","157","10235","1474"
"77191.650","87485","28221","12176","305","-71","496","-1057","528","3742723","-12198739","12189","29320","90","10240","1466"
"77192.650","87288","28258","12217","296","-144","420","-737","532","3742697","-12198604","12411","29377","191","10234","1431"
"77193.650","87104","28261","12297","266","-131","244","-728","525","3742671","-12198468","12622","29398","134","10221","1398"
"77194.650","86915","28249","12345","272","-136","-100","-840","527","3742645","-12198331","12826","29404","54","10244","1400"
"77195.650","86727","28244","12396","271","-134","-184","-800","526","3742618","-12198191","13020","29417","96","10237","1414"
"77196.650","86551","28234","12442","263","-167","-272","-909","527","3742592","-12198054","13204","29423","106","10253","1423"
"77197.650","86376","28223","12495","261","-149","-414","-687","525","3742564","-12197915","13380","29429","141","10267","1427"
"77198.650","86186","28205","12523","238","-302","-366","-541","533","3742537","-12197778","13551","29429","673","10308","1417"
"77199.650","86010","28221","12524","255","-333","1361","-523","530","3742510","-12197639","13720","29463","2059","10486","1319"
"77200.650","85852","28235","12504","306","-394","1685","-725","551","3742482","-12197499","13884","29492","2879","10707","1195"
"77201.650","85696","28234","12458","334","-478","1152","-717","550","3742451","-12197361","14048","29507","3184","10856","1073"
"77202.650","85558","28212","12457","361","-447","848","-548","553","3742416","-12197220","14196","29498","3227","11162","1042"
"77203.650","85436","28186","12513","372","-381","1009","-751","550","3742377","-12197084","14315","29482","2946","11424","959"
"77204.650","85341","28193","12479","417","-508","197","-523","559","3742334","-12196948","14408","29499","2839","11628","947"
"77205.650","85245","28187","12529","380","-597","-296","-692","564","3742288","-12196814","14484","29503","2928","11822","939"
"77206.650","85167","28184","12631","337","-557","602","-590","559","3742237","-12196681","14555","29507","2948","12104","861"
"77207.650","85096","28186","12645","369","-613","118","-569","564","3742181","-12196551","14621","29516","2727","12294","868"
"77208.650","85028","28193","12594","508","-502","1067","-659","562","3742121","-12196421","14691","29531","2584","12447","795"
"77209.650","84972","28175","12623","474","-483","1077","-548","564","3742057","-12196295","14759","29517","2520","12641","743"
"77210.650","84929","28163","12638","465","-441","894","-682","559","3741989","-12196170","14818","29509","2305","12794","652"
"77211.650","84883","28167","12617","388","-555","254","-660","558","3741919","-12196047","14866","29518","2126","12961","690"
"77212.650","84856","28161","12662","311","-552","273","-640","557","3741845","-12195929","14901","29514","2148","13108","689"
"77213.650","84835","28169","12551","463","-520","263","-634","561","3741770","-12195812","14921","29524","2018","13291","684"
"77214.650","84792","28158","12579","384","-549","-83","-697","555","3741693","-12195699","14929","29517","1696","13433","713"
"77215.650","84760","28139","12604","352","-513","62","-642","557","3741614","-12195588","14936","29500","1415","13556","768"
"77216.650","84730","28132","12600","315","-523","18","-711","553","3741532","-12195480","14951","29496","1242","13644","810"
"77217.650","84680","28140","12532","334","-552","215","-740","558","3741448","-12195374","14975","29509","957","13711","845"
"77218.650","84661","28141","12473","381","-506","502","-569","561","3741363","-12195270","15002","29512","716","13743","854"
"77219.650","84621","28150","12350","499","-473","-243","-781","560","3741278","-12195169","15039","29526","-724","13641","874"
"77220.650","84556","28151","12281","516","-470","-598","-717","561","3741191","-12195069","15091","29533","-1431","13508","881"
"77221.650","84499","28157","12169","525","-523","-613","-683","562","3741105","-12194969","15140","29545","-1187","13362","846"
"77222.650","84461","28130","12155","486","-488","-301","-642","563","3741021","-12194869","15182","29520","-716","13351","838"
"77223.650","84425","28096","12215","418","-388","-181","-751","552","3740938","-12194767","15219","29488","-452","13368","839"
"77224.650","84390","28105","12097","441","-457","50","-606","557","3740856","-12194664","15254","29501","-307","13357","858"
"77225.650","84429","28103","12097","442","-405","422","-836","556","3740775","-12194561","15287","29495","-66","13360","650"
"77226.650","84389","28116","12037","451","-447","519","-549","555","3740695","-12194458","15320","29513","109","13375","610"
"77227.650","84377","28120","11957","488","-489","42","-561","561","3740616","-12194355","15349","29518","-16","13373","613"
"77228.650","84369","28137","11820","611","-517","-242","-554","568","3740536","-12194254","15371","29537","-45","13385","627"
"77229.650","84400","28142","11872","536","-501","109","-664","563","3740458","-12194153","15385","29539","-56","13411","568"
"77230.650","84420","28148","11796","592","-531","-74","-657","568","3740379","-12194049","15384","29543","-131","13367","560"
"77231.650","84424","28155","11779","621","-513","27","-779","569","3740300","-12193946","15367","29551","-325","13384","569"
"77232.650","84405","28143","11837","518","-516","138","-736","562","3740221","-12193846","15337","29540","-188","13341","660"
"77233.650","84409","28137","11837","484","-503","-184","-604","562","3740141","-12193744","15295","29534","-52","13353","739"
"77234.650","84428","28134","11768","552","-473","-1","-585","566","3740062","-12193644","15264","29528","130","13385","779"
"77235.650","84435","28125","11818","461","-434","306","-522","556","3739983","-12193541","15241","29518","94","13434","771"
"77236.650","84456","28115","11814","466","-372","421","-524","557","3739903","-12193441","15220","29505","47","13394","766"
"77237.650","84435","28123","11743","496","-383","436","-570","556","3739822","-12193342","15192","29516","2","13438","751"
"77238.650","84402","28133","11659","500","-440","554","-800","560","3739741","-12193244","15162","29529","-51","13407","782"
"77239.650","84404","28135","11643","493","-402","669","-817","557","3739662","-12193145","15151","29531","91","13408","753"
"77240.650","84394","28141","11546","536","-432","271","-742","563","3739583","-12193047","15153","29538","92","13453","753"
"77241.650","84394","28135","11514","480","-474","250","-480","562","3739505","-12192949","15163","29533","-95","13438","739"
"77242.650","84387","28139","11469","496","-463","-388","-647","561","3739428","-12192849","15177","29537","-106","13383","737"
"77243.650","84348","28149","11387","563","-478","64","-605","564","3739351","-12192752","15184","29552","23","13430","770"
"77244.650","84355","28159","11366","580","-526","-289","-777","567","3739274","-12192655","15189","29562","-163","13438","846"
"77245.650","84248","28154","11443","537","-563","-615","-510","567","3739196","-12192559","15196","29567","-124","13414","1037"
"77246.650","84112","28126","11676","446","-483","-310","-643","562","3739120","-12192460","15206","29551","-172","13423","1286"
"77247.650","84065","28090","11830","358","-478","-158","-593","555","3739043","-12192361","15229","29519","-97","13378","1430"
"77248.650","83939","28081","11820","414","-501","-44","-693","557","3738967","-12192263","15274","29522","-200","13389","1639"
"77249.650","83769","28076","11804","409","-564","-54","-658","563","3738890","-12192165","15347","29534","-98","13377","1825"
"77250.650","83588","28069","11741","465","-567","145","-614","568","3738815","-12192067","15438","29544","43","13364","1989"
"77251.650","83398","28063","11595","609","-590","70","-482","570","3738740","-12191969","15561","29557","-191","13398","2099"
"77252.650","83102","28042","11515","590","-656","-119","-672","573","3738665","-12191867","15735","29565","-169","13345","2274"
"77253.650","82870","28024","11405","649","-641","0","-627","572","3738590","-12191767","15970","29570","-76","13342","2322"
"77254.650","82592","28002","11225","787","-650","-176","-654","578","3738516","-12191671","16253","29575","79","13399","2410"
"77255.650","82282","27981","11062","883","-652","50","-723","581","3738442","-12191574","16581","29584","60","13439","2432"
"77256.650","82011","27952","10987","887","-629","47","-574","581","3738367","-12191481","16952","29582","9","13422","2401"
"77257.650","81735","27931","10876","930","-632","-7","-813","582","3738288","-12191385","17512","29587","80","13430","2294"
"77258.650","81431","27912","10747","1005","-643","98","-701","584","3738213","-12191291","17882","29599","38","13459","2227"
"77259.650","81176","27907","10648","1053","-667","113","-990","586","3738140","-12191199","18246","29620","22","13499","2090"
"77260.650","80908","27904","10585","1104","-661","199","-836","587","3738068","-12191105","18565","29645","99","13522","1998"
"77261.650","80668","27894","10551","1133","-657","305","-750","588","3737994","-12191014","18858","29660","-6","13542","1921"
"77262.650","80474","27885","10582","1112","-640","269","-737","586","3737921","-12190921","19126","29670","6","13547","1765"
"77263.650","80285","27868","10628","1103","-614","275","-756","586","3737846","-12190829","19361","29672","-46","13546","1666"
"77264.650","80124","27862","10662","1112","-616","256","-834","586","3737773","-12190736","19561","29683","-30","13542","1560"
"77265.650","79979","27857","10730","1102","-604","319","-820","585","3737698","-12190641","19728","29693","1","13537","1487"
"77266.650","79845","27847","10801","1111","-584","377","-891","585","3737624","-12190546","19868","29696","1","13546","1442"
"77267.650","79721","27838","10874","1113","-580","339","-820","585","3737549","-12190451","19988","29700","-279","13543","1413"
"77268.650","79602","27825","10979","1097","-560","233","-947","585","3737473","-12190354","20100","29699","-426","13488","1351"
"77269.650","79482","27813","11051","1093","-570","261","-781","585","3737397","-12190255","20206","29699","-370","13437","1343"
"77270.650","79368","27804","11141","1091","-559","205","-684","584","3737322","-12190158","20310","29701","-439","13427","1324"
"77271.650","79254","27794","11248","1067","-549","211","-717","584","3737245","-12190058","20411","29703","-395","13381","1302"
"77272.650","79137","27785","11362","1036","-534","181","-945","582","3737168","-12189957","20517","29706","-299","13356","1292"
"77273.650","79025","27775","11467","1021","-517","218","-778","581","3737091","-12189856","20624","29708","-183","13360","1285"
"77274.650","78917","27768","11586","992","-493","267","-923","580","3737014","-12189754","20731","29712","-108","13358","1266"
"77275.650","78809","27767","11712","942","-480","286","-656","577","3736937","-12189650","20839","29722","-180","13348","1263"
"77276.650","78700","27766","11819","925","-459","327","-662","577","3736858","-12189545","20949","29732","-135","13347","1248"
"77277.650","78593","27767","11909","923","-447","387","-856","576","3736781","-12189440","21061","29745","-26","13359","1242"
"77278.650","78479","27765","11978","917","-470","337","-863","576","3736702","-12189334","21175","29756","-76","13343","1234"
"77279.650","78361","27758","12046","918","-483","334","-627","576","3736623","-12189226","21290","29761","-45","13331","1234"
"77280.650","78252","27749","12127","910","-486","367","-723","576","3736544","-12189120","21406","29764","-6","13343","1227"
"77281.650","78142","27741","12191","914","-499","347","-911","576","3736463","-12189012","21523","29767","-38","13338","1224"
"77282.650","78026","27734","12256","918","-512","309","-894","578","3736383","-12188904","21642","29772","-100","13324","1223"
"77283.650","77912","27728","12329","898","-535","281","-589","576","3736303","-12188795","21762","29777","-110","13310","1219"
"77284.650","77796","27720","12425","863","-540","204","-632","575","3736221","-12188684","21883","29781","-67","13306","1219"
"77285.650","77675","27712","12514","839","-536","196","-642","575","3736139","-12188575","22006","29786","-10","13301","1232"
"77286.650","77567","27702","12601","796","-554","134","-699","574","3736057","-12188462","22131","29787","4","13310","1231"
"77287.650","77450","27692","12655","837","-528","203","-685","574","3735975","-12188352","22258","29790","17","13301","1218"
"77288.650","77336","27683","12718","876","-494","286","-818","575","3735892","-12188239","22388","29792","-3","13310","1174"
"77289.650","77218","27672","12781","873","-513","302","-1045","575","3735808","-12188127","22518","29794","-20","13307","1146"
"77290.650","77104","27662","12856","881","-505","320","-869","575","3735724","-12188011","22644","29796","-72","13302","1123"
"77291.650","76995","27652","12938","876","-507","339","-862","575","3735639","-12187899","22768","29796","-107","13297","1099"
"77292.650","76888","27641","13018","873","-509","366","-792","575","3735555","-12187786","22888","29797","-94","13288","1077"
"77293.650","76784","27631","13095","876","-512","346","-907","575","3735470","-12187670","23004","29797","-64","13293","1068"
"77294.650","76678","27625","13163","880","-530","336","-854","575","3735384","-12187552","23118","29803","-26","13294","1063"
"77295.650","76578","27622","13244","854","-557","302","-902","575","3735297","-12187437","23229","29811","-50","13279","1052"
"77296.650","76476","27619","13339","829","-565","265","-1043","574","3735211","-12187319","23339","29819","-93","13271","1052"
"77297.650","76374","27626","13443","789","-572","285","-637","573","3735123","-12187202","23450","29837","-77","13251","1046"
"77298.650","76271","27633","13531","784","-563","339","-887","572","3735036","-12187081","23560","29857","-60","13241","1041"
"77299.650","76165","27630","13589","815","-557","399","-932","573","3734947","-12186962","23672","29865","-42","13243","1036"
"77300.650","76059","27624","13658","827","-555","430","-749","574","3734859","-12186843","23785","29870","-3","13254","1032"
"77301.650","75954","27620","13715","842","-565","444","-883","574","3734770","-12186721","23899","29878","27","13267","1026"
"77302.650","75841","27618","13779","846","-579","441","-735","575","3734680","-12186600","24013","29889","52","13274","1028"
"77303.650","75728","27614","13851","860","-565","420","-852","575","3734589","-12186477","24129","29897","5","13276","1037"
"77304.650","75621","27610","13913","880","-558","338","-926","576","3734499","-12186355","24246","29905","-93","13282","1036"
"77305.650","75507","27608","13969","898","-560","242","-845","576","3734408","-12186232","24366","29915","-174","13270","1035"
"77306.650","75395","27613","14028","922","-548","133","-712","577","3734316","-12186107","24487","29933","-247","13269","1029"
"77307.650","75285","27610","14100","912","-556","95","-753","576","3734224","-12185984","24608","29943","-212","13249","1013"
"77308.650","75176","27601","14175","903","-553","101","-841","576","3734132","-12185859","24729","29946","-144","13235","1007"
"77309.650","75065","27592","14244","898","-556","131","-1108","576","3734041","-12185732","24849","29949","-78","13247","1012"
"77310.650","74960","27583","14306","898","-563","140","-954","576","3733947","-12185605","24969","29951","-31","13247","1016"
"77311.650","74850","27572","14369","909","-554","43","-767","576","3733855","-12185478","25090","29951","-244","13232","1023"
"77312.650","74731","27562","14414","922","-566","-98","-785","577","3733762","-12185351","25214","29954","-317","13202","1028"
"77313.650","74612","27553","14455","935","-580","-174","-875","577","3733669","-12185221","25339","29957","-254","13193","1042"
"77314.650","74494","27542","14502","942","-587","-145","-760","578","3733575","-12185091","25466","29960","-168","13185","1049"
"77315.650","74372","27534","14544","964","-582","-76","-961","578","3733481","-12184961","25595","29964","-104","13188","1045"
"77316.650","74256","27529","14583","975","-594","49","-861","579","3733388","-12184829","25729","29972","-107","13190","1034"
"77317.650","74134","27524","14624","984","-606","90","-923","579","3733294","-12184700","25865","29981","-174","13183","1023"
"77318.650","74011","27516","14681","974","-617","82","-809","579","3733200","-12184565","26000","29987","-128","13175","1008"
"77319.650","73899","27510","14737","975","-619","-69","-860","579","3733105","-12184433","26134","29993","-172","13166","1004"
"77320.650","73781","27510","14801","970","-618","-253","-724","579","3733011","-12184300","26267","30007","-193","13155","1004"
"77321.650","73646","27510","14907","921","-593","-298","-757","577","3732916","-12184165","26398","30022","-182","13129","1037"
"77322.650","73501","27511","15009","884","-545","-210","-783","574","3732821","-12184030","26531","30040","-187","13125","1117"
"77323.650","73361","27507","15065","859","-535","-43","-842","573","3732726","-12183895","26666","30053","-138","13109","1153"
"77324.650","73211","27500","15099","847","-530","98","-821","573","3732630","-12183761","26805","30062","-111","13113","1205"
"77325.650","73052","27493","15122","807","-564","237","-622","572","3732535","-12183625","26954","30074","-54","13101","1243"
"77326.650","72881","27482","15141","789","-569","266","-863","571","3732438","-12183490","27115","30082","-28","13089","1258"
"77327.650","72708","27473","15172","746","-583","190","-768","570","3732343","-12183352","27294","30093","-29","13091","1258"
"77328.650","72532","27463","15212","722","-559","81","-786","568","3732248","-12183217","27479","30102","-70","13076","1260"
"77329.650","72346","27449","15245","702","-542","-31","-967","567","3732152","-12183081","27673","30108","-245","13066","1258"
"77330.650","72159","27446","15229","699","-579","-107","-975","568","3732056","-12182946","27878","30127","-258","13028","1256"
"77331.650","71976","27437","15182","739","-609","-105","-857","570","3731962","-12182809","28092","30140","-229","13021","1262"
"77332.650","71799","27423","15166","756","-620","-46","-742","571","3731868","-12182671","28315","30146","-176","13020","1254"
"77333.650","71619","27412","15135","797","-627","10","-793","573","3731778","-12182533","28556","30155","-118","13016","1248"
"77334.650","71439","27400","15121","834","-616","119","-893","573","3731685","-12182395","28781","30164","14","13045","1229"
"77335.650","71272","27399","15055","883","-673","326","-839","576","3731592","-12182257","28993","30182","423","13081","1228"
"77336.650","71102","27394","15007","925","-713","440","-915","578","3731497","-12182122","29199","30198","486","13118","1223"
"77337.650","70938","27378","15012","930","-722","444","-841","579","3731403","-12181983","29402","30200","504","13160","1197"
"77338.650","70773","27363","15027","915","-744","408","-918","579","3731307","-12181847","29603","30203","525","13182","1178"
"77339.650","70612","27351","15030","933","-748","459","-953","579","3731210","-12181712","29801","30210","525","13214","1157"
"77340.650","70457","27340","15017","970","-762","484","-834","580","3731114","-12181575","29992","30217","514","13259","1152"
"77341.650","70303","27330","15021","993","-769","443","-873","581","3731015","-12181440","30177","30225","516","13288","1136"
"77342.650","70151","27318","15031","1019","-767","464","-971","582","3730917","-12181305","30353","30230","492","13332","1125"
"77343.650","70007","27309","15039","1048","-767","532","-813","583","3730818","-12181172","30523","30238","486","13366","1109"
"77344.650","69867","27309","15065","1063","-759","556","-877","583","3730719","-12181037","30688","30255","450","13406","1093"
"77345.650","69730","27312","15086","1089","-750","565","-909","583","3730618","-12180905","30849","30275","377","13434","1080"
"77346.650","69589","27310","15094","1123","-753","510","-816","584","3730517","-12180772","31007","30290","275","13461","1071"
"77347.650","69454","27306","15114","1141","-758","521","-827","585","3730415","-12180640","31162","30303","253","13480","1068"
"77348.650","69328","27302","15132","1165","-760","513","-794","585","3730312","-12180507","31310","30314","246","13503","1042"
"77349.650","69201","27294","15159","1184","-760","471","-871","586","3730209","-12180375","31460","30321","115","13509","1009"
"77350.650","69077","27286","15191","1199","-764","350","-882","586","3730106","-12180242","31609","30328","-223","13495","987"
"77351.650","68957","27278","15218","1219","-777","222","-940","587","3730002","-12180107","31755","30334","-521","13452","967"
"77352.650","68843","27270","15246","1239","-786","170","-800","587","3729897","-12179976","31896","30340","-527","13417","952"
"77353.650","68732","27264","15296","1244","-782","131","-777","587","3729793","-12179840","32031","30347","-490","13394","941"
"77354.650","68626","27257","15344","1261","-772","161","-1119","588","3729689","-12179703","32159","30352","-459","13376","926"
"77355.650","68524","27252","15406","1277","-743","133","-911","587","3729585","-12179567","32279","30360","-431","13367","906"
"77356.650","68422","27245","15479","1286","-712","94","-905","587","3729481","-12179431","32394","30365","-397","13361","893"
"77357.650","68322","27239","15526","1296","-713","51","-831","587","3729378","-12179290","32506","30371","-353","13339","904"
"77358.650","68225","27232","15586","1303","-697","42","-770","587","3729274","-12179151","32616","30376","-329","13332","903"
"77359.650","68129","27225","15641","1301","-698","55","-694","587","3729170","-12179010","32727","30380","-266","13323","897"
"77360.650","68029","27215","15700","1293","-696","17","-951","587","3729067","-12178870","32839","30381","-207","13306","902"
"77361.650","67930","27206","15751","1302","-688","21","-857","587","3728963","-12178727","32952","30384","-174","13308","904"
"77362.650","67828","27199","15792","1304","-699","86","-778","587","3728860","-12178583","33067","30390","-144","13298","897"
"77363.650","67727","27193","15826","1321","-704","70","-893","588","3728756","-12178440","33183","30396","-129","13299","893"
"77364.650","67625","27184","15871","1325","-709","104","-914","588","3728652","-12178297","33300","30398","-111","13293","890"
"77365.650","67528","27174","15921","1323","-710","136","-904","588","3728547","-12178153","33417","30400","-107","13292","886"
"77366.650","67428","27164","15980","1306","-717","80","-705","587","3728443","-12178008","33533","30402","-90","13286","903"
"77367.650","67322","27155","16025","1298","-725","40","-812","587","3728337","-12177862","33651","30405","-89","13270","927"
"77368.650","67216","27148","16067","1317","-703","38","-872","587","3728233","-12177716","33771","30411","-126","13279","934"
"77369.650","67107","27134","16121","1297","-703","62","-880","587","3728127","-12177571","33895","30409","-126","13268","931"
"77370.650","66997","27120","16164","1292","-702","82","-761","587","3728022","-12177423","34022","30408","-132","13260","927"
"77371.650","66889","27107","16204","1293","-702","64","-788","587","3727916","-12177278","34151","30407","-145","13256","911"
"77372.650","66785","27098","16244","1295","-700","74","-814","587","3727811","-12177128","34284","30411","-135","13242","899"
"77373.650","66680","27091","16303","1271","-704","1","-758","586","3727704","-12176982","34414","30416","-142","13239","885"
"77374.650","66574","27080","16354","1258","-708","-62","-905","586","3727599","-12176834","34542","30418","-129","13216","870"
"77375.650","66475","27072","16388","1270","-710","-36","-853","586","3727493","-12176683","34667","30422","-149","13222","855"
"77376.650","66378","27065","16430","1282","-706","-2","-955","586","3727387","-12176535","34790","30427","-136","13216","841"
"77377.650","66285","27061","16472","1295","-701","51","-871","586","3727280","-12176384","34910","30435","-138","13216","828"
"77378.650","66193","27053","16520","1305","-694","18","-832","586","3727173","-12176232","35026","30438","-157","13210","819"
"77379.650","66104","27049","16549","1335","-691","-8","-781","587","3727067","-12176081","35139","30445","-167","13209","819"
"77380.650","66015","27043","16588","1354","-689","1","-861","588","3726959","-12175931","35248","30450","-138","13214","812"
"77381.650","65924","27034","16634","1366","-680","53","-883","588","3726852","-12175778","35357","30452","-99","13214","807"
"77382.650","65838","27026","16678","1380","-675","67","-750","588","3726745","-12175625","35465","30455","-81","13217","803"
"77383.650","65746","27019","16722","1392","-671","80","-830","588","3726637","-12175472","35572","30458","-72","13219","801"
"77384.650","65659","27013","16767","1415","-656","82","-805","589","3726529","-12175318","35679","30463","-54","13225","738"
"77385.650","65580","27008","16813","1444","-646","69","-935","589","3726421","-12175163","35783","30468","-32","13233","695"
"77386.650","65513","27003","16869","1439","-668","-6","-686","589","3726313","-12175009","35882","30471","-9","13237","680"
"77387.650","65445","26998","16920","1445","-677","4","-795","590","3726204","-12174852","35973","30474","-45","13240","722"
"77388.650","65374","26993","16972","1461","-670","-3","-766","590","3726095","-12174696","36052","30478","-92","13238","737"
"77389.650","65298","26991","17007","1472","-689","10","-799","590","3725985","-12174540","36134","30486","-139","13226","746"
"77390.650","65220","26987","17057","1471","-697","5","-981","590","3725875","-12174382","36221","30492","-189","13210","749"
"77391.650","65141","26978","17121","1468","-680","-4","-797","590","3725765","-12174224","36312","30492","-232","13202","769"
"77392.650","65063","26974","17170","1481","-667","-39","-772","590","3725654","-12174066","36406","30499","-254","13196","757"
"77393.650","64977","26974","17223","1497","-642","-55","-719","590","3725543","-12173908","36504","30510","-263","13185","759"
"77394.650","64895","26970","17274","1505","-625","-31","-803","590","3725433","-12173747","36605","30516","-328","13183","777"
"77395.650","64814","26963","17325","1502","-619","-88","-844","590","3725323","-12173587","36706","30520","-680","13133","797"
"77396.650","64719","26955","17354","1521","-613","-279","-866","590","3725212","-12173426","36811","30523","-1153","13062","821"
"77397.650","64615","26946","17373","1541","-613","-349","-778","591","3725103","-12173263","36922","30527","-1386","12972","833"
"77398.650","64512","26936","17400","1555","-602","-380","-1002","591","3724995","-12173098","37043","30530","-1450","12890","846"
"77399.650","64406","26925","17437","1549","-594","-356","-987","591","3724888","-12172931","37172","30532","-1479","12807","852"
"77400.650","64298","26914","17464","1545","-597","-356","-797","590","3724783","-12172764","37302","30533","-1512","12717","860"
"77401.650","64189","26903","17476","1555","-600","-377","-728","591","3724680","-12172593","37433","30536","-1552","12630","870"
"77402.650","64074","26893","17488","1567","-601","-399","-734","591","3724578","-12172422","37568","30540","-1597","12545","872"
"77403.650","63963","26882","17496","1575","-611","-419","-764","591","3724478","-12172247","37705","30543","-1617","12445","878"
"77404.650","63851","26873","17499","1597","-608","-440","-688","592","3724380","-12172071","37845","30548","-1667","12362","878"
"77405.650","63735","26867","17500","1613","-615","-439","-698","592","3724284","-12171893","37985","30557","-1692","12265","887"
"77406.650","63620","26858","17515","1623","-604","-403","-914","592","3724189","-12171713","38128","30562","-1733","12174","892"
"77407.650","63503","26846","17529","1625","-604","-384","-737","592","3724097","-12171529","38273","30565","-1760","12073","894"
"77408.650","63383","26838","17530","1642","-605","-446","-958","593","3724006","-12171347","38420","30572","-1781","11977","889"
"77409.650","63264","26826","17547","1641","-603","-502","-851","592","3723919","-12171159","38566","30575","-1797","11878","896"
"77410.650","63146","26814","17561","1641","-605","-549","-767","592","3723832","-12170972","38713","30578","-1810","11779","892"
"77411.650","63027","26811","17564","1648","-616","-555","-916","593","3723749","-12170784","38860","30591","-1815","11673","895"
"77412.650","62916","26801","17572","1656","-614","-522","-761","593","3723667","-12170591","39007","30595","-1836","11576","892"
"77413.650","62799","26793","17593","1655","-601","-561","-920","593","3723588","-12170398","39154","30601","-1845","11477","888"
"77414.650","62683","26785","17619","1646","-593","-492","-814","592","3723511","-12170203","39299","30609","-1855","11379","886"
"77415.650","62568","26782","17642","1641","-580","-523","-694","592","3723437","-12170005","39443","30622","-1874","11275","886"
"77416.650","62454","26778","17675","1630","-557","-496","-812","591","3723365","-12169807","39588","30633","-1890","11178","882"
"77417.650","62342","26771","17691","1622","-567","-488","-794","591","3723296","-12169608","39733","30641","-1894","11068","878"
"77418.650","62229","26767","17705","1625","-557","-484","-714","591","3723230","-12169407","39877","30652","-1907","10967","878"
"77419.650","62115","26764","17723","1627","-538","-479","-772","591","3723165","-12169203","40021","30664","-1903","10874","867"
"77420.650","62004","26754","17761","1598","-551","-337","-1286","590","3723104","-12168998","40164","30669","-1381","10806","853"
"77421.650","61894","26746","17769","1590","-589","-219","-776","590","3723045","-12168793","40303","30676","-1114","10749","901"
"77422.650","61783","26736","17783","1585","-594","-167","-800","590","3722988","-12168587","40445","30680","-979","10697","927"
"77423.650","61662","26730","17792","1577","-604","-97","-867","590","3722933","-12168379","40593","30690","-957","10644","944"
"77424.650","61535","26725","17806","1557","-637","-63","-885","590","3722879","-12168170","40749","30702","-960","10574","953"
"77425.650","61403","26723","17811","1548","-654","-76","-802","590","3722827","-12167961","40912","30719","-994","10514","963"
"77426.650","61273","26728","17815","1535","-686","-125","-817","590","3722777","-12167752","41080","30742","-939","10453","966"
"77427.650","61147","26720","17798","1547","-701","-108","-835","590","3722727","-12167543","41251","30752","-917","10399","969"
"77428.650","61011","26715","17796","1552","-681","-64","-753","590","3722679","-12167333","41423","30766","-863","10366","973"
"77429.650","60878","26706","17811","1529","-704","98","-743","590","3722632","-12167121","41597","30774","-520","10337","954"
"77430.650","60750","26693","17803","1533","-718","256","-723","589","3722587","-12166912","41769","30778","-258","10331","934"
"77431.650","60619","26680","17797","1544","-720","328","-685","590","3722542","-12166699","41939","30782","-218","10330","911"
"77432.650","60495","26667","17803","1549","-714","340","-837","590","3722497","-12166489","42107","30785","-211","10322","891"
"77433.650","60381","26654","17810","1556","-707","328","-709","590","3722453","-12166277","42271","30787","-226","10317","881"
"77434.650","60265","26642","17813","1568","-707","326","-872","590","3722408","-12166064","42432","30790","-239","10304","867"
"77435.650","60156","26631","17816","1581","-704","324","-809","591","3722364","-12165853","42588","30793","-282","10296","866"
"77436.650","60049","26620","17822","1590","-711","327","-738","591","3722320","-12165640","42739","30796","-330","10280","863"
"77437.650","59943","26610","17832","1597","-712","337","-854","591","3722277","-12165428","42884","30800","-358","10256","861"
"77438.650","59833","26601","17840","1604","-710","417","-683","591","3722234","-12165214","43023","30805","-397","10241","864"
"77439.650","59730","26594","17866","1598","-690","454","-841","590","3722192","-12165001","43158","30813","-417","10223","858"
"77440.650","59626","26584","17884","1593","-710","387","-802","590","3722150","-12164787","43295","30817","-430","10202","858"
"77441.650","59515","26573","17912","1576","-728","380","-635","590","3722109","-12164573","43432","30820","-436","10162","857"
"77442.650","59407","26564","17931","1577","-706","275","-741","590","3722068","-12164359","43571","30825","-471","10153","854"
"77443.650","59301","26558","17944","1580","-709","247","-672","590","3722028","-12164144","43709","30834","-472","10126","839"
"77444.650","59196","26552","17962","1587","-683","212","-726","590","3721988","-12163929","43845","30843","-490","10110","825"
"77445.650","59093","26544","17979","1595","-652","223","-694","590","3721949","-12163714","43983","30848","-508","10096","821"
"77446.650","58992","26535","18004","1593","-632","232","-603","590","3721911","-12163498","44117","30854","-517","10078","823"
"77447.650","58891","26525","18029","1594","-606","225","-724","589","3721873","-12163282","44249","30857","-527","10058","813"
"77448.650","58791","26515","18053","1590","-607","221","-872","589","3721835","-12163065","44380","30861","-537","10032","816"
"77449.650","58697","26507","18068","1596","-606","144","-575","589","3721799","-12162850","44510","30866","-547","10004","810"
"77450.650","58603","26499","18091","1595","-597","76","-823","589","3721764","-12162632","44639","30870","-554","9979","801"
"77451.650","58509","26491","18117","1595","-576","147","-706","589","3721729","-12162414","44766","30875","-558","9961","787"
"77452.650","58417","26491","18144","1600","-533","128","-639","588","3721694","-12162195","44892","30888","-543","9950","761"
"77453.650","58330","26488","18151","1625","-508","130","-669","589","3721660","-12161977","45014","30898","-381","9945","736"
"77454.650","58253","26492","18173","1634","-510","243","-689","589","3721627","-12161757","45133","30915","-262","9940","713"
"77455.650","58175","26502","18204","1636","-530","322","-791","589","3721594","-12161538","45248","30939","-214","9929","684"
"77456.650","58106","26502","18221","1657","-533","230","-692","590","3721562","-12161319","45357","30949","-186","9922","663"
"77457.650","58040","26496","18253","1668","-532","303","-663","590","3721529","-12161097","45458","30952","-66","9928","641"
"77458.650","57981","26490","18302","1665","-536","288","-742","590","3721497","-12160875","45551","30954","1","9926","626"
"77459.650","57927","26484","18352","1660","-540","261","-716","589","3721464","-12160654","45634","30955","-5","9932","619"
"77460.650","57878","26478","18416","1644","-535","224","-852","589","3721432","-12160432","45707","30956","-40","9929","622"
"77461.650","57819","26473","18483","1622","-533","183","-737","589","3721401","-12160209","45773","30958","-95","9929","653"
"77462.650","57762","26462","18546","1595","-539","166","-667","588","3721369","-12159983","45834","30955","-154","9918","694"
"77463.650","57692","26452","18604","1574","-498","142","-665","587","3721338","-12159761","45904","30954","-229","9913","719"
"77464.650","57614","26443","18664","1544","-491","157","-742","586","3721307","-12159537","45977","30955","-268","9903","711"
"77465.650","57534","26431","18708","1528","-485","72","-756","586","3721275","-12159312","46061","30953","-281","9888","715"
"77466.650","57458","26425","18744","1517","-490","131","-711","585","3721244","-12159088","46151","30958","-143","9888","697"
"77467.650","57385","26422","18778","1508","-505","166","-666","585","3721212","-12158863","46247","30965","-74","9884","692"
"77468.650","57307","26416","18819","1496","-502","239","-583","585","3721183","-12158635","46354","30970","-71","9886","682"
"77469.650","57233","26405","18862","1480","-511","280","-569","585","3721154","-12158409","46461","30969","-68","9880","672"
"77470.650","57161","26401","18886","1486","-517","353","-666","585","3721125","-12158182","46560","30976","24","9887","652"
"77471.650","57095","26400","18909","1498","-510","327","-789","585","3721095","-12157954","46655","30985","110","9895","639"
"77472.650","57031","26400","18934","1507","-519","360","-568","585","3721065","-12157727","46749","30995","121","9908","625"
"77473.650","56970","26406","18957","1521","-514","354","-811","585","3721035","-12157499","46845","31011","122","9910","633"
"77474.650","56915","26408","18992","1521","-516","297","-725","585","3721005","-12157270","46935","31022","95","9919","630"
"77475.650","56859","26409","19024","1523","-525","210","-716","585","3720974","-12157040","47019","31032","82","9920","645"
"77476.650","56795","26412","19062","1516","-514","215","-641","585","3720943","-12156813","47099","31045","60","9928","674"
"77477.650","56722","26419","19105","1503","-498","271","-594","584","3720912","-12156583","47183","31065","39","9934","682"
"77478.650","56649","26420","19129","1501","-480","271","-751","584","3720880","-12156354","47268","31078","14","9942","750"
"77479.650","56570","26416","19158","1493","-435","254","-668","584","3720848","-12156124","47358","31086","-14","9957","748"
"77480.650","56477","26415","19170","1493","-433","313","-580","584","3720816","-12155895","47454","31099","-12","9955","757"
"77481.650","56383","26417","19182","1493","-408","366","-542","583","3720784","-12155665","47559","31117","-25","9969","770"
"77482.650","56293","26419","19202","1488","-375","259","-646","583","3720752","-12155435","47674","31133","-27","9974","776"
"77483.650","56199","26414","19189","1514","-332","326","-542","583","3720719","-12155208","47804","31141","-40","9983","786"
"77484.650","56102","26409","19162","1546","-339","293","-770","584","3720686","-12154978","47952","31151","-31","9984","798"
"77485.650","56005","26403","19130","1583","-333","278","-547","585","3720653","-12154748","48094","31159","-43","9982","805"
"77486.650","55901","26401","19102","1616","-321","399","-749","586","3720620","-12154518","48240","31173","-43","9986","795"
"77487.650","55803","26400","19108","1610","-346","339","-890","586","3720587","-12154289","48389","31189","-44","9987","791"
"77488.650","55705","26392","19128","1590","-374","279","-690","585","3720554","-12154058","48539","31194","-46","9975","778"
"77489.650","55611","26388","19118","1609","-366","172","-825","586","3720521","-12153829","48678","31205","-64","9970","766"
"77490.650","55521","26382","19120","1618","-359","180","-627","586","3720488","-12153600","48815","31212","-70","9971","750"
"77491.650","55439","26377","19141","1604","-380","214","-665","586","3720455","-12153369","48950","31219","-75","9962","730"
"77492.650","55356","26371","19146","1613","-389","176","-692","586","3720422","-12153140","49084","31226","-76","9957","701"
"77493.650","55280","26366","19148","1629","-403","350","-513","586","3720389","-12152909","49213","31232","210","9975","659"
"77494.650","55218","26363","19158","1642","-409","286","-703","586","3720355","-12152678","49332","31238","259","9997","658"
"77495.650","55154","26356","19183","1643","-405","288","-602","587","3720322","-12152449","49441","31241","246","10019","667"
"77496.650","55087","26353","19201","1656","-367","260","-546","586","3720288","-12152216","49540","31247","223","10032","685"
"77497.650","55016","26351","19233","1646","-350","288","-774","586","3720254","-12151985","49631","31256","179","10054","702"
"77498.650","54939","26345","19262","1636","-332","374","-759","586","3720219","-12151755","49720","31262","144","10061","730"
"77499.650","54859","26338","19266","1640","-347","304","-691","586","3720185","-12151524","49818","31267","98","10073","776"
"77500.650","54771","26327","19268","1639","-357","300","-840","586","3720150","-12151291","49921","31268","63","10066","813"
"77501.650","54667","26316","19256","1644","-374","323","-547","586","3720115","-12151062","50029","31272","3","10068","865"
"77502.650","54559","26305","19254","1636","-353","407","-851","585","3720080","-12150831","50148","31276","-55","10067","900"
"77503.650","54441","26291","19254","1620","-349","385","-677","585","3720045","-12150600","50283","31279","-107","10064","924"
"77504.650","54311","26277","19250","1597","-375","468","-627","585","3720010","-12150370","50436","31284","-148","10046","948"
"77505.650","54176","26265","19222","1599","-375","514","-524","585","3719976","-12150140","50605","31292","-204","10040","980"
"77506.650","54038","26250","19188","1604","-377","534","-509","585","3719941","-12149910","50789","31297","-244","10025","990"
"77507.650","53897","26235","19168","1591","-382","636","-813","584","3719906","-12149681","50989","31302","24","10029","999"
"77508.650","53756","26217","19122","1604","-376","696","-627","584","3719871","-12149451","51204","31305","220","10059","1024"
"77509.650","53612","26205","19071","1618","-386","739","-659","585","3719836","-12149224","51431","31314","257","10071","1034"
"77510.650","53464","26189","19041","1617","-357","849","-647","584","3719801","-12148994","51659","31320","242","10095","1035"
"77511.650","53317","26178","18997","1627","-351","838","-518","585","3719765","-12148767","51887","31332","238","10104","1039"
"77512.650","53169","26164","18955","1632","-353","844","-561","584","3719729","-12148540","52115","31339","212","10121","1049"
"77513.650","53022","26147","18927","1625","-349","859","-580","585","3719693","-12148314","52341","31344","206","10125","1047"
"77514.650","52875","26133","18883","1623","-392","996","-618","585","3719657","-12148087","52562","31351","196","10133","1039"
"77515.650","52730","26118","18841","1630","-402","1070","-672","585","3719621","-12147861","52781","31358","205","10137","1022"
"77516.650","52587","26101","18822","1615","-413","1090","-756","584","3719584","-12147636","52996","31362","208","10142","1007"
"77517.650","52451","26087","18814","1596","-410","1057","-612","584","3719547","-12147412","53209","31368","215","10158","995"
"77518.650","52318","26071","18826","1561","-399","981","-751","583","3719509","-12147187","53420","31372","300","10166","962"
"77519.650","52189","26056","18812","1553","-403","1087","-598","583","3719471","-12146962","53627","31375","599","10210","923"
"77520.650","52073","26043","18781","1564","-431","1144","-575","583","3719432","-12146739","53828","31380","652","10237","915"
"77521.650","51954","26030","18759","1564","-477","1174","-680","583","3719393","-12146516","54020","31386","638","10266","903"
"77522.650","51844","26019","18766","1543","-492","1099","-656","583","3719352","-12146294","54199","31391","634","10288","896"
"77523.650","51735","26005","18781","1532","-430","1082","-600","582","3719312","-12146070","54363","31393","596","10332","873"
"77524.650","51626","25996","18796","1521","-395","990","-621","581","3719269","-12145846","54523","31401","572","10372","851"
"77525.650","51528","25983","18794","1515","-418","989","-565","581","3719227","-12145626","54674","31403","572","10400","850"
"77526.650","51425","25970","18785","1519","-434","1015","-627","581","3719183","-12145402","54820","31405","567","10418","838"
"77527.650","51327","25957","18786","1519","-430","1000","-705","581","3719139","-12145181","54962","31406","536","10454","846"
"77528.650","51231","25946","18782","1524","-422","851","-781","582","3719094","-12144960","55096","31410","489","10481","851"
"77529.650","51131","25934","18779","1529","-405","874","-625","582","3719048","-12144740","55239","31413","359","10507","867"
"77530.650","51032","25923","18769","1533","-411","814","-722","582","3719001","-12144517","55380","31416","39","10497","877"
"77531.650","50923","25908","18768","1526","-424","807","-616","581","3718954","-12144299","55522","31417","-47","10488","882"
"77532.650","50822","25895","18750","1533","-437","747","-519","582","3718906","-12144077","55674","31419","-39","10476","889"
"77533.650","50720","25885","18756","1519","-440","645","-657","581","3718859","-12143857","55826","31425","-33","10483","896"
"77534.650","50613","25873","18778","1486","-441","730","-562","580","3718811","-12143636","55981","31430","7","10475","886"
"77535.650","50512","25864","18792","1466","-436","567","-666","580","3718764","-12143416","56135","31437","40","10480","875"
"77536.650","50410","25851","18783","1470","-430","585","-540","580","3718716","-12143197","56288","31439","-121","10478","866"
"77537.650","50303","25840","18764","1491","-409","615","-642","580","3718669","-12142977","56439","31445","-214","10462","849"
"77538.650","50207","25830","18763","1496","-398","547","-581","580","3718622","-12142756","56591","31450","-239","10461","829"
"77539.650","50120","25823","18767","1491","-417","414","-530","580","3718575","-12142536","56741","31456","-210","10443","803"
"77540.650","50034","25815","18771","1493","-411","450","-632","580","3718527","-12142315","56888","31463","-200","10435","783"
"77541.650","49956","25811","18771","1505","-406","424","-704","580","3718480","-12142095","57024","31472","-204","10428","757"
"77542.650","49880","25814","18800","1498","-372","389","-712","580","3718434","-12141874","57151","31489","-193","10434","753"
"77543.650","49810","25810","18826","1482","-386","375","-645","579","3718387","-12141655","57268","31496","1","10436","737"
"77544.650","49744","25800","18835","1486","-391","347","-838","579","3718341","-12141432","57373","31497","47","10441","729"
"77545.650","49676","25795","18848","1485","-415","364","-761","580","3718295","-12141210","57472","31503","25","10439","728"
"77546.650","49615","25790","18883","1467","-408","374","-677","579","3718249","-12140989","57565","31508","-23","10436","726"
"77547.650","49547","25784","18910","1458","-406","395","-753","579","3718203","-12140767","57656","31513","-72","10434","722"
"77548.650","49483","25779","18926","1465","-381","409","-574","579","3718157","-12140545","57746","31518","-124","10430","714"
"77549.650","49412","25771","18962","1446","-379","463","-927","578","3718110","-12140324","57841","31521","-174","10430","725"
"77550.650","49352","25763","18977","1442","-395","371","-521","578","3718064","-12140101","57938","31522","-216","10408","754"
"77551.650","49283","25758","18986","1439","-416","461","-605","578","3718018","-12139878","58038","31529","-236","10396","742"
"77552.650","49208","25753","19010","1425","-418","445","-577","577","3717973","-12139655","58141","31537","-215","10374","755"
"77553.650","49134","25748","19019","1434","-382","567","-584","578","3717928","-12139431","58247","31544","-216","10383","756"
"77554.650","49062","25744","19001","1461","-390","526","-676","578","3717882","-12139209","58357","31552","-188","10378","773"
"77555.650","48984","25737","18989","1481","-383","567","-599","579","3717838","-12138985","58469","31558","-179","10374","773"
"77556.650","48909","25730","18984","1493","-387","579","-742","579","3717793","-12138761","58583","31563","-178","10363","770"
"77557.650","48831","25722","18980","1506","-377","600","-630","579","3717748","-12138536","58699","31568","-192","10359","770"
"77558.650","48759","25715","18976","1520","-381","571","-983","580","3717704","-12138314","58816","31572","-185","10354","754"
"77559.650","48684","25706","18976","1531","-368","590","-688","579","3717659","-12138089","58932","31575","-162","10350","765"
"77560.650","48607","25698","18981","1541","-342","717","-631","580","3717616","-12137865","59047","31580","-112","10356","759"
"77561.650","48533","25692","18990","1539","-352","745","-675","580","3717572","-12137641","59162","31586","-62","10349","742"
"77562.650","48468","25685","18985","1560","-342","725","-926","580","3717528","-12137416","59275","31590","-31","10363","729"
"77563.650","48398","25677","18994","1566","-338","836","-689","580","3717484","-12137191","59386","31593","49","10365","708"
"77564.650","48333","25669","19008","1571","-332","939","-561","580","3717441","-12136966","59495","31595","96","10381","700"
"77565.650","48273","25662","19017","1582","-334","983","-770","581","3717397","-12136742","59601","31598","151","10390","691"
"77566.650","48209","25653","19034","1581","-347","1071","-548","581","3717353","-12136517","59702","31599","191","10404","688"
"77567.650","48150","25645","19050","1588","-339","1084","-593","581","3717308","-12136291","59799","31600","225","10416","674"
"77568.650","48093","25637","19073","1583","-358","1109","-574","581","3717264","-12136066","59891","31600","251","10431","663"
"77569.650","48036","25627","19099","1580","-357","1118","-734","581","3717218","-12135839","59979","31599","268","10448","669"
"77570.650","47979","25619","19119","1582","-361","1061","-653","581","3717173","-12135613","60064","31600","270","10463","670"
"77571.650","47924","25613","19137","1585","-361","1054","-567","581","3717126","-12135388","60151","31603","262","10475","666"
"77572.650","47866","25605","19163","1582","-360","1109","-683","581","3717079","-12135161","60238","31605","232","10490","657"
"77573.650","47812","25599","19183","1582","-378","1037","-516","581","3717032","-12134936","60324","31607","204","10499","655"
"77574.650","47757","25592","19205","1578","-394","1056","-753","581","3716984","-12134709","60409","31609","176","10508","661"
"77575.650","47698","25585","19230","1579","-378","1105","-560","580","3716937","-12134482","60493","31611","148","10513","658"
"77576.650","47642","25579","19250","1581","-381","1031","-768","581","3716888","-12134257","60579","31615","111","10519","662"
"77577.650","47589","25574","19262","1592","-377","972","-799","581","3716839","-12134030","60664","31618","80","10525","669"
"77578.650","47533","25569","19277","1597","-382","892","-614","581","3716790","-12133803","60750","31623","55","10529","666"
"77579.650","47476","25564","19288","1603","-392","838","-687","581","3716741","-12133576","60838","31628","36","10530","678"
"77580.650","47420","25559","19303","1611","-373","843","-633","581","3716692","-12133348","60927","31632","-110","10522","678"
"77581.650","47360","25553","19317","1611","-388","789","-652","581","3716643","-12133121","61017","31636","-235","10502","690"
"77582.650","47300","25546","19328","1617","-386","848","-548","581","3716593","-12132895","61109","31638","-260","10488","681"
"77583.650","47238","25543","19331","1630","-392","844","-611","582","3716544","-12132667","61201","31648","-271","10475","685"
"77584.650","47186","25540","19341","1630","-415","687","-916","581","3716496","-12132437","61293","31653","-266","10462","696"
"77585.650","47117","25535","19351","1632","-420","804","-622","582","3716447","-12132209","61387","31660","-262","10447","705"
"77586.650","47061","25531","19348","1641","-442","706","-638","582","3716399","-12131981","61483","31666","-251","10435","717"
"77587.650","46999","25527","19361","1641","-441","712","-651","582","3716351","-12131752","61581","31673","-211","10421","697"
"77588.650","46936","25524","19362","1643","-475","698","-494","583","3716304","-12131522","61681","31681","-184","10410","713"
"77589.650","46873","25519","19362","1654","-477","666","-633","583","3716257","-12131293","61781","31687","-187","10403","715"
"77590.650","46810","25511","19367","1658","-479","659","-768","583","3716210","-12131064","61882","31690","-197","10394","725"
"77591.650","46748","25505","19365","1670","-475","644","-750","583","3716163","-12130835","61985","31694","-372","10379","724"
"77592.650","46674","25497","19372","1669","-479","710","-622","583","3716116","-12130606","62089","31699","-572","10341","750"
"77593.650","46608","25490","19366","1679","-482","682","-641","583","3716071","-12130375","62197","31702","-598","10314","752"
"77594.650","46536","25481","19362","1692","-464","665","-575","583","3716026","-12130143","62307","31706","-580","10288","750"
"77595.650","46467","25475","19355","1702","-470","706","-595","583","3715981","-12129914","62419","31711","-547","10264","728"
"77596.650","46398","25470","19336","1733","-458","758","-586","584","3715938","-12129682","62529","31718","-489","10244","714"
"77597.650","46338","25468","19323","1751","-484","689","-692","585","3715896","-12129451","62636","31728","-416","10230","699"
"77598.650","46276","25462","19348","1741","-475","777","-604","584","3715853","-12129219","62740","31733","-275","10226","681"
"77599.650","46219","25457","19359","1747","-469","808","-717","584","3715812","-12128988","62841","31738","-202","10219","666"
"77600.650","46170","25454","19359","1759","-501","786","-770","585","3715770","-12128754","62936","31743","-162","10216","653"
"77601.650","46119","25449","19388","1750","-504","802","-600","584","3715728","-12128523","63027","31747","-103","10213","638"
"77602.650","46071","25445","19406","1751","-510","789","-620","584","3715687","-12128291","63112","31751","-51","10214","650"
"77603.650","46025","25442","19417","1762","-510","800","-475","585","3715646","-12128057","63191","31757","1","10221","643"
"77604.650","45979","25437","19439","1759","-512","733","-645","585","3715606","-12127823","63267","31760","51","10225","649"
"77605.650","45927","25432","19470","1752","-491","810","-590","584","3715564","-12127589","63339","31764","102","10236","650"
"77606.650","45879","25431","19499","1737","-512","772","-589","584","3715523","-12127356","63415","31772","156","10243","651"
"77607.650","45832","25427","19525","1727","-517","724","-618","584","3715481","-12127121","63492","31776","197","10255","650"
"77608.650","45779","25421","19547","1724","-501","799","-670","584","3715439","-12126889","63571","31780","227","10274","663"
"77609.650","45732","25418","19553","1736","-501","666","-548","584","3715397","-12126654","63651","31785","260","10292","668"
"77610.650","45678","25413","19568","1734","-497","698","-568","584","3715354","-12126419","63734","31790","292","10309","673"
"77611.650","45622","25408","19588","1728","-495","677","-701","583","3715311","-12126187","63818","31794","327","10332","675"
"77612.650","45569","25403","19587","1739","-505","636","-552","584","3715267","-12125952","63904","31799","353","10349","685"
"77613.650","45509","25399","19583","1753","-502","651","-641","584","3715223","-12125718","63994","31806","341","10373","696"
"77614.650","45454","25397","19602","1745","-494","535","-589","584","3715177","-12125484","64086","31814","289","10391","713"
"77615.650","45385","25390","19634","1722","-468","684","-586","583","3715132","-12125251","64179","31819","200","10397","731"
"77616.650","45325","25384","19638","1720","-471","430","-492","582","3715086","-12125016","64276","31824","136","10405","754"
"77617.650","45264","25379","19634","1720","-481","439","-654","583","3715040","-12124784","64377","31829","122","10411","762"
"77618.650","45189","25372","19620","1733","-477","502","-559","583","3714993","-12124549","64483","31836","122","10410","765"
"77619.650","45118","25366","19608","1737","-500","396","-561","584","3714947","-12124317","64593","31842","102","10418","771"
"77620.650","45043","25356","19587","1748","-526","446","-759","584","3714899","-12124083","64708","31845","120","10413","775"
"77621.650","44977","25350","19549","1772","-573","381","-688","585","3714852","-12123851","64826","31851","135","10417","768"
"77622.650","44903","25342","19518","1795","-593","459","-892","585","3714804","-12123617","64948","31856","149","10418","772"
"77623.650","44831","25334","19488","1821","-602","542","-637","586","3714756","-12123384","65068","31860","164","10425","773"
"77624.650","44766","25327","19476","1826","-625","503","-610","586","3714708","-12123152","65187","31865","171","10434","767"
"77625.650","44700","25322","19473","1824","-629","663","-569","586","3714660","-12122919","65305","31872","145","10435","761"
"77626.650","44629","25315","19475","1827","-613","641","-634","586","3714611","-12122688","65423","31878","-181","10426","758"
"77627.650","44559","25306","19487","1816","-606","784","-691","585","3714562","-12122454","65538","31881","-216","10407","745"
"77628.650","44494","25298","19483","1818","-619","846","-611","586","3714513","-12122222","65651","31884","-205","10405","735"
"77629.650","44434","25292","19479","1829","-615","720","-617","586","3714465","-12121990","65763","31889","-164","10393","724"
"77630.650","44375","25286","19477","1840","-600","791","-585","586","3714417","-12121758","65872","31893","-141","10398","716"
"77631.650","44316","25280","19476","1850","-592","746","-655","586","3714369","-12121524","65979","31897","-103","10394","707"
"77632.650","44257","25274","19479","1856","-586","838","-622","586","3714321","-12121290","66083","31902","-86","10398","703"
"77633.650","44204","25266","19486","1863","-567","763","-674","586","3714273","-12121058","66184","31903","-86","10396","694"
"77634.650","44154","25258","19491","1875","-547","781","-702","586","3714226","-12120827","66281","31904","-112","10401","681"
"77635.650","44099","25251","19498","1876","-561","794","-733","586","3714178","-12120592","66374","31905","-126","10393","687"
"77636.650","44050","25244","19500","1879","-587","702","-657","586","3714131","-12120358","66464","31907","-166","10385","688"
"77637.650","43995","25237","19503","1887","-589","781","-631","587","3714083","-12120124","66550","31910","-205","10367","685"
"77638.650","43936","25229","19507","1897","-581","849","-564","587","3714036","-12119889","66639","31911","-249","10354","696"
"77639.650","43879","25220","19506","1900","-612","934","-615","587","3713989","-12119655","66728","31912","-264","10334","697"
"77640.650","43827","25213","19508","1907","-613","822","-777","587","3713942","-12119420","66820","31914","-277","10320","701"
"77641.650","43770","25203","19509","1916","-608","848","-652","587","3713896","-12119187","66913","31914","-270","10309","702"
"77642.650","43708","25194","19512","1914","-634","959","-700","587","3713851","-12118952","67007","31914","-263","10296","715"
"77643.650","43646","25185","19508","1922","-641","941","-684","588","3713805","-12118717","67104","31917","-257","10285","738"
"77644.650","43584","25176","19509","1926","-631","945","-718","587","3713760","-12118483","67203","31918","-244","10274","740"
"77645.650","43523","25167","19510","1926","-639","955","-656","588","3713715","-12118245","67305","31919","-224","10264","724"
"77646.650","43464","25159","19510","1933","-639","901","-499","588","3713671","-12118010","67410","31922","-202","10257","703"
"77647.650","43398","25150","19521","1930","-638","1107","-575","587","3713626","-12117775","67512","31924","-165","10250","683"
"77648.650","43346","25143","19526","1933","-655","960","-644","588","3713582","-12117540","67613","31926","-125","10249","676"
"77649.650","43291","25136","19533","1941","-646","946","-601","588","3713538","-12117305","67710","31929","-56","10245","675"
"77650.650","43241","25131","19527","1957","-662","950","-591","588","3713494","-12117070","67805","31932","-14","10254","684"
"77651.650","43187","25124","19527","1968","-663","876","-754","588","3713450","-12116832","67895","31936","26","10256","694"
"77652.650","43132","25118","19536","1968","-658","911","-737","588","3713406","-12116597","67985","31939","47","10265","704"
"77653.650","43078","25114","19547","1964","-660","834","-647","588","3713362","-12116359","68078","31945","67","10265","709"
"77654.650","43017","25108","19557","1968","-628","882","-710","588","3713318","-12116124","68172","31951","54","10283","710"
"77655.650","42961","25103","19551","1982","-622","805","-638","588","3713273","-12115885","68268","31956","76","10284","717"
"77656.650","42905","25103","19541","2000","-606","801","-618","588","3713229","-12115650","68365","31968","80","10299","717"
"77657.650","42850","25094","19538","2009","-609","742","-583","589","3713184","-12115414","68464","31969","68","10313","723"
"77658.650","42795","25090","19531","2027","-582","552","-683","588","3713139","-12115176","68564","31975","-149","10302","726"
"77659.650","42733","25084","19536","2036","-539","504","-546","589","3713094","-12114939","68664","31981","-313","10293","745"
"77660.650","42667","25081","19541","2040","-504","504","-701","589","3713050","-12114704","68766","31991","-467","10269","755"
"77661.650","42606","25075","19548","2037","-481","353","-628","588","3713005","-12114468","68871","31996","-536","10248","764"
"77662.650","42544","25069","19553","2033","-466","350","-730","588","3712962","-12114231","68977","32002","-519","10224","747"
"77663.650","42485","25063","19569","2016","-467","265","-659","588","3712919","-12113995","69084","32007","-495","10205","748"
"77664.650","42423","25054","19570","2021","-439","340","-655","588","3712877","-12113758","69190","32009","-459","10190","738"
"77665.650","42369","25049","19558","2029","-472","227","-736","588","3712835","-12113520","69294","32014","-409","10174","723"
"77666.650","42312","25042","19554","2037","-470","219","-827","588","3712795","-12113281","69395","32018","-352","10159","725"
"77667.650","42254","25037","19567","2030","-454","271","-562","588","3712755","-12113043","69494","32024","-296","10150","721"
"77668.650","42198","25030","19582","2019","-443","185","-503","588","3712714","-12112805","69591","32028","-265","10149","752"
"77669.650","42140","25024","19579","2020","-447","294","-662","588","3712675","-12112567","69690","32033","-216","10140","751"
"77670.650","42083","25016","19586","2012","-442","392","-961","587","3712636","-12112329","69791","32034","-171","10137","741"
"77671.650","42027","25009","19582","2021","-428","317","-718","587","3712597","-12112090","69893","32038","-126","10134","734"
"77672.650","41967","25000","19585","2017","-430","358","-554","587","3712558","-12111853","69994","32039","-93","10136","737"
"77673.650","41910","24992","19592","2018","-395","439","-675","587","3712520","-12111615","70095","32041","-68","10141","740"
"77674.650","41854","24985","19582","2024","-422","452","-558","587","3712481","-12111378","70196","32044","-45","10140","744"
"77675.650","41798","24977","19566","2041","-411","520","-665","587","3712442","-12111138","70298","32047","-25","10143","735"
"77676.650","41737","24970","19576","2033","-404","599","-553","587","3712405","-12110900","70400","32050","-2","10143","734"
"77677.650","41684","24962","19576","2035","-410","576","-446","587","3712366","-12110661","70502","32052","-99","10142","733"
"77678.650","41626","24954","19587","2023","-428","585","-810","587","3712328","-12110423","70603","32054","-280","10114","722"
"77679.650","41569","24944","19617","1994","-435","612","-610","586","3712290","-12110185","70703","32054","-318","10095","711"
"77680.650","41518","24937","19637","1979","-433","692","-573","586","3712251","-12109947","70802","32057","-351","10080","697"
"77681.650","41469","24929","19652","1977","-405","631","-677","586","3712214","-12109709","70898","32057","-396","10059","685"
"77682.650","41420","24922","19658","1977","-417","755","-546","586","3712176","-12109468","70991","32059","-432","10040","668"
"77683.650","41368","24915","19668","1979","-417","825","-598","586","3712140","-12109230","71081","32062","-425","10018","660"
"77684.650","41321","24909","19659","1998","-425","862","-665","586","3712104","-12108989","71168","32065","-435","10002","665"
"77685.650","41275","24900","19674","1995","-429","988","-662","586","3712069","-12108750","71250","32063","-407","9979","641"
"77686.650","41233","24893","19675","2009","-429","1029","-959","587","3712034","-12108510","71328","32063","-319","9976","639"
"77687.650","41193","24889","19673","2025","-449","941","-576","587","3712000","-12108270","71403","32067","-264","9963","625"
"77688.650","41151","24879","19693","2024","-441","966","-948","587","3711966","-12108029","71474","32064","-245","9958","634"
"77689.650","41113","24874","19696","2037","-450","994","-894","587","3711932","-12107787","71542","32065","-198","9946","628"
"77690.650","41074","24868","19690","2060","-450","948","-860","588","3711899","-12107547","71609","32067","-181","9943","629"
"77691.650","41034","24863","19694","2070","-475","840","-705","588","3711866","-12107305","71677","32068","-140","9935","635"
"77692.650","40992","24855","19694","2086","-471","856","-682","588","3711833","-12107065","71746","32068","-117","9934","655"
"77693.650","40947","24850","19699","2094","-470","907","-745","588","3711800","-12106821","71818","32071","-85","9936","658"
"77694.650","40903","24843","19716","2088","-477","960","-746","588","3711767","-12106580","71892","32072","-47","9928","653"
"77695.650","40861","24838","19727","2088","-488","933","-673","588","3711734","-12106339","71968","32075","-44","9933","660"
"77696.650","40818","24831","19739","2085","-504","862","-644","588","3711702","-12106095","72045","32076","-32","9923","665"
"77697.650","40777","24826","19739","2099","-495","845","-720","588","3711668","-12105854","72123","32078","-72","9921","650"
"77698.650","40732","24820","19763","2089","-493","763","-605","588","3711636","-12105611","72201","32081","-138","9912","644"
"77699.650","40689","24815","19784","2080","-495","784","-657","588","3711603","-12105368","72277","32084","-149","9900","644"
"77700.650","40650","24808","19824","2054","-501","781","-773","587","3711570","-12105125","72352","32085","-151","9897","633"
"77701.650","40614","24802","19847","2044","-512","708","-735","587","3711538","-12104882","72425","32085","-126","9882","628"
"77702.650","40576","24795","19860","2050","-496","698","-616","587","3711506","-12104639","72497","32085","-117","9887","602"
"77703.650","40540","24792","19865","2067","-490","664","-589","587","3711474","-12104396","72566","32089","-18","9888","584"
"77704.650","40514","24791","19897","2054","-516","588","-644","587","3711442","-12104152","72632","32093","205","9906","561"
"77705.650","40482","24784","19939","2036","-515","745","-605","587","3711409","-12103907","72694","32090","293","9917","553"
"77706.650","40461","24783","19961","2039","-516","561","-719","587","3711376","-12103664","72751","32094","323","9939","551"
"77707.650","40441","24777","19992","2034","-512","506","-695","587","3711343","-12103419","72802","32092","320","9957","571"
"77708.650","40420","24776","19979","2075","-484","221","-733","588","3711309","-12103174","72846","32095","310","9979","580"
"77709.650","40391","24774","19986","2091","-473","113","-542","587","3711275","-12102930","72892","32099","284","10004","599"
"77710.650","40367","24770","20001","2091","-493","223","-640","588","3711240","-12102684","72942","32099","228","10007","593"
"77711.650","40333","24769","20046","2058","-522","132","-897","587","3711205","-12102439","72994","32105","193","10015","609"
"77712.650","40303","24763","20093","2021","-541","92","-582","587","3711170","-12102195","73049","32104","186","9999","625"
"77713.650","40267","24759","20111","2013","-555","142","-560","587","3711134","-12101950","73105","32107","19","10015","634"
"77714.650","40225","24753","20130","2005","-542","153","-608","586","3711098","-12101705","73166","32109","-20","9997","662"
"77715.650","40182","24748","20128","2012","-537","70","-723","587","3711062","-12101460","73232","32112","-51","10008","679"
"77716.650","40130","24740","20145","1998","-531","276","-713","586","3711025","-12101214","73306","32114","-50","9996","689"
"77717.650","40082","24731","20150","1994","-523","348","-716","586","3710989","-12100968","73389","32113","-74","10000","685"
"77718.650","40031","24724","20136","2012","-515","404","-657","586","3710953","-12100724","73480","32116","-58","9998","670"
"77719.650","39981","24718","20128","2025","-515","358","-610","586","3710917","-12100479","73578","32120","-36","10005","651"
"77720.650","39930","24712","20130","2032","-511","470","-918","587","3710880","-12100233","73676","32123","21","10003","633"
"77721.650","39888","24706","20135","2033","-529","468","-605","587","3710844","-12099987","73762","32125","126","10019","630"
"77722.650","39854","24702","20125","2055","-534","422","-598","587","3710807","-12099741","73848","32128","260","10029","593"
"77723.650","39814","24698","20135","2062","-529","426","-843","587","3710770","-12099495","73931","32132","267","10052","589"
"77724.650","39776","24692","20156","2052","-541","718","-559","587","3710733","-12099250","74012","32132","290","10060","608"
"77725.650","39747","24687","20169","2054","-544","527","-609","587","3710695","-12099004","74089","32133","267","10076","595"
"77726.650","39708","24683","20190","2045","-557","504","-758","587","3710657","-12098757","74163","32137","263","10084","601"
"77727.650","39677","24678","20221","2031","-537","579","-632","586","3710618","-12098513","74232","32137","250","10101","593"
"77728.650","39651","24674","20235","2027","-571","303","-623","586","3710579","-12098266","74296","32138","257","10107","588"
"77729.650","39615","24667","20249","2024","-582","299","-629","586","3710540","-12098020","74361","32138","254","10117","609"
"77730.650","39575","24662","20257","2029","-580","377","-663","587","3710500","-12097775","74430","32141","230","10133","612"
"77731.650","39531","24655","20281","2011","-596","510","-690","586","3710460","-12097528","74501","32141","234","10137","621"
"77732.650","39491","24648","20290","2014","-585","507","-592","586","3710419","-12097281","74573","32141","220","10150","614"
"77733.650","39441","24639","20304","2008","-591","719","-576","586","3710378","-12097036","74648","32141","242","10162","614"
"77734.650","39402","24635","20277","2048","-578","712","-589","587","3710337","-12096790","74724","32145","268","10180","606"
"77735.650","39371","24630","20258","2080","-584","462","-548","587","3710295","-12096543","74799","32147","280","10207","602"
"77736.650","39333","24623","20266","2084","-593","318","-783","588","3710252","-12096297","74873","32146","342","10211","598"
"77737.650","39290","24619","20270","2095","-581","467","-719","587","3710210","-12096051","74945","32150","356","10240","588"
"77738.650","39264","24614","20277","2099","-604","114","-644","588","3710167","-12095805","75016","32150","385","10260","591"
"77739.650","39225","24607","20291","2100","-591","226","-658","588","3710122","-12095557","75085","32150","403","10269","589"
"77740.650","39179","24599","20292","2111","-600","405","-708","588","3710077","-12095313","75153","32150","185","10288","597"
"77741.650","39154","24594","20299","2118","-602","-27","-606","588","3710033","-12095066","75221","32150","106","10272","607"
"77742.650","39115","24588","20303","2125","-604","-31","-585","588","3709987","-12094820","75290","32151","1","10284","626"
"77743.650","39070","24580","20318","2112","-621","269","-567","588","3709942","-12094574","75362","32152","-104","10261","644"
"77744.650","39029","24573","20329","2109","-609","222","-597","588","3709896","-12094328","75435","32152","-188","10258","640"
"77745.650","38987","24564","20337","2108","-608","159","-755","588","3709850","-12094081","75511","32150","-169","10243","628"
"77746.650","38938","24557","20345","2105","-612","303","-541","588","3709805","-12093835","75591","32152","-166","10238","637"
"77747.650","38888","24548","20352","2104","-602","566","-636","588","3709760","-12093587","75672","32153","-161","10231","640"
"77748.650","38841","24542","20365","2096","-603","681","-663","588","3709716","-12093341","75753","32156","-152","10231","617"
"77749.650","38802","24535","20370","2101","-602","618","-593","588","3709671","-12093093","75833","32156","-132","10221","595"
"77750.650","38768","24530","20370","2114","-611","489","-686","588","3709626","-12092846","75910","32157","-122","10223","568"
"77751.650","38739","24525","20390","2113","-600","336","-520","588","3709582","-12092600","75985","32158","-60","10211","552"
"77752.650","38715","24519","20409","2109","-617","90","-877","588","3709538","-12092353","76054","32156","66","10228","556"
"77753.650","38667","24511","20435","2090","-652","656","-574","588","3709494","-12092103","76117","32157","163","10226","572"
"77754.650","38636","24506","20458","2084","-647","649","-756","588","3709449","-12091857","76176","32156","180","10243","571"
"77755.650","38607","24500","20462","2089","-670","387","-571","588","3709404","-12091608","76232","32156","172","10245","599"
"77756.650","38575","24498","20438","2127","-654","224","-611","589","3709359","-12091361","76295","32160","105","10256","618"
"77757.650","38530","24488","20450","2122","-653","343","-558","589","3709314","-12091112","76359","32158","55","10255","628"
"77758.650","38472","24478","20474","2100","-656","807","-654","588","3709269","-12090863","76425","32159","18","10257","645"
"77759.650","38436","24472","20463","2113","-659","545","-569","588","3709223","-12090615","76495","32160","11","10254","658"
"77760.650","38387","24468","20451","2126","-658","514","-611","588","3709177","-12090367","76570","32166","19","10264","664"
"77761.650","38339","24457","20474","2101","-665","651","-672","588","3709132","-12090119","76650","32163","68","10254","655"
"77762.650","38290","24450","20449","2130","-655","594","-753","589","3709086","-12089871","76735","32166","42","10263","637"
"77763.650","38236","24439","20476","2104","-671","903","-665","588","3709040","-12089623","76825","32165","191","10271","618"
"77764.650","38195","24435","20465","2117","-685","786","-810","588","3708994","-12089374","76908","32170","257","10289","615"
"77765.650","38154","24430","20468","2125","-674","708","-641","588","3708948","-12089127","76988","32173","281","10312","620"
"77766.650","38119","24419","20497","2099","-690","574","-724","588","3708900","-12088878","77066","32167","291","10320","607"
"77767.650","38086","24414","20484","2127","-667","389","-780","588","3708853","-12088632","77143","32167","307","10336","605"
"77768.650","38053","24412","20466","2156","-661","235","-670","589","3708805","-12088384","77218","32173","305","10358","599"
"77769.650","38020","24409","20456","2175","-671","50","-703","589","3708757","-12088136","77289","32178","343","10371","585"
"77770.650","37989","24402","20449","2191","-682","5","-521","589","3708708","-12087887","77357","32175","371","10395","595"
"77771.650","37961","24397","20454","2200","-675","18","-519","590","3708659","-12087639","77422","32176","394","10411","579"
"77772.650","37909","24391","20480","2191","-647","534","-605","589","3708608","-12087393","77486","32180","409","10438","596"
"77773.650","37870","24382","20491","2185","-668","746","-688","589","3708558","-12087146","77549","32177","442","10460","600"
"77774.650","37833","24378","20485","2200","-672","681","-629","589","3708506","-12086897","77615","32181","452","10489","620"
"77775.650","37790","24371","20486","2209","-653","743","-599","589","3708455","-12086649","77683","32183","473","10515","631"
"77776.650","37750","24366","20496","2198","-669","828","-685","589","3708401","-12086402","77753","32185","486","10541","630"
"77777.650","37705","24359","20509","2194","-649","881","-646","589","3708348","-12086154","77827","32187","501","10566","637"
"77778.650","37668","24353","20518","2185","-659","803","-645","589","3708293","-12085909","77905","32189","510","10590","636"
"77779.650","37625","24348","20526","2180","-658","709","-598","589","3708238","-12085662","77987","32193","527","10614","641"
"77780.650","37591","24343","20532","2178","-652","475","-826","589","3708182","-12085416","78070","32195","528","10643","650"
"77781.650","37545","24336","20539","2174","-638","404","-753","589","3708125","-12085170","78155","32196","535","10673","659"
"77782.650","37489","24328","20549","2167","-620","687","-563","588","3708068","-12084924","78242","32199","557","10705","662"
"77783.650","37441","24320","20568","2136","-645","761","-611","588","3708009","-12084678","78331","32201","568","10727","676"
"77784.650","37398","24313","20566","2133","-648","716","-729","588","3707950","-12084433","78422","32202","409","10741","677"
"77785.650","37341","24305","20561","2137","-637","839","-806","588","3707889","-12084189","78516","32205","146","10739","668"
"77786.650","37298","24298","20550","2149","-627","645","-732","588","3707829","-12083944","78612","32207","119","10737","669"
"77787.650","37250","24292","20529","2165","-639","619","-598","588","3707768","-12083699","78708","32210","123","10749","656"
"77788.650","37206","24286","20535","2158","-640","546","-732","588","3707707","-12083456","78799","32213","163","10756","644"
"77789.650","37170","24278","20556","2139","-634","277","-615","588","3707647","-12083211","78888","32212","210","10768","644"
"77790.650","37123","24270","20558","2141","-623","440","-909","587","3707585","-12082968","78972","32213","284","10790","633"
"77791.650","37075","24260","20576","2119","-634","643","-620","587","3707524","-12082724","79054","32212","301","10801","652"
"77792.650","37021","24252","20580","2111","-641","922","-576","587","3707462","-12082479","79137","32215","143","10804","651"
"77793.650","36982","24249","20571","2122","-638","748","-642","587","3707399","-12082238","79220","32220","51","10803","645"
"77794.650","36939","24241","20576","2124","-620","763","-546","587","3707337","-12081993","79304","32220","-116","10797","639"
"77795.650","36901","24235","20578","2124","-619","609","-603","587","3707274","-12081749","79386","32222","-204","10781","631"
"77796.650","36864","24230","20582","2119","-636","554","-713","587","3707211","-12081507","79467","32224","-213","10774","619"
"77797.650","36820","24224","20585","2122","-632","628","-677","587","3707149","-12081263","79546","32227","-212","10762","615"
"77798.650","36790","24219","20586","2131","-624","425","-706","587","3707087","-12081018","79623","32228","-211","10759","598"
"77799.650","36755","24213","20598","2124","-632","493","-646","587","3707025","-12080773","79697","32229","-210","10750","585"
"77800.650","36724","24207","20615","2116","-638","426","-797","587","3706963","-12080529","79767","32228","-206","10737","566"
"77801.650","36691","24199","20631","2113","-638","584","-695","587","3706902","-12080287","79835","32226","-201","10726","553"
"77802.650","36663","24194","20639","2118","-648","464","-618","587","3706841","-12080040","79898","32227","-200","10719","538"
"77803.650","36646","24192","20645","2121","-674","255","-629","587","3706780","-12079796","79954","32228","-196","10706","545"
"77804.650","36620","24189","20667","2117","-667","355","-551","587","3706719","-12079550","80004","32231","-195","10701","533"
"77805.650","36604","24186","20692","2119","-641","167","-620","587","3706658","-12079305","80049","32230","-194","10698","527"
"77806.650","36585","24182","20722","2099","-666","237","-607","586","3706598","-12079059","80090","32229","-185","10684","524"
"77807.650","36571","24178","20740","2101","-660","85","-765","587","3706539","-12078813","80129","32229","-340","10666","521"
"77808.650","36545","24176","20749","2112","-662","145","-621","587","3706479","-12078565","80166","32232","-469","10640","523"
"77809.650","36522","24173","20761","2119","-658","136","-594","587","3706479","-12078565","80166","32235","-604","10607","530"
"77810.650","36495","24170","20786","2110","-654","298","-909","587","3706419","-12078318","80206","32237","-648","10573","550"
"77811.650","36467","24165","20834","2073","-657","545","-735","586","3706362","-12078070","80248","32237","-657","10543","543"
"77812.650","36440","24158","20857","2060","-666","376","-602","586","3706304","-12077822","80293","32235","-661","10508","582"
"77813.650","36406","24154","20869","2047","-694","515","-665","586","3706248","-12077574","80341","32237","-660","10471","603"
"77814.650","36370","24148","20872","2043","-705","549","-681","585","3706192","-12077324","80393","32239","-654","10441","622"
"77815.650","36335","24142","20874","2042","-704","460","-704","586","3706137","-12077075","80452","32240","-519","10418","636"
"77816.650","36297","24136","20874","2039","-704","318","-755","586","3706084","-12076827","80522","32242","-477","10400","660"
"77817.650","36247","24129","20874","2034","-701","464","-520","585","3706032","-12076577","80601","32245","-452","10378","663"
"77818.650","36210","24124","20871","2029","-709","305","-737","585","3705981","-12076325","80683","32247","-435","10358","659"
"77819.650","36159","24116","20864","2032","-703","345","-653","585","3705930","-12076075","80770","32250","-421","10342","651"
"77820.650","36115","24110","20846","2046","-700","271","-556","586","3705880","-12075824","80863","32253","-424","10322","649"
"77821.650","36071","24104","20828","2060","-702","142","-511","586","3705830","-12075573","80963","32256","-524","10299","639"
"77822.650","36007","24094","20837","2050","-683","667","-497","586","3705782","-12075322","81055","32259","-563","10270","635"
"77823.650","35962","24086","20840","2040","-701","873","-595","585","3705733","-12075073","81145","32260","-709","10236","633"
"77824.650","35912","24076","20847","2030","-704","919","-602","585","3705685","-12074820","81233","32260","-918","10180","646"
"77825.650","35873","24069","20846","2033","-690","926","-647","585","3705639","-12074570","81319","32261","-880","10145","603"
"77826.650","35843","24065","20839","2046","-686","607","-591","585","3705593","-12074318","81403","32262","-814","10111","596"
"77827.650","35816","24059","20832","2056","-699","425","-600","585","3705548","-12074065","81484","32262","-736","10080","589"
"77828.650","35785","24056","20823","2070","-705","273","-762","586","3705505","-12073814","81559","32265","-670","10052","589"
"77829.650","35755","24052","20821","2076","-717","249","-651","586","3705463","-12073561","81630","32267","-600","10030","591"
"77830.650","35721","24046","20832","2069","-723","346","-802","586","3705423","-12073309","81694","32269","-534","10003","590"
"77831.650","35684","24040","20846","2059","-728","509","-585","586","3705382","-12073054","81758","32270","-477","9986","591"
"77832.650","35648","24033","20865","2043","-733","706","-729","585","3705343","-12072800","81822","32271","-420","9969","584"
"77833.650","35613","24027","20883","2031","-744","851","-584","585","3705304","-12072548","81887","32271","-358","9959","568"
"77834.650","35586","24021","20889","2033","-761","810","-581","585","3705266","-12072295","81950","32271","-289","9949","553"
"77835.650","35561","24018","20890","2039","-782","687","-692","586","3705229","-12072039","82011","32272","-226","9937","556"
"77836.650","35531","24013","20900","2040","-784","725","-708","586","3705192","-12071788","82070","32274","-180","9932","553"
"77837.650","35504","24009","20914","2035","-788","670","-720","585","3705155","-12071531","82125","32274","-140","9927","568"
"77838.650","35468","24002","20926","2032","-779","867","-616","585","3705119","-12071276","82178","32275","-104","9925","578"
"77839.650","35435","23997","20937","2027","-773","899","-733","585","3705082","-12071022","82232","32277","-88","9921","585"
"77840.650","35408","23993","20943","2036","-715","690","-698","585","3705046","-12070766","82288","32278","-103","9925","592"
"77841.650","35381","23988","20956","2037","-664","496","-738","585","3705010","-12070510","82346","32278","-117","9928","591"
"77842.650","35345","23980","20964","2033","-650","575","-867","584","3704974","-12070257","82407","32278","-186","9917","596"
"77843.650","35299","23974","20970","2033","-635","826","-634","584","3704938","-12070001","82470","32282","-266","9907","597"
"77844.650","35264","23972","20963","2040","-656","919","-562","584","3704903","-12069746","82535","32287","-269","9895","598"
"77845.650","35228","23966","20965","2038","-667","1022","-593","585","3704868","-12069491","82602","32288","-229","9883","601"
"77846.650","35201","23962","20967","2042","-648","799","-546","584","3704833","-12069235","82669","32291","-177","9880","587"
"77847.650","35174","23959","20967","2055","-599","577","-603","584","3704798","-12068979","82737","32294","-133","9881","579"
"77848.650","35143","23955","20968","2066","-561","544","-663","584","3704764","-12068724","82804","32296","-93","9888","586"
"77849.650","35113","23950","20966","2073","-552","463","-625","584","3704730","-12068469","82870","32298","-50","9887","596"
"77850.650","35087","23946","20960","2084","-546","317","-648","585","3704696","-12068213","82934","32298","-34","9894","596"
"77851.650","35057","23941","20956","2094","-528","291","-507","585","3704662","-12067958","83000","32300","-31","9890","596"
"77852.650","35032","23936","20951","2104","-521","129","-666","585","3704628","-12067701","83066","32300","-32","9892","585"
"77853.650","35006","23932","20947","2115","-511","-1","-696","585","3704595","-12067446","83134","32301","-32","9890","575"
"77854.650","34980","23926","20953","2118","-506","-105","-710","585","3704561","-12067190","83199","32300","-29","9892","560"
"77855.650","34959","23922","20955","2124","-510","-282","-809","585","3704527","-12066934","83263","32300","-20","9889","564"
"77856.650","34935","23918","20959","2129","-503","-316","-674","585","3704493","-12066678","83325","32302","-11","9892","560"
"77857.650","34907","23914","20968","2128","-498","-284","-730","585","3704459","-12066423","83385","32303","-11","9895","571"
"77858.650","34878","23908","20985","2118","-500","-137","-748","585","3704426","-12066165","83440","32303","4","9894","562"
"77859.650","34852","23901","21001","2108","-509","-94","-842","585","3704392","-12065909","83497","32301","27","9891","557"
"77860.650","34826","23896","21014","2104","-512","-45","-901","585","3704358","-12065651","83553","32300","52","9898","547"
"77861.650","34803","23891","21017","2108","-522","-132","-841","585","3704324","-12065396","83608","32300","87","9896","551"
"77862.650","34779","23888","21019","2115","-523","-93","-797","585","3704290","-12065139","83661","32302","96","9906","554"
"77863.650","34754","23885","21019","2125","-520","-150","-755","585","3704256","-12064883","83715","32304","121","9913","555"
"77864.650","34729","23883","21019","2135","-514","-264","-756","585","3704222","-12064626","83769","32308","127","9922","555"
"77865.650","34703","23879","21031","2130","-512","-224","-788","585","3704187","-12064368","83823","32310","131","9930","559"
"77866.650","34677","23872","21049","2118","-531","-129","-803","585","3704153","-12064112","83877","32308","153","9931","532"
"77867.650","34654","23867","21063","2116","-531","-201","-804","585","3704118","-12063855","83932","32308","188","9945","509"
"77868.650","34637","23864","21084","2113","-513","-332","-822","585","3704083","-12063597","83985","32308","230","9954","496"
"77869.650","34620","23860","21107","2108","-505","-391","-804","585","3704047","-12063340","84036","32307","256","9973","495"
"77870.650","34602","23856","21127","2104","-507","-307","-1049","584","3704012","-12063084","84084","32306","299","9985","487"
"77871.650","34587","23853","21147","2100","-524","-258","-854","585","3703975","-12062825","84128","32306","331","9998","471"
"77872.650","34576","23853","21156","2112","-521","-327","-853","585","3703938","-12062569","84165","32308","330","10015","469"
"77873.650","34565","23850","21176","2111","-531","-307","-773","585","3703902","-12062310","84195","32308","314","10029","440"
"77874.650","34552","23847","21203","2107","-544","-184","-695","585","3703864","-12062052","84219","32307","356","10044","413"
"77875.650","34552","23847","21229","2112","-530","-279","-904","585","3703826","-12061795","84236","32307","443","10064","408"
"77876.650","34552","23848","21251","2116","-535","-311","-946","585","3703787","-12061537","84253","32308","489","10092","446"
"77877.650","34546","23847","21271","2119","-536","-376","-986","585","3703747","-12061278","84261","32308","498","10115","459"
"77878.650","34538","23844","21290","2119","-537","-446","-857","585","3703707","-12061021","84266","32307","492","10143","482"
"77879.650","34521","23840","21306","2121","-527","-286","-946","585","3703666","-12060762","84281","32306","456","10161","481"
"77880.650","34497","23834","21337","2106","-542","21","-758","585","3703624","-12060504","84296","32304","249","10166","419"
"77881.650","34487","23834","21352","2117","-541","-57","-842","585","3703582","-12060247","84315","32306","206","10168","407"
"77882.650","34486","23834","21370","2128","-540","-20","-787","585","3703539","-12059986","84331","32307","178","10180","397"
"77883.650","34488","23832","21399","2132","-530","-21","-885","585","3703496","-12059729","84346","32304","164","10183","381"
"77884.650","34489","23832","21420","2146","-517","-98","-986","585","3703451","-12059470","84357","32304","133","10194","379"
"77885.650","34491","23832","21448","2150","-520","37","-1009","585","3703407","-12059210","84365","32303","121","10196","370"
"77886.650","34494","23833","21475","2159","-503","0","-897","585","3703363","-12058950","84364","32304","100","10202","372"
"77887.650","34495","23833","21504","2163","-499","61","-786","585","3703318","-12058691","84357","32303","84","10207","371"
"77888.650","34496","23833","21530","2169","-498","174","-921","586","3703273","-12058430","84345","32303","65","10208","372"
"77889.650","34492","23832","21561","2167","-509","369","-901","586","3703228","-12058169","84331","32303","43","10213","361"
"77890.650","34496","23832","21592","2171","-504","470","-897","586","3703184","-12057907","84315","32302","26","10212","356"
"77891.650","34516","23837","21604","2191","-497","80","-855","586","3703138","-12057646","84301","32303","4","10213","402"
"77892.650","34513","23836","21634","2189","-492","225","-956","586","3703093","-12057386","84288","32302","-19","10213","405"
"77893.650","34513","23835","21647","2192","-496","-7","-944","586","3703048","-12057125","84277","32302","-51","10208","455"
"77894.650","34491","23831","21678","2177","-480","359","-871","586","3703003","-12056862","84268","32301","-60","10210","447"
"77895.650","34474","23827","21698","2170","-475","392","-868","586","3702958","-12056600","84263","32301","-31","10206","455"
"77896.650","34462","23826","21706","2168","-479","378","-935","585","3702913","-12056340","84263","32303","-13","10209","456"
"77897.650","34448","23823","21711","2165","-495","403","-901","585","3702868","-12056076","84271","32303","20","10209","453"
"77898.650","34407","23815","21749","2137","-488","1239","-796","585","3702823","-12055814","84287","32302","39","10213","366"
"77899.650","34407","23815","21765","2142","-494","1044","-838","585","3702777","-12055551","84309","32303","46","10213","344"
"77900.650","34436","23820","21761","2166","-498","469","-830","586","3702732","-12055287","84321","32301","19","10215","363"
"77901.650","34440","23821","21774","2178","-476","387","-845","586","3702686","-12055026","84331","32301","-20","10212","381"
"77902.650","34440","23819","21798","2169","-486","618","-913","586","3702640","-12054762","84338","32299","-61","10210","380"
"77903.650","34431","23817","21828","2157","-493","920","-1010","585","3702594","-12054498","84342","32299","-88","10201","356"
"77904.650","34434","23816","21853","2152","-493","1084","-782","585","3702549","-12054235","84343","32296","-128","10198","342"
"77905.650","34436","23816","21881","2147","-487","1138","-879","585","3702503","-12053971","84342","32296","-152","10186","334"
"77906.650","34442","23817","21909","2142","-484","1205","-988","585","3702458","-12053706","84337","32295","-187","10178","331"
"77907.650","34457","23817","21935","2141","-481","1067","-832","585","3702412","-12053441","84327","32292","-206","10167","329"
"77908.650","34472","23819","21946","2148","-475","889","-970","585","3702367","-12053177","84313","32291","-201","10158","383"
"77909.650","34457","23815","21984","2127","-473","1475","-756","585","3702322","-12052911","84296","32289","-165","10150","364"
"77910.650","34478","23820","21968","2154","-480","694","-771","585","3702278","-12052646","84287","32291","-152","10142","443"
"77911.650","34463","23817","21988","2139","-469","1032","-850","585","3702234","-12052382","84281","32290","-124","10143","460"
"77912.650","34435","23812","22002","2123","-480","1406","-932","585","3702191","-12052116","84278","32291","-67","10138","446"
"77913.650","34407","23808","22017","2107","-504","1940","-798","584","3702147","-12051850","84280","32293","-16","10132","416"
"77914.650","34393","23805","22035","2100","-503","2093","-731","584","3702105","-12051583","84288","32293","18","10136","381"
"77915.650","34389","23804","22046","2101","-507","2070","-798","584","3702062","-12051316","84305","32292","102","10140","364"
"77916.650","34385","23803","22066","2099","-510","2129","-776","584","3702018","-12051052","84324","32292","133","10147","339"
"77917.650","34392","23805","22074","2107","-524","2010","-986","584","3701974","-12050785","84339","32293","139","10149","324"
"77918.650","34398","23805","22094","2110","-524","2018","-968","585","3701930","-12050518","84352","32291","134","10155","315"
"77919.650","34418","23808","22101","2127","-513","1645","-860","585","3701886","-12050251","84361","32290","122","10163","321"
"77920.650","34437","23809","22108","2141","-512","1374","-785","585","3701841","-12049983","84365","32286","121","10169","325"
"77921.650","34448","23811","22117","2152","-522","1281","-968","585","3701796","-12049717","84362","32286","123","10173","322"
"77922.650","34469","23816","22122","2166","-522","1014","-767","586","3701752","-12049451","84351","32287","119","10178","345"
"77923.650","34484","23818","22123","2178","-524","748","-1023","586","3701707","-12049182","84334","32286","84","10179","395"
"77924.650","34485","23817","22133","2174","-536","842","-898","586","3701662","-12048915","84315","32284","18","10176","397"
"77925.650","34485","23817","22150","2164","-542","728","-799","586","3701617","-12048648","84305","32285","-51","10173","387"
"77926.650","34485","23816","22162","2161","-553","617","-928","586","3701572","-12048380","84297","32284","-92","10162","366"
"77927.650","34488","23817","22165","2169","-550","510","-821","586","3701527","-12048112","84294","32283","-129","10157","372"
"77928.650","34480","23815","22191","2157","-545","642","-788","586","3701482","-12047846","84293","32282","-147","10152","327"
"77929.650","34489","23815","22206","2160","-552","588","-929","586","3701437","-12047576","84297","32281","-128","10142","312"
"77930.650","34498","23818","22217","2169","-561","533","-801","586","3701392","-12047309","84294","32282","-77","10141","308"
"77931.650","34514","23820","22232","2171","-575","514","-825","586","3701348","-12047040","84289","32281","66","10143","307"
"77932.650","34527","23821","22247","2179","-565","609","-831","586","3701303","-12046768","84280","32279","-65","10142","289"
"77933.650","34540","23824","22259","2190","-562","507","-840","586","3701258","-12046501","84267","32279","-118","10129","326"
"77934.650","34548","23825","22273","2196","-560","587","-875","586","3701213","-12046232","84251","32278","-96","10132","299"
"77935.650","34562","23828","22289","2200","-565","462","-889","587","3701169","-12045962","84230","32279","-38","10124","317"
"77936.650","34580","23831","22289","2212","-562","305","-847","587","3701125","-12045693","84205","32278","-13","10125","398"
"77937.650","34578","23830","22302","2207","-557","434","-923","587","3701081","-12045422","84185","32277","-13","10130","398"
"77938.650","34572","23831","22306","2202","-571","385","-1132","587","3701036","-12045152","84169","32280","9","10119","438"
"77939.650","34558","23830","22304","2195","-589","364","-953","587","3700993","-12044882","84157","32282","182","10133","460"
"77940.650","34538","23827","22300","2190","-602","367","-803","587","3700950","-12044612","84154","32283","255","10147","471"
"77941.650","34518","23824","22286","2195","-601","315","-913","587","3700905","-12044342","84163","32286","232","10160","483"
"77942.650","34489","23819","22291","2181","-610","405","-908","586","3700861","-12044072","84186","32285","228","10164","455"
"77943.650","34469","23814","22290","2177","-614","343","-780","586","3700816","-12043802","84218","32285","203","10167","409"
"77944.650","34460","23814","22285","2186","-616","235","-737","586","3700771","-12043532","84262","32286","175","10173","388"
"77945.650","34459","23815","22274","2202","-616","231","-788","587","3700725","-12043264","84302","32288","137","10179","400"
"77946.650","34455","23814","22271","2210","-617","245","-871","587","3700679","-12042993","84333","32289","122","10181","404"
"77947.650","34452","23814","22266","2218","-609","141","-874","587","3700632","-12042723","84362","32289","94","10186","445"
"77948.650","34442","23813","22254","2226","-604","127","-1044","587","3700586","-12042456","84387","32290","92","10189","473"
"77949.650","34427","23814","22234","2236","-613","188","-972","587","3700539","-12042184","84417","32296","96","10197","488"
"77950.650","34405","23812","22225","2237","-616","308","-1013","587","3700493","-12041917","84447","32299","119","10201","471"
"77951.650","34390","23811","22212","2239","-627","166","-1023","587","3700446","-12041647","84479","32301","148","10206","497"
"77952.650","34360","23804","22216","2222","-640","442","-817","587","3700400","-12041378","84515","32300","188","10212","451"
"77953.650","34325","23798","22235","2205","-638","610","-954","587","3700353","-12041108","84555","32301","243","10218","365"
"77954.650","34326","23798","22237","2213","-643","498","-910","587","3700306","-12040839","84595","32301","286","10229","309"
"77955.650","34342","23801","22238","2231","-647","398","-781","587","3700258","-12040570","84629","32301","305","10240","301"
"77956.650","34358","23803","22252","2235","-659","366","-866","588","3700210","-12040303","84654","32300","303","10252","289"
"77957.650","34376","23807","22266","2242","-668","278","-764","588","3700161","-12040033","84664","32300","228","10256","304"
"77958.650","34387","23808","22283","2244","-671","242","-864","588","3700111","-12039763","84653","32298","147","10258","317"
"77959.650","34396","23807","22306","2239","-669","325","-1406","588","3700062","-12039494","84626","32295","170","10264","319"
"77960.650","34406","23809","22339","2222","-674","472","-1008","587","3700013","-12039226","84592","32294","296","10280","311"
"77961.650","34418","23812","22360","2216","-686","447","-761","587","3699963","-12038955","84563","32295","299","10291","320"
"77962.650","34424","23813","22374","2217","-687","420","-940","587","3699914","-12038687","84540","32295","276","10300","321"
"77963.650","34432","23814","22378","2229","-687","351","-826","588","3699864","-12038417","84519","32294","249","10310","324"
"77964.650","34440","23814","22384","2238","-678","402","-953","588","3699813","-12038147","84500","32293","228","10319","344"
"77965.650","34438","23814","22408","2227","-678","498","-794","588","3699762","-12037878","84483","32293","218","10330","333"
"77966.650","34441","23815","22431","2216","-680","432","-852","587","3699710","-12037607","84469","32293","198","10334","331"
"77967.650","34445","23816","22449","2210","-685","372","-814","587","3699658","-12037337","84457","32294","180","10341","338"
"77968.650","34448","23817","22465","2205","-689","352","-980","587","3699606","-12037068","84442","32295","152","10342","321"
"77969.650","34450","23817","22476","2210","-686","313","-722","587","3699554","-12036798","84429","32294","93","10344","304"
"77970.650","34464","23821","22485","2218","-686","302","-991","587","3699501","-12036527","84414","32295","66","10345","304"
"77971.650","34477","23823","22507","2215","-680","359","-780","587","3699448","-12036257","84398","32295","46","10346","290"
"77972.650","34490","23825","22518","2223","-678","290","-854","587","3699395","-12035987","84380","32294","28","10345","292"
"77973.650","34503","23827","22526","2237","-663","312","-980","588","3699342","-12035717","84359","32294","3","10350","301"
"77974.650","34515","23830","22540","2241","-650","296","-1023","588","3699289","-12035446","84335","32294","-19","10351","311"
"77975.650","34524","23831","22560","2237","-650","373","-891","588","3699236","-12035175","84306","32294","-22","10349","304"
"77976.650","34535","23834","22576","2234","-660","290","-718","588","3699183","-12034904","84282","32294","5","10348","304"
"77977.650","34554","23837","22585","2236","-667","181","-792","588","3699129","-12034632","84257","32293","27","10345","320"
"77978.650","34556","23838","22606","2226","-668","236","-878","588","3699077","-12034362","84235","32293","22","10347","327"
"77979.650","34568","23840","22618","2223","-673","192","-884","588","3699024","-12034089","84215","32293","25","10342","337"
"77980.650","34573","23841","22619","2227","-671","244","-910","588","3698970","-12033818","84196","32293","5","10344","379"
"77981.650","34566","23840","22625","2221","-677","298","-850","588","3698917","-12033545","84177","32294","6","10340","388"
"77982.650","34558","23840","22624","2222","-684","292","-893","587","3698865","-12033274","84159","32296","6","10339","388"
"77983.650","34547","23838","22634","2215","-675","340","-857","587","3698812","-12033003","84142","32297","1","10339","364"
"77984.650","34546","23839","22635","2220","-672","194","-805","587","3698758","-12032730","84127","32297","1","10341","357"
"77985.650","34551","23840","22626","2231","-676","155","-927","588","3698705","-12032459","84116","32298","3","10336","377"
"77986.650","34552","23840","22628","2237","-658","180","-732","588","3698653","-12032187","84112","32298","4","10344","376"
"77987.650","34546","23840","22632","2236","-650","274","-900","588","3698600","-12031915","84107","32299","9","10344","376"
"77988.650","34543","23839","22632","2238","-650","286","-717","588","3698546","-12031642","84104","32299","13","10346","385"
"77989.650","34542","23838","22620","2248","-654","357","-980","588","3698494","-12031369","84103","32298","10","10342","414"
"77990.650","34526","23835","22614","2252","-646","461","-826","588","3698441","-12031097","84099","32298","14","10344","408"
"77991.650","34518","23834","22611","2253","-642","500","-801","588","3698389","-12030825","84097","32299","14","10346","398"
"77992.650","34510","23833","22614","2252","-633","523","-822","588","3698336","-12030555","84104","32299","9","10348","392"
"77993.650","34506","23833","22614","2250","-635","494","-855","588","3698283","-12030283","84118","32301","14","10346","412"
"77994.650","34494","23833","22633","2230","-622","550","-780","587","3698230","-12030011","84136","32303","20","10353","391"
"77995.650","34484","23830","22656","2205","-628","537","-846","587","3698177","-12029739","84155","32302","2","10343","370"
"77996.650","34481","23830","22650","2214","-622","433","-960","587","3698124","-12029467","84185","32304","-88","10340","370"
"77997.650","34473","23830","22666","2205","-610","399","-828","587","3698072","-12029194","84208","32305","-79","10335","347"
"77998.650","34477","23829","22666","2210","-616","269","-831","587","3698020","-12028923","84220","32303","-64","10333","336"
"77999.650","34482","23831","22659","2225","-616","262","-818","587","3697966","-12028650","84232","32304","-38","10332","334"
"78000.650","34487","23832","22665","2225","-622","264","-878","587","3697914","-12028377","84244","32304","-21","10329","343"
"78001.650","34491","23832","22667","2226","-634","294","-876","587","3697860","-12028105","84252","32303","-19","10322","353"
"78002.650","34489","23830","22669","2230","-635","356","-948","587","3697808","-12027833","84262","32301","-17","10324","342"
"78003.650","34492","23831","22681","2222","-650","383","-778","587","3697756","-12027560","84270","32302","11","10318","334"
"78004.650","34494","23830","22702","2208","-655","515","-828","587","3697704","-12027286","84272","32300","14","10315","320"
"78005.650","34500","23832","22714","2207","-648","518","-762","587","3697652","-12027014","84279","32300","-17","10311","328"
"78006.650","34507","23833","22738","2191","-651","542","-807","587","3697600","-12026741","84287","32300","-26","10311","320"
"78007.650","34514","23833","22756","2183","-645","670","-777","587","3697548","-12026470","84292","32298","-23","10307","319"
"78008.650","34515","23832","22759","2190","-645","584","-914","587","3697496","-12026200","84291","32297","-13","10309","315"
"78009.650","34521","23836","22762","2194","-655","554","-812","587","3697443","-12025929","84287","32300","7","10306","321"
"78010.650","34532","23837","22787","2175","-663","418","-877","586","3697391","-12025656","84278","32299","10","10303","334"
"78011.650","34534","23836","22774","2190","-658","265","-851","587","3697338","-12025381","84268","32297","-7","10303","396"
"78012.650","34527","23833","22765","2194","-664","348","-821","587","3697286","-12025109","84272","32295","13","10297","399"
"78013.650","34515","23832","22748","2205","-667","327","-941","587","3697234","-12024834","84268","32296","-19","10301","426"
"78014.650","34499","23828","22739","2204","-671","474","-960","587","3697183","-12024560","84263","32296","-9","10294","430"
"78015.650","34483","23825","22744","2191","-673","428","-778","587","3697130","-12024285","84261","32296","-15","10295","424"
"78016.650","34464","23820","22749","2175","-678","549","-1017","587","3697079","-12024010","84262","32294","-3","10290","417"
"78017.650","34443","23816","22755","2165","-676","635","-947","587","3697028","-12023735","84259","32295","-10","10291","362"
"78018.650","34438","23817","22768","2154","-671","607","-937","586","3696978","-12023461","84264","32297","-3","10286","357"
"78019.650","34441","23816","22776","2148","-678","595","-867","586","3696927","-12023189","84273","32295","-4","10285","345"
"78020.650","34444","23819","22793","2135","-666","596","-823","586","3696875","-12022914","84286","32298","-7","10281","364"
"78021.650","34443","23820","22821","2107","-667","635","-751","585","3696824","-12022641","84300","32300","13","10284","369"
"78022.650","34441","23824","22828","2094","-680","554","-915","585","3696772","-12022368","84320","32305","40","10280","400"
"78023.650","34431","23822","22822","2095","-672","499","-1128","585","3696721","-12022096","84334","32305","54","10284","421"
"78024.650","34414","23818","22813","2094","-678","529","-734","585","3696669","-12021823","84346","32305","79","10286","412"
"78025.650","34400","23817","22804","2095","-682","452","-777","585","3696618","-12021550","84362","32307","84","10288","408"
"78026.650","34392","23815","22785","2104","-687","461","-812","585","3696567","-12021278","84384","32307","85","10290","434"
"78027.650","34378","23813","22771","2105","-691","432","-993","585","3696515","-12021005","84446","32308","75","10291","449"
"78028.650","34346","23807","22773","2091","-687","493","-736","585","3696462","-12020734","84588","32308","44","10292","401"
"78029.650","34321","23801","22782","2074","-693","521","-834","585","3696409","-12020461","84636","32307","44","10287","360"
"78030.650","34316","23800","22784","2076","-691","517","-781","585","3696358","-12020187","84673","32306","38","10289","302"
"78031.650","34327","23803","22791","2084","-687","450","-1077","585","3696306","-12019917","84697","32308","32","10286","275"
"78032.650","34349","23807","22792","2100","-680","517","-1037","585","3696253","-12019644","84712","32308","10","10288","281"
"78033.650","34364","23811","22795","2109","-683","549","-861","585","3696201","-12019371","84715","32309","-8","10286","310"
"78034.650","34373","23815","22793","2118","-679","615","-731","586","3696149","-12019097","84714","32312","-22","10286","362"
"78035.650","34372","23816","22790","2122","-679","667","-835","585","3696097","-12018824","84703","32313","-13","10280","410"
"78036.650","34366","23816","22770","2131","-681","635","-869","586","3696045","-12018552","84691","32315","17","10288","464"
"78037.650","34339","23812","22760","2120","-694","747","-727","586","3695995","-12018280","84690","32317","75","10286","480"
"78038.650","34305","23805","22767","2099","-685","716","-799","585","3695944","-12018007","84697","32317","111","10292","457"
"78039.650","34283","23802","22750","2100","-692","654","-781","585","3695894","-12017734","84718","32318","139","10299","479"
"78040.650","34263","23798","22727","2103","-693","579","-738","585","3695842","-12017462","84751","32319","181","10303","498"
"78041.650","34229","23792","22709","2097","-710","614","-1027","585","3695791","-12017190","84798","32319","200","10313","494"
"78042.650","34186","23784","22697","2091","-711","676","-868","585","3695739","-12016919","84858","32320","-52","10300","448"
"78043.650","34151","23778","22695","2082","-707","552","-866","585","3695686","-12016646","84925","32322","-173","10290","420"
"78044.650","34125","23773","22703","2071","-716","575","-915","585","3695634","-12016375","84983","32322","-137","10282","320"
"78045.650","34138","23778","22677","2104","-715","430","-883","585","3695582","-12016104","85034","32324","-88","10277","339"
"78046.650","34150","23780","22676","2112","-719","347","-906","585","3695530","-12015832","85080","32324","-12","10280","340"
"78047.650","34154","23781","22682","2111","-725","286","-950","585","3695478","-12015560","85126","32324","210","10291","338"
"78048.650","34163","23783","22677","2120","-724","342","-904","586","3695426","-12015290","85172","32325","208","10306","395"
"78049.650","34156","23781","22690","2107","-726","482","-788","585","3695374","-12015020","85218","32325","195","10308","356"
"78050.650","34151","23779","22709","2097","-719","371","-736","585","3695323","-12014747","85261","32323","140","10311","315"
"78051.650","34158","23782","22719","2100","-709","281","-947","585","3695271","-12014477","85301","32325","109","10317","296"
"78052.650","34175","23785","22725","2103","-716","251","-820","585","3695213","-12014210","85245","32325","103","10317","321"
"78053.650","34183","23786","22739","2097","-722","279","-799","585","3695161","-12013935","85183","32323","98","10321","307"
"78054.650","34193","23787","22748","2100","-723","237","-878","585","3695109","-12013661","85141","32323","77","10318","305"
"78055.650","34199","23790","22753","2104","-728","301","-812","585","3695057","-12013389","85110","32324","43","10318","322"
"78056.650","34204","23793","22751","2110","-744","294","-903","586","3695004","-12013117","85081","32327","25","10314","337"
"78057.650","34198","23792","22762","2106","-738","352","-1133","585","3694952","-12012844","85050","32328","18","10312","343"
"78058.650","34203","23795","22763","2109","-744","287","-909","586","3694899","-12012570","85031","32330","19","10314","359"
"78059.650","34197","23795","22773","2099","-742","369","-858","585","3694846","-12012299","85016","32332","18","10312","370"
"78060.650","34185","23795","22785","2090","-739","440","-741","585","3694793","-12012027","85008","32336","30","10313","330"
"78061.650","34191","23796","22786","2094","-747","395","-837","585","3694741","-12011755","84999","32336","23","10309","321"
"78062.650","34188","23795","22802","2086","-750","429","-992","585","3694689","-12011482","84994","32335","18","10306","288"
"78063.650","34203","23797","22806","2093","-760","379","-1144","585","3694636","-12011208","84983","32333","-4","10304","294"
"78064.650","34215","23797","22818","2093","-761","440","-873","585","3694582","-12010936","84974","32330","-21","10301","288"
"78065.650","34226","23798","22830","2093","-763","411","-959","585","3694529","-12010663","84963","32329","-47","10296","294"
"78066.650","34234","23798","22839","2095","-774","460","-896","586","3694476","-12010392","84948","32327","-54","10289","285"
"78067.650","34245","23799","22859","2089","-763","463","-841","585","3694423","-12010117","84929","32324","-89","10284","289"
"78068.650","34260","23801","22865","2098","-744","392","-894","586","3694371","-12009845","84907","32323","-122","10281","310"
"78069.650","34266","23802","22872","2098","-753","430","-786","585","3694318","-12009571","84880","32322","-58","10278","316"
"78070.650","34275","23803","22878","2098","-762","443","-829","586","3694266","-12009297","84861","32322","263","10294","307"
"78071.650","34282","23805","22880","2104","-759","459","-804","586","3694214","-12009024","84843","32323","255","10311","312"
"78072.650","34283","23804","22900","2094","-754","506","-808","585","3694161","-12008750","84829","32321","220","10314","295"
"78073.650","34294","23807","22901","2105","-753","435","-828","586","3694108","-12008477","84814","32322","167","10321","285"
"78074.650","34307","23810","22905","2111","-756","495","-775","586","3694056","-12008202","84798","32322","120","10322","291"
"78075.650","34311","23812","22917","2111","-753","582","-898","586","3694002","-12007928","84780","32325","70","10323","292"
"78076.650","34320","23814","22933","2106","-753","597","-791","586","3693948","-12007656","84759","32324","25","10317","286"
"78077.650","34330","23816","22941","2110","-749","586","-1004","586","3693895","-12007382","84739","32324","-23","10317","288"
"78078.650","34337","23819","22942","2120","-751","552","-809","586","3693841","-12007106","84718","32327","-41","10311","288"
"78079.650","34346","23822","22947","2123","-756","596","-890","586","3693788","-12006832","84697","32329","54","10313","293"
"78080.650","34357","23825","22949","2130","-765","642","-922","586","3693734","-12006558","84676","32329","104","10318","295"
"78081.650","34366","23824","22966","2122","-770","572","-828","586","3693681","-12006285","84656","32326","116","10320","281"
"78082.650","34378","23827","22976","2122","-770","479","-953","586","3693627","-12006010","84636","32327","109","10322","288"
"78083.650","34393","23829","22989","2119","-766","484","-840","586","3693573","-12005736","84615","32325","98","10327","296"
"78084.650","34401","23831","22990","2127","-769","548","-862","586","3693520","-12005461","84594","32325","91","10329","294"
"78085.650","34404","23832","22997","2124","-786","617","-813","586","3693466","-12005186","84574","32327","81","10324","292"
"78086.650","34416","23834","23002","2128","-787","562","-822","586","3693411","-12004911","84555","32326","37","10326","295"
"78087.650","34427","23835","23008","2127","-806","546","-813","587","3693358","-12004637","84536","32324","21","10319","294"
"78088.650","34435","23835","23006","2135","-811","575","-699","586","3693303","-12004361","84518","32322","-18","10312","298"
"78089.650","34444","23832","23017","2129","-810","485","-812","587","3693249","-12004085","84501","32316","-34","10311","322"
"78090.650","34443","23835","23016","2132","-817","548","-695","587","3693195","-12003810","84485","32319","-34","10307","324"
"78091.650","34445","23840","23008","2145","-814","400","-710","587","3693141","-12003536","84471","32327","-25","10305","315"
"78092.650","34451","23842","23026","2130","-817","407","-754","587","3693087","-12003259","84459","32327","-16","10301","313"
"78093.650","34450","23841","23052","2112","-807","579","-750","586","3693033","-12002986","84451","32327","-21","10301","289"
"78094.650","34453","23843","23061","2109","-822","565","-728","586","3692980","-12002709","84440","32328","-21","10298","276"
"78095.650","34461","23845","23073","2107","-828","609","-760","586","3692925","-12002433","84428","32329","-28","10293","253"
"78096.650","34478","23848","23072","2115","-860","567","-583","587","3692872","-12002158","84414","32328","-49","10289","252"
"78097.650","34490","23847","23083","2106","-917","911","-556","587","3692817","-12001882","84396","32323","-65","10279","250"
"78098.650","34512","23849","23107","2094","-931","934","-466","587","3692764","-12001606","84372","32321","-87","10270","243"
"78099.650","34540","23855","23117","2102","-906","707","-727","587","3692711","-12001329","84341","32322","-122","10264","257"
"78100.650","34558","23859","23133","2091","-942","706","-583","587","3692657","-12001053","84304","32322","-140","10258","262"
"78101.650","34575","23865","23131","2097","-966","754","-509","587","3692604","-12000778","84262","32325","-169","10242","323"
"78102.650","34587","23867","23134","2099","-941","684","-662","587","3692552","-12000499","84227","32324","-206","10235","312"
"78103.650","34578","23866","23148","2088","-943","887","-765","587","3692499","-12000223","84195","32325","-237","10219","301"
"78104.650","34591","23866","23152","2091","-941","684","-613","587","3692448","-11999947","84167","32322","-280","10206","269"
"78105.650","34597","23864","23178","2072","-962","744","-624","587","3692396","-11999668","84143","32318","-309","10184","241"
"78106.650","34621","23869","23182","2083","-959","596","-678","587","3692345","-11999391","84120","32319","-350","10170","219"
"78107.650","34644","23873","23189","2098","-942","447","-611","587","3692294","-11999114","84093","32318","-377","10150","198"
"78108.650","34672","23880","23192","2116","-950","455","-709","587","3692243","-11998835","84063","32319","-409","10132","171"
"78109.650","34703","23885","23212","2125","-943","438","-569","588","3692193","-11998558","84028","32318","-428","10118","151"
"78110.650","34753","23895","23219","2150","-926","265","-550","588","3692143","-11998278","83987","32318","-227","10104","171"
"78111.650","34796","23903","23222","2167","-925","288","-709","588","3692094","-11997998","83936","32318","-53","10109","227"
"78112.650","34827","23905","23235","2167","-921","192","-625","588","3692046","-11997718","83874","32313","-27","10104","269"
"78113.650","34846","23908","23242","2165","-907","207","-612","588","3691998","-11997438","83815","32312","-62","10106","325"
"78114.650","34853","23909","23238","2160","-912","192","-920","588","3691951","-11997158","83763","32311","-18","10098","401"
"78115.650","34841","23907","23223","2158","-910","293","-813","588","3691903","-11996878","83721","32312","21","10106","419"
"78116.650","34814","23903","23223","2143","-902","308","-621","588","3691857","-11996598","83697","32313","61","10103","401"
"78117.650","34789","23899","23216","2137","-907","261","-664","588","3691811","-11996320","83697","32315","38","10103","352"
"78118.650","34776","23899","23209","2137","-921","265","-756","588","3691764","-11996041","83713","32317","-6","10097","305"
"78119.650","34786","23901","23203","2145","-918","289","-745","588","3691716","-11995761","83743","32318","-67","10088","296"
"78120.650","34794","23903","23203","2150","-912","274","-685","588","3691668","-11995481","83749","32318","-134","10081","289"
"78121.650","34801","23904","23214","2146","-899","253","-689","588","3691620","-11995201","83757","32318","-211","10071","283"
"78122.650","34808","23904","23233","2135","-897","229","-685","587","3691572","-11994923","83761","32316","-158","10064","272"
"78123.650","34824","23907","23240","2131","-910","224","-772","587","3691525","-11994641","83761","32316","140","10072","270"
"78124.650","34842","23908","23255","2118","-925","237","-1128","587","3691478","-11994361","83757","32313","338","10093","293"
"78125.650","34858","23910","23255","2120","-928","221","-696","587","3691431","-11994081","83749","32311","455","10119","296"
"78126.650","34867","23912","23255","2121","-927","228","-764","588","3691383","-11993803","83736","32312","486","10129","316"
"78127.650","34879","23915","23244","2129","-931","263","-909","587","3691336","-11993521","83719","32313","479","10154","325"
"78128.650","34880","23917","23246","2127","-921","211","-692","588","3691287","-11993242","83709","32314","469","10175","332"
"78129.650","34882","23918","23241","2128","-911","313","-640","587","3691238","-11992962","83702","32316","459","10189","358"
"78130.650","34876","23919","23242","2117","-915","304","-720","587","3691189","-11992684","83696","32318","354","10209","379"
"78131.650","34860","23916","23246","2098","-922","347","-577","587","3691139","-11992404","83693","32318","246","10206","396"
"78132.650","34840","23913","23232","2093","-937","399","-569","587","3691088","-11992127","83694","32320","142","10213","433"
"78133.650","34815","23909","23218","2084","-945","499","-670","587","3691037","-11991849","83705","32321","124","10214","437"
"78134.650","34793","23907","23202","2087","-913","414","-816","587","3690985","-11991570","83727","32324","98","10216","429"
"78135.650","34770","23904","23182","2092","-899","370","-626","587","3690934","-11991293","83760","32326","-23","10213","416"
"78136.650","34749","23903","23158","2101","-904","378","-707","587","3690882","-11991015","83802","32331","-138","10203","401"
"78137.650","34728","23900","23148","2090","-937","651","-628","587","3690831","-11990737","83845","32333","-204","10191","399"
"78138.650","34714","23898","23128","2097","-940","632","-578","587","3690779","-11990460","83885","32333","-167","10182","402"
"78139.650","34702","23894","23115","2098","-947","499","-486","587","3690728","-11990184","83918","32331","5","10184","391"
"78140.650","34692","23891","23101","2102","-943","453","-609","587","3690678","-11989907","83948","32329","289","10199","401"
"78141.650","34681","23889","23081","2112","-931","522","-685","587","3690627","-11989629","83976","32330","289","10217","412"
"78142.650","34671","23888","23061","2113","-940","430","-666","587","3690576","-11989352","84004","32331","294","10226","460"
"78143.650","34649","23882","23041","2111","-927","445","-671","587","3690525","-11989074","84035","32328","308","10244","494"
"78144.650","34615","23875","23020","2109","-911","486","-655","587","3690474","-11988800","84068","32328","329","10257","496"
"78145.650","34585","23868","22999","2101","-926","482","-572","587","3690422","-11988524","84108","32327","330","10270","494"
"78146.650","34555","23862","22975","2103","-909","424","-521","587","3690370","-11988248","84159","32326","327","10281","509"
"78147.650","34520","23856","22947","2103","-909","351","-664","587","3690317","-11987973","84221","32327","311","10295","514"
"78148.650","34478","23848","22928","2097","-902","413","-738","587","3690264","-11987699","84292","32328","311","10303","479"
"78149.650","34441","23840","22923","2078","-919","489","-704","586","3690210","-11987424","84368","32328","301","10310","444"
"78150.650","34425","23838","22898","2089","-919","415","-806","586","3690156","-11987151","84430","32329","81","10307","436"
"78151.650","34408","23834","22882","2092","-920","415","-692","587","3690101","-11986877","84490","32329","-24","10300","429"
"78152.650","34380","23830","22873","2082","-951","595","-630","587","3690047","-11986605","84544","32330","-216","10286","416"
"78153.650","34365","23829","22858","2092","-937","543","-637","587","3689993","-11986331","84595","32333","-317","10271","413"
"78154.650","34356","23830","22845","2099","-919","403","-853","587","3689938","-11986058","84641","32336","-202","10258","429"
"78155.650","34344","23829","22831","2098","-937","482","-684","587","3689885","-11985784","84679","32339","20","10269","439"
"78156.650","34328","23826","22817","2105","-914","477","-678","587","3689831","-11985512","84712","32339","76","10275","433"
"78157.650","34312","23824","22807","2102","-923","415","-727","587","3689778","-11985239","84741","32340","405","10296","414"
"78158.650","34297","23822","22797","2098","-943","372","-839","587","3689726","-11984965","84768","32342","705","10334","422"
"78159.650","34284","23820","22786","2095","-959","378","-666","587","3689672","-11984693","84792","32343","1299","10398","415"
"78160.650","34273","23820","22781","2088","-968","418","-596","587","3689618","-11984423","84818","32345","1434","10471","409"
"78161.650","34255","23817","22767","2079","-1017","439","-562","587","3689562","-11984149","84842","32346","1442","10529","434"
"78162.650","34232","23813","22766","2056","-1052","526","-778","587","3689504","-11983879","84869","32347","1397","10589","439"
"78163.650","34211","23812","22756","2059","-1031","506","-703","587","3689444","-11983608","84898","32351","1349","10642","432"
"78164.650","34190","23809","22753","2044","-1045","581","-677","586","3689381","-11983338","84933","32353","1344","10697","450"
"78165.650","34170","23804","22779","2006","-1047","541","-526","586","3689316","-11983069","84969","32352","1347","10736","374"
"78166.650","34151","23799","22793","1986","-1055","626","-519","585","3689250","-11982801","85002","32350","1348","10781","345"
"78167.650","34141","23796","22807","1972","-1068","742","-723","586","3689182","-11982534","85029","32349","1350","10826","296"
"78168.650","34158","23800","22800","1989","-1068","651","-683","586","3689111","-11982268","85046","32349","1371","10881","293"
"78169.650","34174","23801","22799","1998","-1073","573","-601","586","3689040","-11982003","85053","32347","1387","10941","289"
"78170.650","34179","23799","22796","2024","-1043","763","-728","586","3688966","-11981736","85046","32342","1410","10998","283"
"78171.650","34191","23799","22793","2035","-1054","737","-684","587","3688891","-11981474","85028","32339","1598","11074","288"
"78172.650","34204","23799","22794","2035","-1080","738","-806","587","3688814","-11981209","84999","32336","1628","11149","289"
"78173.650","34213","23800","22809","2026","-1087","737","-646","587","3688735","-11980946","84979","32334","1629","11218","295"
"78174.650","34225","23800","22819","2030","-1070","673","-573","587","3688653","-11980684","84958","32332","1776","11304","306"
"78175.650","34234","23801","22819","2031","-1082","684","-664","587","3688569","-11980424","84938","32330","1836","11386","307"
"78176.650","34235","23800","22826","2036","-1067","690","-683","587","3688482","-11980164","84921","32329","1925","11467","283"
"78177.650","34243","23803","22830","2037","-1081","666","-707","587","3688392","-11979905","84907","32330","2151","11550","249"
"78178.650","34257","23804","22832","2053","-1077","755","-703","587","3688301","-11979648","84889","32328","2163","11641","235"
"78179.650","34274","23807","22836","2068","-1076","727","-779","587","3688205","-11979392","84862","32327","2197","11742","239"
"78180.650","34290","23812","22838","2073","-1093","718","-629","588","3688108","-11979138","84830","32329","2267","11854","258"
"78181.650","34301","23813","22838","2084","-1090","694","-522","588","3688006","-11978886","84794","32329","2262","11964","294"
"78182.650","34306","23815","22836","2083","-1088","792","-627","588","3687903","-11978635","84763","32329","2216","12078","328"
"78183.650","34307","23815","22836","2082","-1083","799","-699","588","3687795","-11978386","84742","32329","2185","12170","317"
"78184.650","34306","23818","22838","2062","-1107","847","-651","588","3687684","-11978142","84730","32334","2166","12263","327"
"78185.650","34310","23818","22843","2050","-1108","853","-716","587","3687570","-11977898","84724","32333","2113","12357","332"
"78186.650","34304","23817","22845","2045","-1102","872","-776","587","3687452","-11977655","84722","32334","2087","12446","335"
"78187.650","34304","23818","22837","2044","-1105","895","-781","587","3687332","-11977417","84722","32334","2053","12541","357"
"78188.650","34299","23817","22832","2033","-1113","958","-818","587","3687209","-11977181","84725","32334","2034","12633","366"
"78189.650","34284","23813","22830","2011","-1133","1012","-634","587","3687083","-11976947","84732","32333","2014","12709","347"
"78190.650","34275","23812","22822","2024","-1121","926","-564","587","3686955","-11976716","84742","32334","1993","12774","303"
"78191.650","34272","23811","22822","2029","-1121","897","-614","587","3686825","-11976487","84751","32334","1985","12853","278"
"78192.650","34287","23811","22813","2036","-1136","767","-699","587","3686691","-11976259","84751","32330","2156","12942","266"
"78193.650","34299","23812","22808","2051","-1136","732","-724","588","3686556","-11976033","84741","32328","2271","13054","270"
"78194.650","34316","23817","22802","2049","-1155","675","-639","588","3686418","-11975811","84723","32329","2630","13178","262"
"78195.650","34332","23822","22803","2042","-1170","423","-697","588","3686277","-11975590","84701","32332","2952","13324","264"
"78196.650","34345","23826","22818","2032","-1159","476","-617","587","3686133","-11975373","84677","32334","3252","13501","278"
"78197.650","34356","23826","22838","2003","-1159","364","-666","587","3685986","-11975161","84653","32332","3266","13662","279"
"78198.650","34361","23828","22837","1996","-1160","335","-592","587","3685835","-11974951","84630","32332","3237","13828","305"
"78199.650","34369","23830","22830","1996","-1156","311","-662","587","3685680","-11974747","84610","32333","3237","13985","321"
"78200.650","34370","23828","22820","1999","-1153","430","-569","587","3685521","-11974551","84596","32331","3198","14135","323"
"78201.650","34364","23827","22821","1987","-1149","540","-632","587","3685357","-11974359","84595","32331","3150","14288","336"
"78202.650","34359","23826","22818","1978","-1143","622","-649","587","3685189","-11974170","84594","32330","3119","14437","340"
"78203.650","34353","23825","22807","1975","-1148","532","-641","587","3685019","-11973989","84596","32330","3095","14580","340"
"78204.650","34343","23824","22794","1979","-1147","588","-623","587","3684845","-11973814","84601","32332","3072","14720","338"
"78205.650","34336","23822","22794","1972","-1146","554","-558","587","3684668","-11973642","84604","32331","3048","14836","293"
"78206.650","34340","23823","22794","1958","-1155","439","-607","587","3684488","-11973476","84605","32331","3030","14959","275"
"78207.650","34351","23825","22795","1961","-1154","403","-576","586","3684307","-11973315","84598","32331","3013","15108","288"
"78208.650","34362","23827","22798","1955","-1155","408","-807","586","3684122","-11973157","84584","32331","3024","15251","300"
"78209.650","34367","23827","22812","1934","-1148","386","-774","586","3683934","-11973007","84571","32330","3014","15390","304"
"78210.650","34374","23829","22814","1938","-1140","300","-694","586","3683745","-11972862","84558","32331","2993","15528","304"
"78211.650","34386","23831","22810","1924","-1147","295","-700","585","3683552","-11972723","84546","32330","2917","15657","301"
"78212.650","34392","23833","22814","1920","-1146","303","-738","586","3683357","-11972589","84541","32331","2365","15744","299"
"78213.650","34393","23835","22829","1906","-1142","399","-586","585","3683161","-11972462","84535","32334","1909","15796","280"
"78214.650","34412","23840","22832","1909","-1146","487","-600","586","3682962","-11972338","84519","32335","1626","15862","293"
"78215.650","34422","23843","22839","1921","-1138","587","-682","586","3682763","-11972216","84500","32336","1208","15904","322"
"78216.650","34429","23846","22833","1933","-1139","747","-651","586","3682562","-11972100","84484","32338","962","15944","368"
"78217.650","34428","23845","22841","1915","-1134","817","-604","585","3682361","-11971982","84469","32337","543","15952","353"
"78218.650","34419","23842","22847","1923","-1125","753","-624","585","3682159","-11971870","84459","32336","348","15953","327"
"78219.650","34425","23843","22846","1900","-1140","737","-726","585","3681957","-11971757","84458","32336","284","15955","325"
"78220.650","34435","23846","22839","1894","-1152","671","-680","585","3681754","-11971646","84453","32337","227","15964","325"
"78221.650","34438","23846","22838","1884","-1159","745","-737","585","3681552","-11971535","84447","32337","231","15971","320"
"78222.650","34440","23847","22842","1871","-1162","894","-726","585","3681349","-11971424","84442","32337","242","15980","317"
"78223.650","34447","23849","22845","1857","-1169","944","-646","585","3681146","-11971313","84436","32338","255","15986","312"
"78224.650","34457","23851","22849","1867","-1165","829","-659","585","3680943","-11971202","84428","32338","261","15999","309"
"78225.650","34467","23853","22848","1863","-1173","670","-573","585","3680740","-11971095","84419","32338","311","16012","300"
"78226.650","34470","23853","22874","1850","-1157","831","-683","585","3680536","-11970986","84409","32337","364","16026","292"
"78227.650","34489","23855","22875","1845","-1165","676","-603","585","3680333","-11970876","84396","32335","221","16028","293"
"78228.650","34505","23857","22874","1856","-1166","684","-681","585","3680129","-11970768","84382","32334","-135","16015","337"
"78229.650","34508","23858","22874","1864","-1160","692","-535","584","3679925","-11970659","84369","32334","-186","15994","380"
"78230.650","34503","23857","22860","1867","-1162","707","-645","585","3679721","-11970552","84356","32334","-190","15989","429"
"78231.650","34484","23852","22862","1835","-1158","783","-696","584","3679518","-11970443","84345","32332","-163","15975","396"
"78232.650","34466","23850","22862","1830","-1151","770","-817","584","3679314","-11970334","84337","32334","-204","15969","375"
"78233.650","34448","23846","22877","1846","-1127","856","-737","585","3679112","-11970226","84333","32334","-196","15959","314"
"78234.650","34454","23848","22875","1829","-1141","731","-808","584","3678909","-11970117","84330","32334","-183","15953","280"
"78235.650","34467","23851","22878","1832","-1149","803","-629","584","3678705","-11970007","84323","32335","-178","15944","271"
"78236.650","34489","23856","22883","1836","-1152","655","-763","584","3678502","-11969896","84314","32336","-175","15934","296"
"78237.650","34507","23859","22893","1822","-1152","594","-610","585","3678298","-11969786","84307","32335","-166","15928","321"
"78238.650","34510","23859","22902","1839","-1138","621","-767","584","3678094","-11969676","84302","32335","-118","15924","330"
"78239.650","34516","23860","22909","1827","-1135","542","-637","584","3677891","-11969563","84294","32334","-68","15922","339"
"78240.650","34517","23859","22907","1826","-1137","620","-730","584","3677688","-11969452","84290","32333","-11","15922","349"
"78241.650","34516","23858","22900","1831","-1141","599","-651","584","3677484","-11969341","84285","32331","36","15924","339"
"78242.650","34521","23859","22883","1848","-1151","646","-695","584","3677280","-11969230","84289","32332","94","15930","350"
"78243.650","34527","23860","22878","1825","-1164","682","-694","584","3677077","-11969118","84293","32331","137","15935","355"
"78244.650","34519","23859","22886","1817","-1157","829","-501","585","3676874","-11969006","84297","32333","129","15938","333"
"78245.650","34518","23860","22883","1848","-1149","923","-670","585","3676670","-11968894","84304","32334","52","15943","341"
"78246.650","34517","23860","22875","1851","-1157","1053","-620","585","3676467","-11968783","84310","32334","-163","15935","346"
"78247.650","34509","23860","22872","1859","-1155","1082","-614","585","3676263","-11968672","84312","32336","-373","15905","366"
"78248.650","34503","23860","22870","1853","-1155","1039","-582","585","3676059","-11968561","84314","32337","-375","15888","377"
"78249.650","34495","23860","22864","1837","-1161","1086","-504","584","3675857","-11968449","84320","32340","-349","15873","388"
"78250.650","34475","23856","22871","1765","-1172","1423","-653","583","3675654","-11968337","84325","32340","-328","15857","400"
"78251.650","34462","23854","22860","1769","-1172","1388","-642","584","3675452","-11968223","84329","32341","-300","15848","397"
"78252.650","34447","23853","22862","1730","-1177","1511","-597","583","3675250","-11968110","84333","32343","-269","15833","394"
"78253.650","34442","23852","22851","1753","-1171","1295","-595","583","3675049","-11967997","84340","32343","-251","15822","387"
"78254.650","34431","23849","22842","1779","-1165","1199","-644","583","3674847","-11967881","84350","32342","-234","15815","366"
"78255.650","34427","23848","22834","1830","-1151","968","-532","584","3674645","-11967766","84367","32342","-208","15806","324"
"78256.650","34444","23852","22824","1883","-1146","555","-647","585","3674444","-11967651","84375","32342","-191","15802","312"
"78257.650","34449","23852","22831","1832","-1165","754","-672","584","3674242","-11967533","84384","32342","-171","15789","316"
"78258.650","34457","23855","22830","1843","-1167","724","-612","585","3674040","-11967417","84391","32344","-166","15784","316"
"78259.650","34468","23857","22833","1848","-1166","556","-604","585","3673839","-11967300","84393","32343","-152","15770","340"
"78260.650","34472","23859","22832","1849","-1166","469","-593","585","3673637","-11967182","84393","32345","-133","15774","348"
"78261.650","34468","23858","22848","1822","-1160","567","-737","584","3673436","-11967065","84389","32344","-102","15763","341"
"78262.650","34472","23857","22871","1800","-1145","507","-488","583","3673235","-11966946","84381","32343","-82","15762","324"
"78263.650","34473","23855","22905","1788","-1118","575","-588","583","3673034","-11966828","84375","32339","-55","15756","300"
"78264.650","34492","23857","22912","1803","-1111","437","-621","583","3672833","-11966711","84370","32336","-54","15754","274"
"78265.650","34511","23861","22909","1825","-1117","464","-759","584","3672631","-11966592","84371","32337","-96","15749","274"
"78266.650","34528","23865","22907","1822","-1129","626","-554","584","3672428","-11966473","84387","32338","-327","15729","309"
"78267.650","34538","23868","22908","1815","-1133","752","-612","584","3672227","-11966355","84387","32340","-374","15704","349"
"78268.650","34531","23870","22904","1803","-1138","846","-604","584","3672025","-11966237","84377","32344","-361","15694","373"
"78269.650","34509","23868","22918","1773","-1132","1162","-769","584","3671824","-11966118","84361","32347","-288","15683","345"
"78270.650","34517","23871","22911","1789","-1131","882","-550","583","-9999999","-99999999","-99999","32350","-241","15676","344"
"78271.650","34517","23873","22908","1787","-1133","843","-624","583","-9999999","-99999999","-99999","32351","-175","15670","356"
"78272.650","34503","23868","22921","1738","-1139","1074","-682","582","-9999999","-99999999","-99999","32348","-91","15668","327"
"78273.650","34504","23868","22918","1730","-1145","1085","-670","582","-9999999","-99999999","-99999","32349","-37","15664","340"
"78274.650","34509","23868","22914","1738","-1145","1038","-622","582","-9999999","-99999999","-99999","32347","12","15667","333"
"78275.650","34511","23868","22913","1729","-1149","981","-572","583","-9999999","-99999999","-99999","32346","22","15665","345"
"78276.650","34514","23868","22914","1748","-1136","997","-695","583","-9999999","-99999999","-99999","32346","19","15669","348"
"78277.650","34520","23868","22906","1768","-1133","882","-622","583","-9999999","-99999999","-99999","32345","16","15668","360"
"78278.650","34513","23868","22902","1767","-1133","916","-578","583","-9999999","-99999999","-99999","32346","-2","15671","347"
"78279.650","34499","23866","22916","1757","-1121","1103","-666","583","-9999999","-99999999","-99999","32347","4","15667","340"
"78280.650","34513","23866","22901","1813","-1111","930","-763","584","-9999999","-99999999","-99999","32344","-31","15669","337"
"78281.650","34515","23865","22898","1778","-1129","1058","-604","583","-9999999","-99999999","-99999","32341","-64","15664","338"
"78282.650","34525","23870","22889","1830","-1115","837","-514","584","-9999999","-99999999","-99999","32345","-115","15658","343"
"78283.650","34528","23871","22884","1846","-1112","911","-613","584","-9999999","-99999999","-99999","32345","-315","15641","350"
"78284.650","34519","23868","22875","1850","-1117","1093","-631","584","-9999999","-99999999","-99999","32345","-476","15614","353"
"78285.650","34523","23866","22864","1855","-1125","847","-677","584","-9999999","-99999999","-99999","32341","-488","15588","355"
"78286.650","34525","23866","22865","1843","-1125","761","-722","584","-9999999","-99999999","-99999","32341","-478","15563","354"
"78287.650","34524","23867","22867","1869","-1108","696","-638","584","-9999999","-99999999","-99999","32342","-468","15546","357"
"78288.650","34531","23868","22879","1859","-1096","566","-757","584","-9999999","-99999999","-99999","32342","-448","15525","353"
"78289.650","34529","23869","22882","1877","-1082","515","-712","584","-9999999","-99999999","-99999","32343","-435","15512","349"
"78290.650","34528","23870","22870","1884","-1088","564","-557","585","-9999999","-99999999","-99999","32345","-415","15495","362"
"78291.650","34533","23872","22864","1866","-1098","386","-768","584","-9999999","-99999999","-99999","32346","-385","15479","357"
"78292.650","34524","23869","22857","1883","-1093","601","-508","585","-9999999","-99999999","-99999","32345","-364","15465","356"
"78293.650","34524","23869","22844","1884","-1104","450","-722","585","-9999999","-99999999","-99999","32344","-312","15450","362"
"78294.650","34521","23864","22842","1841","-1123","531","-755","585","-9999999","-99999999","-99999","32339","-46","15447","346"
"78295.650","34525","23869","22843","1811","-1133","778","-623","584","-9999999","-99999999","-99999","32344","-51","15454","364"
"78296.650","34521","23870","22854","1803","-1119","897","-600","583","-9999999","-99999999","-99999","32346","-125","15439","378"
"78297.650","34512","23870","22850","1802","-1117","881","-642","583","-9999999","-99999999","-99999","32349","-203","15433","392"
"78298.650","34510","23873","22872","1806","-1080","914","-655","584","-9999999","-99999999","-99999","32354","-236","15427","395"
"78299.650","34498","23873","22868","1825","-1061","994","-734","583","-9999999","-99999999","-99999","32357","-241","15415","429"
"78300.650","34478","23870","22856","1824","-1056","1095","-496","583","-9999999","-99999999","-99999","32358","-256","15406","435"
"78301.650","34449","23863","22859","1821","-1041","1184","-543","583","-9999999","-99999999","-99999","32356","-253","15394","389"
"78302.650","34449","23863","22849","1794","-1060","863","-608","582","-9999999","-99999999","-99999","32356","-247","15383","332"
"78303.650","34446","23862","22852","1820","-1045","960","-676","583","-9999999","-99999999","-99999","32356","-161","15378","306"
"78304.650","34459","23865","22843","1840","-1050","960","-620","583","-9999999","-99999999","-99999","32357","-135","15374","312"
"78305.650","34468","23867","22838","1839","-1060","1062","-739","583","-9999999","-99999999","-99999","32356","-165","15366","327"
"78306.650","34469","23866","22839","1840","-1060","1184","-688","583","-9999999","-99999999","-99999","32355","-188","15357","345"
"78307.650","34469","23866","22840","1802","-1076","1506","-600","583","-9999999","-99999999","-99999","32355","-268","15343","351"
"78308.650","34467","23866","22836","1821","-1068","1560","-605","583","-9999999","-99999999","-99999","32355","-663","15308","368"
"78309.650","34459","23864","22820","1828","-1078","1632","-633","584","-9999999","-99999999","-99999","32355","-763","15261","382"
"78310.650","34445","23861","22807","1854","-1072","1589","-533","584","-9999999","-99999999","-99999","32355","-805","15234","390"
"78311.650","34434","23858","22792","1839","-1088","1587","-634","583","-9999999","-99999999","-99999","32354","-783","15194","408"
"78312.650","34413","23853","22794","1805","-1093","1798","-663","583","-9999999","-99999999","-99999","32353","-728","15166","386"
"78313.650","34396","23848","22799","1808","-1083","1716","-632","583","-9999999","-99999999","-99999","32351","-663","15141","354"
"78314.650","34402","23848","22782","1800","-1108","1385","-634","583","-9999999","-99999999","-99999","32348","-347","15132","328"
"78315.650","34397","23846","22777","1821","-1107","1392","-646","584","-9999999","-99999999","-99999","32347","-259","15127","322"
"78316.650","34406","23847","22762","1814","-1131","1314","-742","584","3662684","-11960083","84501","32347","-87","15119","346"
"78317.650","34405","23847","22760","1806","-1137","1360","-562","584","3662415","-11959877","84381","32347","-38","15126","370"
"78318.650","34413","23847","22755","1814","-1137","1078","-698","584","3662226","-11959732","84378","32344","-13","15120","344"
"78319.650","34409","23848","22756","1831","-1126","1070","-671","584","3662037","-11959587","84377","32346","-12","15120","360"
"78320.650","34413","23847","22757","1827","-1125","999","-597","583","3661849","-11959443","84375","32345","-25","15119","363"
"78321.650","34412","23844","22757","1847","-1106","840","-653","584","3661660","-11959299","84377","32341","-27","15114","345"
"78322.650","34414","23843","22759","1840","-1109","849","-519","584","3661471","-11959153","84381","32339","-46","15110","326"
"78323.650","34410","23842","22765","1815","-1119","1030","-489","584","3661282","-11959009","84381","32339","-36","15103","343"
"78324.650","34425","23845","22757","1860","-1104","765","-534","584","3661094","-11958864","84379","32339","313","15130","340"
"78325.650","34427","23847","22749","1893","-1094","649","-768","585","3660905","-11958721","84375","32340","396","15152","352"
"78326.650","34427","23848","22744","1875","-1109","719","-635","585","3660716","-11958576","84371","32341","422","15174","350"
"78327.650","34423","23848","22751","1863","-1108","794","-762","585","3660527","-11958432","84370","32342","442","15195","336"
"78328.650","34426","23849","22753","1889","-1095","717","-629","585","3660338","-11958288","84368","32343","471","15213","337"
"78329.650","34432","23848","22749","1893","-1099","775","-657","585","3660148","-11958146","84365","32341","486","15236","329"
"78330.650","34439","23852","22759","1914","-1080","840","-568","584","3659958","-11958006","84360","32344","492","15253","326"
"78331.650","34450","23854","22780","1893","-1071","739","-611","584","3659767","-11957864","84354","32344","469","15279","340"
"78332.650","34451","23857","22785","1888","-1068","797","-659","584","3659576","-11957724","84348","32348","458","15287","335"
"78333.650","34454","23858","22797","1890","-1056","726","-743","584","3659385","-11957586","84343","32349","423","15307","320"
"78334.650","34457","23860","22803","1919","-1038","649","-883","585","3659194","-11957448","84338","32349","385","15321","316"
"78335.650","34464","23862","22815","1905","-1038","570","-719","584","3659002","-11957311","84331","32351","341","15334","313"
"78336.650","34473","23863","22824","1890","-1040","572","-672","584","3658810","-11957172","84322","32351","274","15338","320"
"78337.650","34473","23865","22831","1872","-1045","687","-709","584","3658617","-11957036","84311","32352","205","15347","330"
"78338.650","34484","23864","22833","1871","-1044","497","-639","584","3658425","-11956897","84301","32348","152","15349","335"
"78339.650","34484","23864","22832","1874","-1044","514","-687","584","3658231","-11956762","84292","32349","109","15355","331"
"78340.650","34485","23864","22839","1850","-1048","538","-612","584","3658039","-11956627","84285","32348","79","15356","342"
"78341.650","34486","23864","22837","1871","-1038","508","-724","584","3657846","-11956492","84278","32348","48","15358","349"
"78342.650","34491","23866","22826","1900","-1034","399","-696","584","3657653","-11956356","84274","32349","9","15362","345"
"78343.650","34483","23865","22826","1884","-1042","511","-638","584","3657460","-11956220","84271","32350","-5","15355","346"
"78344.650","34490","23868","22808","1880","-1062","478","-645","584","3657267","-11956084","84269","32352","-32","15351","353"
"78345.650","34490","23869","22793","1875","-1081","447","-616","585","3657074","-11955948","84267","32354","-48","15349","353"
"78346.650","34477","23870","22789","1861","-1089","749","-805","584","3656881","-11955814","84266","32358","-42","15342","370"
"78347.650","34477","23869","22791","1893","-1068","694","-614","584","3656689","-11955677","84267","32357","-30","15348","363"
"78348.650","34473","23868","22798","1876","-1065","631","-693","584","3656496","-11955542","84270","32357","-5","15344","361"
"78349.650","34472","23866","22819","1846","-1053","744","-635","584","3656303","-11955406","84273","32354","4","15347","365"
"78350.650","34466","23863","22836","1813","-1048","846","-649","583","3656110","-11955271","84277","32352","21","15345","371"
"78351.650","34457","23858","22850","1808","-1028","994","-600","583","3655919","-11955133","84282","32347","39","15349","369"
"78352.650","34457","23855","22847","1797","-1032","975","-767","582","3655726","-11954998","84288","32343","64","15350","363"
"78353.650","34441","23851","22857","1790","-1023","1256","-537","582","3655533","-11954863","84295","32342","82","15353","333"
"78354.650","34439","23850","22868","1761","-1029","1389","-665","582","3655341","-11954726","84299","32341","109","15353","307"
"78355.650","34449","23851","22878","1750","-1031","1394","-513","581","3655148","-11954590","84302","32341","137","15360","288"
"78356.650","34461","23851","22889","1778","-1013","1412","-784","582","3654955","-11954454","84301","32337","174","15366","293"
"78357.650","34475","23853","22890","1793","-1012","1351","-604","582","3654762","-11954319","84295","32336","214","15382","290"
"78358.650","34489","23853","22892","1823","-1002","1241","-893","582","3654569","-11954184","84282","32333","221","15402","294"
"78359.650","34495","23854","22900","1809","-1009","1296","-576","582","3654376","-11954052","84260","32332","267","15404","287"
"78360.650","34506","23855","22908","1793","-1016","1253","-633","582","3654183","-11953916","84232","32331","288","15415","290"
"78361.650","34519","23857","22921","1818","-996","1220","-601","582","3653989","-11953782","84208","32330","326","15431","297"
"78362.650","34529","23858","22934","1840","-976","1102","-561","582","3653796","-11953648","84186","32328","358","15459","307"
"78363.650","34538","23858","22935","1835","-980","1107","-664","582","3653602","-11953514","84166","32325","417","15471","312"
"78364.650","34540","23858","22935","1801","-999","1074","-737","582","3653407","-11953383","84149","32325","466","15493","316"
"78365.650","34539","23857","22941","1775","-1008","1210","-769","582","3653213","-11953250","84135","32324","513","15504","307"
"78366.650","34542","23859","22958","1721","-1017","1088","-591","581","3653018","-11953119","84122","32326","548","15521","318"
"78367.650","34547","23860","22968","1705","-1015","1062","-759","581","3652823","-11952988","84109","32326","499","15544","324"
"78368.650","34546","23864","22968","1687","-1022","1092","-561","580","3652627","-11952858","84098","32332","471","15557","339"
"78369.650","34553","23867","22966","1717","-1005","920","-518","580","3652431","-11952729","84089","32334","461","15579","356"
"78370.650","34553","23866","22965","1705","-1006","895","-628","581","3652235","-11952603","84082","32333","465","15596","372"
"78371.650","34543","23862","22973","1694","-992","1054","-645","580","3652039","-11952476","84077","32330","417","15618","367"
"78372.650","34534","23861","22975","1707","-978","1156","-683","580","3651842","-11952349","84075","32330","243","15617","353"
"78373.650","34533","23862","22964","1702","-988","1037","-637","580","3651645","-11952224","84075","32332","196","15618","339"
"78374.650","34528","23863","22949","1658","-1022","1228","-722","580","3651449","-11952098","84081","32335","217","15622","345"
"78375.650","34532","23869","22929","1653","-1043","1180","-594","580","3651251","-11951974","84083","32342","243","15632","341"
"78376.650","34535","23870","22920","1663","-1046","1190","-757","580","3651054","-11951850","84084","32343","282","15644","357"
"78377.650","34535","23867","22917","1686","-1034","1115","-834","581","3650856","-11951726","84085","32339","311","15661","372"
"78378.650","34545","23867","22896","1734","-1026","849","-755","581","3650659","-11951603","84089","32336","354","15676","385"
"78379.650","34532","23865","22889","1718","-1031","987","-668","581","3650461","-11951480","84095","32336","387","15695","388"
"78380.650","34517","23864","22877","1708","-1038","1084","-713","580","3650263","-11951357","84103","32340","432","15711","395"
"78381.650","34516","23867","22847","1738","-1045","991","-635","582","3650066","-11951237","84114","32344","465","15733","408"
"78382.650","34505","23868","22844","1703","-1051","1099","-650","581","3649868","-11951115","84130","32348","484","15749","398"
"78383.650","34489","23867","22843","1722","-1034","1209","-764","581","3649670","-11950997","84150","32352","481","15763","392"
"78384.650","34491","23869","22820","1726","-1047","1028","-558","580","3649471","-11950878","84176","32353","485","15780","387"
"78385.650","34478","23865","22811","1730","-1047","1031","-861","582","3649272","-11950759","84202","32351","500","15800","373"
"78386.650","34475","23863","22793","1735","-1058","897","-706","582","3649073","-11950643","84224","32350","513","15821","376"
"78387.650","34467","23860","22791","1760","-1043","870","-656","582","3648874","-11950524","84244","32347","508","15848","380"
"78388.650","34464","23855","22790","1764","-1035","866","-703","582","3648675","-11950410","84262","32341","421","15864","369"
"78389.650","34459","23848","22784","1779","-1033","840","-729","582","3648475","-11950295","84280","32334","147","15866","359"
"78390.650","34451","23841","22788","1769","-1031","923","-683","582","3648275","-11950180","84295","32326","104","15868","362"
"78391.650","34446","23837","22784","1788","-1027","925","-667","582","3648075","-11950067","84308","32322","92","15876","329"
"78392.650","34447","23835","22780","1784","-1036","915","-654","583","3647875","-11949953","84320","32319","39","15876","331"
"78393.650","34452","23835","22777","1790","-1039","1033","-788","582","3647675","-11949840","84328","32318","-3","15874","338"
"78394.650","34455","23836","22773","1787","-1047","956","-586","583","3647475","-11949727","84334","32318","29","15876","337"
"78395.650","34449","23834","22780","1780","-1043","1154","-586","582","3647275","-11949613","84335","32317","96","15882","339"
"78396.650","34454","23833","22783","1784","-1041","1060","-789","583","3647075","-11949499","84333","32315","159","15890","333"
"78397.650","34464","23834","22782","1778","-1047","973","-565","583","3646875","-11949385","84327","32313","189","15900","331"
"78398.650","34464","23833","22788","1807","-1031","1000","-714","582","3646675","-11949274","84318","32311","165","15906","324"
"78399.650","34467","23832","22797","1811","-1025","923","-618","582","3646475","-11949160","84311","32310","152","15913","318"
"78400.650","34465","23832","22805","1773","-1035","1000","-677","582","3646275","-11949047","84302","32310","440","15937","321"
"78401.650","34473","23833","22801","1759","-1046","959","-681","582","3646074","-11948934","84292","32309","593","15969","329"
"78402.650","34473","23834","22802","1763","-1045","937","-568","583","3645873","-11948823","84281","32310","715","15999","330"
"78403.650","34474","23835","22811","1752","-1041","903","-571","582","3645672","-11948712","84272","32311","821","16039","329"
"78404.650","34484","23836","22821","1764","-1026","819","-546","582","3645471","-11948604","84264","32311","917","16078","330"
"78405.650","34486","23837","22830","1756","-1019","764","-638","582","3645269","-11948495","84256","32312","999","16128","331"
"78406.650","34489","23839","22835","1736","-1019","772","-603","581","3645067","-11948388","84250","32313","1039","16164","333"
"78407.650","34486","23839","22842","1744","-1010","932","-555","581","3644864","-11948285","84244","32314","553","16179","329"
"78408.650","34497","23841","22829","1779","-1013","671","-618","583","3644661","-11948182","84240","32314","408","16182","341"
"78409.650","34493","23842","22826","1784","-1013","739","-680","582","3644457","-11948079","84237","32316","436","16205","354"
"78410.650","34491","23842","22826","1778","-1012","826","-661","583","3644254","-11947980","84235","32316","515","16224","368"
"78411.650","34488","23841","22822","1748","-1020","758","-718","582","3644049","-11947879","84234","32317","575","16256","368"
"78412.650","34485","23841","22822","1755","-1012","716","-666","581","3643845","-11947780","84237","32317","657","16282","375"
"78413.650","34479","23839","22828","1760","-997","687","-640","581","3643641","-11947682","84243","32315","737","16317","361"
"78414.650","34474","23837","22824","1750","-1000","862","-851","581","3643436","-11947587","84255","32315","689","16346","368"
"78415.650","34467","23835","22819","1757","-999","908","-759","582","3643231","-11947490","84267","32314","378","16353","355"
"78416.650","34468","23835","22808","1759","-1006","843","-551","582","3643025","-11947397","84277","32313","371","16360","359"
"78417.650","34465","23833","22807","1787","-995","918","-599","582","3642820","-11947304","84286","32312","378","16382","373"
"78418.650","34461","23831","22803","1792","-992","970","-548","583","3642614","-11947210","84296","32309","293","16393","373"
"78419.650","34457","23829","22802","1805","-986","963","-801","582","3642408","-11947118","84309","32308","141","16393","355"
"78420.650","34444","23826","22806","1803","-981","1087","-716","582","3642203","-11947025","84323","32307","53","16392","338"
"78421.650","34444","23826","22808","1775","-990","1048","-730","582","3641997","-11946934","84334","32307","83","16391","311"
"78422.650","34447","23826","22815","1748","-996","1154","-600","582","3641790","-11946842","84343","32306","143","16399","307"
"78423.650","34462","23828","22808","1755","-1008","1022","-674","581","3641584","-11946750","84349","32305","215","16410","303"
"78424.650","34470","23829","22806","1783","-1007","932","-543","582","3641378","-11946659","84349","32305","282","16423","309"
"78425.650","34476","23830","22811","1766","-1012","965","-582","582","3641172","-11946569","84342","32304","325","16441","321"
"78426.650","34480","23829","22824","1767","-1000","1084","-629","581","3640965","-11946478","84329","32302","241","16449","334"
"78427.650","34478","23827","22842","1751","-989","1155","-604","582","3640759","-11946389","84318","32299","179","16453","325"
"78428.650","34482","23827","22846","1733","-990","1087","-599","581","3640553","-11946299","84310","32299","164","16458","335"
"78429.650","34481","23827","22854","1737","-983","1046","-618","581","3640346","-11946209","84302","32299","93","16460","327"
"78430.650","34486","23827","22854","1768","-975","890","-528","582","3640139","-11946121","84295","32298","2","16453","318"
"78431.650","34488","23825","22864","1726","-983","971","-652","581","3639933","-11946030","84288","32294","-75","16447","298"
"78432.650","34499","23824","22871","1732","-982","916","-644","581","3639726","-11945944","84278","32291","-175","16428","294"
"78433.650","34512","23825","22873","1744","-984","799","-556","580","3639519","-11945853","84267","32288","-245","16415","303"
"78434.650","34513","23824","22886","1752","-975","959","-681","581","3639312","-11945764","84254","32287","-217","16405","287"
"78435.650","34531","23827","22880","1774","-982","765","-556","581","3639106","-11945674","84238","32285","-170","16400","304"
"78436.650","34535","23827","22881","1759","-986","856","-622","582","3638899","-11945583","84217","32285","-122","16394","295"
"78437.650","34539","23828","22882","1758","-982","921","-597","582","3638692","-11945493","84197","32285","-85","16393","285"
"78438.650","34557","23831","22869","1756","-990","810","-553","581","3638486","-11945401","84176","32284","-137","16385","265"
"78439.650","34564","23833","22869","1736","-989","995","-545","581","3638279","-11945309","84153","32285","-190","16374","260"
"78440.650","34588","23839","22845","1742","-1002","878","-584","582","3638073","-11945218","84130","32287","-205","16361","300"
"78441.650","34593","23839","22823","1756","-994","1017","-573","581","3637867","-11945126","84102","32285","-109","16360","346"
"78442.650","34592","23839","22792","1749","-994","1022","-705","581","3637661","-11945034","84078","32286","14","16365","368"
"78443.650","34585","23839","22760","1741","-995","1029","-717","581","3637456","-11944943","84058","32288","136","16374","378"
"78444.650","34580","23840","22723","1728","-1003","912","-606","581","3637251","-11944850","84044","32290","247","16388","399"
"78445.650","34571","23840","22679","1745","-1005","935","-520","582","3637047","-11944758","84041","32293","338","16402","403"
"78446.650","34558","23838","22637","1754","-1008","931","-686","582","3636842","-11944668","84051","32293","81","16403","420"
"78447.650","34520","23830","22597","1732","-995","1171","-629","581","3636638","-11944576","84074","32293","-249","16382","416"
"78448.650","34496","23828","22530","1732","-989","1039","-535","580","3636434","-11944485","84106","32296","-342","16366","348"
"78449.650","34488","23829","22466","1749","-990","1132","-814","581","3636230","-11944395","84132","32300","-402","16352","332"
"78450.650","34493","23831","22401","1739","-1003","1056","-541","581","3636026","-11944304","84150","32301","-283","16337","356"
"78451.650","34492","23830","22339","1731","-1011","1090","-675","581","3635824","-11944213","84165","32300","-172","16340","379"
"78452.650","34482","23829","22284","1717","-1011","1242","-688","581","3635622","-11944120","84176","32301","-132","16333","384"
"78453.650","34478","23828","22221","1707","-1019","1169","-561","580","3635421","-11944030","84179","32302","-359","16315","383"
"78454.650","34462","23824","22166","1701","-1007","1364","-700","580","3635220","-11943938","84185","32300","-668","16275","355"
"78455.650","34465","23825","22098","1704","-1011","1262","-776","580","3635021","-11943845","84188","32301","-781","16237","346"
"78456.650","34471","23827","22036","1728","-1007","1138","-635","581","3634823","-11943750","84189","32302","-869","16204","304"
"78457.650","34471","23826","21993","1728","-1000","1327","-671","581","3634624","-11943656","84182","32301","-949","16165","266"
"78458.650","34487","23828","21936","1733","-1002","1139","-709","581","3634427","-11943563","84165","32299","-957","16130","234"
"78459.650","34519","23833","21885","1756","-992","1028","-670","581","3634231","-11943465","84137","32297","-814","16099","227"
"78460.650","34543","23836","21841","1750","-984","1126","-568","581","3634037","-11943367","84094","32294","-950","16066","213"
"78461.650","34566","23838","21788","1760","-971","1126","-719","581","3633843","-11943267","84032","32291","-1070","16012","191"
"78462.650","34604","23845","21723","1783","-969","993","-712","582","3633649","-11943164","83950","32291","-1061","15974","197"
"78463.650","34637","23851","21667","1789","-963","1071","-512","582","3633458","-11943064","83858","32290","-1040","15926","189"
"78464.650","34671","23858","21617","1783","-960","1103","-704","582","3633267","-11942960","83767","32291","-1033","15885","186"
"78465.650","34708","23865","21564","1793","-949","1071","-742","582","3633076","-11942855","83682","32290","-1125","15825","238"
"78466.650","34742","23870","21511","1792","-941","994","-662","581","3632887","-11942747","83603","32288","-1103","15774","252"
"78467.650","34763","23874","21450","1797","-928","1069","-606","581","3632699","-11942638","83529","32287","-1005","15727","298"
"78468.650","34785","23877","21382","1789","-923","1195","-717","581","3632512","-11942527","83463","32285","-1102","15679","262"
"78469.650","34800","23880","21317","1781","-915","1284","-778","581","3632326","-11942414","83407","32286","-1155","15623","265"
"78470.650","34822","23884","21250","1787","-904","1230","-647","581","3632142","-11942303","83354","32285","-1262","15563","258"
"78471.650","34851","23889","21184","1776","-897","1232","-779","581","3631959","-11942186","83300","32284","-1492","15474","296"
"78472.650","34864","23891","21121","1809","-863","1197","-660","581","3631777","-11942070","83248","32284","-2443","15323","311"
"78473.650","34872","23894","21038","1827","-850","1080","-705","582","3631597","-11941949","83198","32286","-2770","15147","326"
"78474.650","34888","23898","20960","1832","-836","1015","-650","581","3631419","-11941825","83155","32287","-2900","14997","316"
"78475.650","34905","23903","20879","1823","-834","982","-625","581","3631245","-11941698","83113","32290","-2840","14853","320"
"78476.650","34920","23907","20812","1820","-816","922","-657","581","3631073","-11941564","83072","32290","-2804","14733","294"
"78477.650","34928","23909","20734","1793","-824","906","-662","581","3630904","-11941426","83031","32290","-2667","14570","343"
"78478.650","34945","23911","20651","1812","-804","789","-689","581","3630738","-11941284","82986","32290","-2945","14419","365"
"78479.650","34957","23913","20571","1804","-796","784","-611","581","3630575","-11941138","82949","32288","-2964","14251","346"
"78480.650","34970","23915","20490","1786","-801","782","-804","581","3630415","-11940988","82913","32288","-2839","14116","361"
"78481.650","34997","23920","20393","1799","-803","727","-670","581","3630259","-11940831","82879","32287","-2823","13977","360"
"78482.650","35001","23919","20320","1823","-768","568","-799","581","3630106","-11940673","82845","32286","-3404","13795","340"
"78483.650","34994","23916","20254","1826","-734","346","-570","581","3629957","-11940510","82809","32283","-3360","13574","375"
"78484.650","35022","23917","20161","1838","-728","455","-562","581","3629812","-11940343","82772","32278","-3246","13426","370"
"78485.650","35057","23920","20052","1864","-739","560","-623","581","3629672","-11940171","82740","32272","-3210","13296","309"
"78486.650","35071","23924","19963","1897","-725","593","-678","582","3629535","-11939994","82703","32274","-3726","13093","299"
"78487.650","35091","23928","19896","1904","-709","554","-646","582","3629403","-11939813","82657","32274","-4030","12857","256"
"78488.650","35113","23932","19833","1903","-701","435","-502","582","3629275","-11939628","82600","32273","-4108","12641","222"
"78489.650","35148","23938","19772","1902","-697","457","-641","582","3629154","-11939440","82530","32272","-4041","12432","195"
"78490.650","35190","23945","19724","1898","-686","435","-678","582","3629036","-11939245","82448","32270","-4069","12215","165"
"78491.650","35241","23953","19671","1898","-688","510","-613","582","3628925","-11939048","82355","32269","-4051","12003","129"
"78492.650","35299","23965","19626","1910","-666","488","-627","582","3628819","-11938845","82252","32269","-4285","11788","92"
"78493.650","35333","23971","19616","1889","-636","358","-592","582","3628719","-11938639","82138","32268","-4473","11510","56"
"78494.650","35366","23976","19607","1858","-613","293","-643","581","3628625","-11938429","82015","32267","-4725","11194","71"
"78495.650","35455","23990","19552","1871","-610","51","-835","581","3628538","-11938215","81883","32262","-4658","10950","-2"
"78496.650","35464","23990","19563","1797","-649","-91","-667","580","3628458","-11937996","81742","32260","-4311","10644","66"
"78497.650","35509","23997","19528","1770","-665","-23","-838","579","3628387","-11937776","81593","32258","-3861","10368","178"
"78498.650","35598","24012","19459","1782","-663","-27","-642","579","3628321","-11937550","81449","32255","-3732","10154","223"
"78499.650","35650","24019","19419","1756","-665","-87","-691","579","3628262","-11937324","81319","32251","-3867","9902","241"
"78500.650","35712","24028","19354","1755","-661","30","-695","579","3628212","-11937094","81210","32246","-3969","9654","255"
"78501.650","35789","24040","19274","1769","-659","138","-730","579","3628171","-11936865","81118","32243","-4004","9424","238"
"78502.650","35823","24046","19227","1757","-634","-8","-690","579","3628139","-11936631","81038","32243","-4173","9176","229"
"78503.650","35845","24050","19190","1729","-622","-115","-630","578","3628117","-11936397","80963","32242","-4432","8874","237"
"78504.650","35896","24061","19131","1722","-618","-323","-975","578","3628104","-11936164","80890","32243","-4461","8611","200"
"78505.650","35919","24064","19101","1686","-640","-499","-661","577","3628100","-11935931","80814","32242","-4270","8318","248"
"78506.650","36000","24077","19021","1703","-660","-335","-705","578","3628104","-11935698","80734","32239","-4033","8108","234"
"78507.650","36036","24084","18975","1688","-658","-201","-778","578","3628115","-11935466","80651","32238","-3961","7860","249"
"78508.650","36097","24093","18896","1709","-671","-22","-821","578","3628133","-11935236","80567","32235","-3871","7637","255"
"78509.650","36151","24103","18830","1716","-664","146","-539","578","3628158","-11935009","80481","32235","-3977","7401","243"
"78510.650","36207","24110","18793","1696","-664","184","-576","578","3628188","-11934784","80395","32230","-4009","7162","227"
"78511.650","36237","24115","18752","1687","-683","117","-561","579","3628225","-11934561","80306","32229","-3958","6907","241"
"78512.650","36317","24128","18686","1696","-674","237","-598","579","3628269","-11934341","80213","32226","-3699","6725","213"
"78513.650","36348","24133","18669","1656","-662","29","-623","577","3628318","-11934124","80114","32225","-3814","6497","238"
"78514.650","36384","24140","18638","1628","-661","53","-611","577","3628373","-11933912","80007","32225","-4014","6222","244"
"78515.650","36414","24143","18618","1591","-674","-210","-654","576","3628433","-11933702","79907","32221","-4155","5939","253"
"78516.650","36477","24153","18544","1606","-677","-201","-930","577","3628500","-11933497","79809","32219","-3919","5707","255"
"78517.650","36555","24166","18468","1612","-646","-350","-650","576","3628574","-11933298","79719","32216","-3972","5491","244"
"78518.650","36601","24173","18427","1600","-652","-436","-639","575","3628653","-11933102","79633","32215","-4079","5234","216"
"78519.650","36649","24179","18398","1588","-670","-227","-627","576","3628737","-11932914","79547","32210","-4176","4982","207"
"78520.650","36704","24187","18354","1565","-654","-477","-786","576","3628827","-11932732","79463","32207","-4324","4708","187"
"78521.650","36749","24195","18325","1544","-655","-507","-792","575","3628921","-11932556","79386","32206","-4604","4413","155"
"78522.650","36805","24204","18289","1537","-662","-450","-686","575","3629020","-11932389","79306","32205","-4635","4111","110"
"78523.650","36876","24216","18256","1532","-666","-496","-727","575","3629125","-11932230","79212","32203","-4628","3841","88"
"78524.650","36945","24225","18224","1538","-674","-468","-653","575","3629237","-11932075","79089","32197","-4556","3551","63"
"78525.650","37023","24231","18218","1513","-687","-491","-606","575","3629356","-11931929","78939","32186","-4666","3272","34"
"78526.650","37117","24241","18203","1526","-703","-234","-740","575","3629482","-11931791","78769","32175","-4444","3006","-8"
"78527.650","37220","24255","18171","1515","-678","-157","-582","574","3629613","-11931662","78588","32169","-4392","2771","-21"
"78528.650","37305","24266","18177","1497","-687","-291","-1036","574","3629749","-11931536","78403","32163","-4618","2475","-74"
"78529.650","37389","24280","18177","1505","-702","-275","-618","574","3629887","-11931421","78214","32160","-4572","2180","-98"
"78530.650","37471","24289","18204","1495","-733","-445","-576","575","3630031","-11931316","78019","32153","-4411","1889","-89"
"78531.650","37573","24306","18179","1495","-715","-402","-666","575","3630177","-11931216","77820","32150","-4141","1626","-71"
"78532.650","37673","24316","18210","1497","-752","-462","-580","575","3630325","-11931129","77619","32138","-4084","1368","-46"
"78533.650","37715","24332","18183","1522","-746","-369","-521","575","3630477","-11931050","77419","32150","-3782","1074","22"
"78534.650","37809","24348","18136","1534","-729","-331","-782","576","3630631","-11930980","77231","32148","-3507","848","122"
"78535.650","37965","24357","18129","1510","-748","-278","-613","576","3630787","-11930918","77059","32122","-3358","648","137"
"78536.650","38050","24374","18073","1513","-718","-157","-727","576","3630945","-11930865","76890","32124","-3685","407","143"
"78537.650","38112","24382","18050","1513","-731","-314","-690","576","3631104","-11930817","76716","32119","-3736","136","151"
"78538.650","38164","24391","18017","1514","-736","-416","-754","576","3631263","-11930780","76572","32119","-3802","35876","198"
"78539.650","38196","24400","17981","1544","-750","-376","-601","576","3631424","-11930751","76451","32123","-3490","35607","266"
"78540.650","38313","24418","17888","1530","-710","-180","-763","576","3631585","-11930731","76362","32118","-3238","35459","275"
"78541.650","38383","24428","17840","1524","-710","-71","-655","577","3631747","-11930719","76274","32115","-3628","35214","289"
"78542.650","38444","24439","17782","1544","-700","40","-629","576","3631907","-11930714","76183","32115","-3824","34965","234"
"78543.650","38504","24450","17730","1545","-694","-78","-646","576","3632072","-11930715","76119","32115","-3781","34743","217"
"78544.650","38592","24466","17664","1530","-668","25","-837","576","3632231","-11930725","76009","32115","-3739","34543","170"
"78545.650","38654","24477","17641","1530","-671","74","-657","576","3632385","-11930744","75897","32114","-3771","34353","109"
"78546.650","38707","24486","17634","1555","-682","48","-733","577","3632534","-11930770","75764","32114","-3507","34141","96"
"78547.650","38797","24501","17604","1566","-663","302","-700","577","3632682","-11930804","75597","32112","-3293","33975","90"
"78548.650","38851","24509","17617","1551","-696","144","-662","577","3632828","-11930844","75434","32110","-3357","33763","87"
"78549.650","38930","24520","17607","1549","-703","166","-672","577","3632972","-11930886","75277","32105","-3234","33570","79"
"78550.650","39006","24531","17599","1562","-700","339","-971","577","3633113","-11930941","75120","32103","-3165","33393","87"
"78551.650","39076","24541","17600","1565","-718","238","-637","577","3633254","-11930999","74960","32098","-2998","33197","107"
"78552.650","39124","24548","17606","1565","-749","98","-752","578","3633391","-11931061","74803","32097","-2726","33021","195"
"78553.650","39223","24563","17563","1569","-730","292","-667","578","3633526","-11931132","74654","32094","-2456","32898","209"
"78554.650","39316","24578","17518","1569","-708","430","-870","578","3633659","-11931206","74522","32091","-2516","32776","197"
"78555.650","39392","24589","17467","1564","-683","403","-889","578","3633789","-11931287","74399","32087","-2494","32613","190"
"78556.650","39454","24597","17434","1560","-674","443","-645","577","3633917","-11931370","74277","32084","-2325","32496","191"
"78557.650","39519","24607","17410","1562","-672","399","-624","577","3634044","-11931457","74154","32081","-2106","32389","197"
"78558.650","39605","24618","17367","1540","-663","338","-649","577","3634168","-11931549","74031","32076","-2106","32288","176"
"78559.650","39664","24625","17358","1543","-674","239","-666","577","3634290","-11931644","73907","32072","-2398","32136","179"
"78560.650","39744","24636","17331","1536","-669","212","-696","577","3634410","-11931741","73782","32068","-2385","32003","127"
"78561.650","39797","24644","17337","1556","-679","76","-833","578","3634527","-11931844","73652","32066","-2094","31888","151"
"78562.650","39857","24652","17331","1560","-691","-3","-696","577","3634643","-11931947","73516","32062","-1873","31799","180"
"78563.650","39906","24659","17327","1565","-712","-166","-691","578","3634757","-11932054","73380","32060","-1786","31685","247"
"78564.650","39994","24672","17281","1565","-687","3","-708","578","3634868","-11932162","73249","32057","-1617","31607","239"
"78565.650","40071","24685","17253","1570","-677","-19","-738","578","3634977","-11932275","73128","32056","-1292","31559","215"
"78566.650","40146","24696","17235","1588","-671","23","-615","578","3635085","-11932389","73008","32053","-1107","31515","225"
"78567.650","40207","24705","17213","1570","-686","36","-831","578","3635190","-11932505","72890","32051","-1374","31438","226"
"78568.650","40268","24716","17177","1562","-677","16","-699","578","3635295","-11932621","72772","32051","-1460","31341","202"
"78569.650","40326","24726","17154","1561","-674","78","-687","578","3635398","-11932742","72653","32051","-1508","31255","215"
"78570.650","40388","24735","17138","1567","-675","-36","-635","578","3635500","-11932861","72531","32048","-1502","31167","200"
"78571.650","40453","24745","17121","1577","-669","-33","-803","578","3635599","-11932984","72407","32048","-1411","31091","210"
"78572.650","40504","24753","17112","1587","-677","56","-833","579","3635697","-11933109","72282","32046","-1246","31027","231"
"78573.650","40579","24764","17079","1586","-663","95","-595","579","3635793","-11933232","72159","32043","-1164","30972","227"
"78574.650","40631","24772","17065","1588","-674","62","-601","579","3635888","-11933361","72038","32042","-1249","30898","245"
"78575.650","40694","24781","17034","1581","-673","116","-666","579","3635980","-11933487","71919","32039","-1322","30810","254"
"78576.650","40734","24788","17021","1588","-688","145","-670","579","3636072","-11933617","71794","32039","-1248","30739","280"
"78577.650","40785","24795","16999","1604","-690","241","-753","579","3636162","-11933749","71677","32037","-990","30693","326"
"78578.650","40861","24806","16951","1585","-692","349","-563","579","3636250","-11933880","71571","32033","-1002","30659","300"
"78579.650","40898","24810","16926","1572","-723","267","-690","579","3636337","-11934012","71472","32030","-1237","30576","328"
"78580.650","40949","24816","16875","1553","-724","356","-839","579","3636422","-11934146","71384","32027","-1244","30504","311"
"78581.650","40992","24821","16821","1517","-743","355","-710","578","3636505","-11934281","71301","32024","-1232","30452","328"
"78582.650","41036","24826","16767","1487","-753","484","-675","577","3636586","-11934417","71223","32021","-1305","30380","324"
"78583.650","41092","24833","16710","1458","-755","520","-706","577","3636667","-11934554","71145","32017","-1434","30305","303"
"78584.650","41113","24837","16687","1457","-771","454","-579","577","3636745","-11934691","71068","32017","-1469","30208","341"
"78585.650","41143","24841","16659","1471","-772","511","-686","577","3636820","-11934831","70991","32016","-1355","30126","372"
"78586.650","41214","24850","16597","1463","-739","656","-836","577","3636895","-11934970","70916","32012","-1301","30070","350"
"78587.650","41250","24855","16563","1461","-751","503","-779","577","3636966","-11935112","70848","32010","-1448","29977","354"
"78588.650","41283","24860","16529","1451","-778","305","-550","577","3637036","-11935256","70778","32010","-1746","29851","373"
"78589.650","41319","24866","16507","1481","-762","361","-685","578","3637104","-11935399","70710","32009","-1799","29727","371"
"78590.650","41365","24874","16465","1475","-772","365","-625","578","3637170","-11935541","70643","32009","-1775","29624","372"
"78591.650","41403","24880","16428","1472","-783","404","-759","578","3637232","-11935687","70577","32008","-1960","29512","370"
"78592.650","41442","24885","16396","1486","-774","260","-606","578","3637293","-11935835","70512","32006","-2178","29356","366"
"78593.650","41471","24889","16370","1496","-789","161","-735","578","3637350","-11935984","70444","32005","-2271","29207","370"
"78594.650","41518","24897","16332","1500","-791","128","-731","578","3637405","-11936134","70376","32005","-2303","29064","366"
"78595.650","41571","24907","16291","1497","-789","60","-870","579","3637455","-11936284","70306","32006","-2319","28937","329"
"78596.650","41610","24914","16274","1517","-790","-76","-757","579","3637502","-11936435","70232","32007","-2279","28796","328"
"78597.650","41663","24922","16241","1521","-782","-85","-787","579","3637547","-11936589","70157","32006","-2197","28675","319"
"78598.650","41714","24929","16208","1519","-779","-83","-702","579","3637588","-11936743","70076","32003","-2095","28556","309"
"78599.650","41774","24938","16184","1520","-789","-241","-697","579","3637626","-11936899","69991","32001","-2057","28443","290"
"78600.650","41830","24945","16164","1530","-770","-215","-615","579","3637661","-11937055","69901","31998","-2102","28316","280"
"78601.650","41894","24952","16141","1524","-782","-199","-704","579","3637692","-11937211","69806","31994","-2220","28182","244"
"78602.650","41954","24961","16126","1525","-787","-201","-637","579","3637721","-11937369","69703","31991","-2352","28034","216"
"78603.650","42022","24969","16114","1528","-774","-120","-774","579","3637747","-11937527","69592","31988","-2381","27894","187"
"78604.650","42092","24980","16110","1532","-773","-84","-668","579","3637769","-11937686","69474","31986","-2312","27762","165"
"78605.650","42169","24989","16122","1545","-787","-52","-656","580","3637788","-11937844","69350","31981","-2242","27643","145"
"78606.650","42245","24997","16135","1556","-792","127","-700","580","3637803","-11938004","69217","31974","-2272","27508","126"
"78607.650","42327","25002","16149","1570","-794","50","-569","581","3637815","-11938164","69080","31964","-2375","27363","111"
"78608.650","42408","25012","16147","1565","-775","23","-678","580","3637824","-11938326","68937","31959","-2465","27200","94"
"78609.650","42474","25020","16165","1579","-779","-80","-656","581","3637829","-11938488","68788","31955","-2456","27025","110"
"78610.650","42531","25026","16172","1589","-778","-115","-665","581","3637830","-11938648","68636","31951","-2212","26876","166"
"78611.650","42609","25037","16156","1582","-786","-58","-647","581","3637828","-11938810","68487","31948","-2177","26749","210"
"78612.650","42688","25047","16160","1598","-793","63","-708","582","3637821","-11938973","68348","31943","-2018","26616","236"
"78613.650","42773","25059","16131","1585","-773","238","-789","581","3637811","-11939134","68216","31941","-1927","26512","237"
"78614.650","42849","25069","16117","1586","-782","243","-680","581","3637798","-11939295","68093","31938","-2042","26387","249"
"78615.650","42905","25078","16105","1592","-770","289","-751","581","3637782","-11939456","67975","31936","-1964","26246","259"
"78616.650","42983","25089","16072","1582","-785","306","-677","582","3637762","-11939615","67862","31934","-1952","26148","266"
"78617.650","43039","25097","16054","1584","-797","188","-735","580","3637739","-11939775","67752","31932","-2024","26016","262"
"78618.650","43096","25106","16032","1586","-794","166","-717","582","3637713","-11939934","67645","31932","-2147","25857","287"
"78619.650","43177","25117","16002","1574","-784","192","-645","581","3637684","-11940093","67539","31929","-2168","25742","242"
"78620.650","43224","25123","16001","1595","-793","22","-732","582","3637652","-11940251","67434","31927","-2241","25588","260"
"78621.650","43284","25132","15983","1593","-774","52","-672","581","3637616","-11940406","67328","31925","-2277","25433","259"
"78622.650","43320","25137","15982","1622","-785","-173","-702","582","3637577","-11940563","67220","31924","-2092","25289","310"
"78623.650","43415","25150","15924","1588","-780","-104","-724","582","3637535","-11940716","67112","31921","-2105","25191","284"
"78624.650","43478","25157","15911","1592","-762","-182","-873","582","3637489","-11940869","67008","31916","-2149","25037","276"
"78625.650","43534","25163","15902","1608","-761","-233","-648","582","3637440","-11941021","66904","31912","-2157","24907","277"
"78626.650","43600","25171","15882","1610","-763","-244","-697","582","3637389","-11941170","66796","31909","-2056","24787","278"
"78627.650","43667","25180","15859","1608","-758","-258","-988","582","3637333","-11941320","66688","31905","-2019","24663","266"
"78628.650","43729","25188","15842","1611","-759","-334","-740","582","3637276","-11941466","66579","31903","-2056","24541","269"
"78629.650","43787","25192","15838","1627","-756","-360","-704","582","3637216","-11941611","66469","31896","-2037","24408","263"
"78630.650","43851","25197","15821","1629","-753","-393","-773","583","3637153","-11941755","66357","31889","-2029","24288","263"
"78631.650","43916","25205","15805","1626","-742","-355","-779","582","3637086","-11941898","66244","31886","-1982","24162","259"
"78632.650","43977","25214","15790","1623","-729","-285","-740","582","3637018","-11942036","66130","31884","-1947","24042","264"
"78633.650","44043","25221","15765","1617","-733","-297","-773","582","3636946","-11942174","66015","31879","-1968","23922","262"
"78634.650","44110","25229","15748","1611","-722","-290","-780","582","3636873","-11942310","65900","31876","-2030","23785","257"
"78635.650","44164","25234","15745","1623","-710","-379","-735","583","3636795","-11942445","65790","31871","-1893","23656","280"
"78636.650","44239","25244","15726","1612","-691","-280","-715","582","3636717","-11942575","65677","31868","-1653","23572","278"
"78637.650","44303","25252","15720","1613","-668","-236","-782","582","3636635","-11942705","65566","31865","-1659","23476","295"
"78638.650","44354","25257","15717","1638","-669","-354","-847","582","3636551","-11942833","65458","31862","-1647","23353","318"
"78639.650","44401","25264","15712","1664","-661","-425","-792","582","3636465","-11942961","65351","31860","-1540","23249","367"
"78640.650","44472","25274","15675","1630","-625","-215","-766","581","3636378","-11943084","65249","31858","-1535","23167","357"
"78641.650","44516","25279","15663","1658","-628","-294","-890","582","3636288","-11943204","65154","31855","-1509","23053","384"
"78642.650","44558","25284","15641","1666","-614","-280","-882","583","3636196","-11943325","65067","31854","-1335","22973","414"
"78643.650","44602","25291","15605","1668","-606","-231","-726","582","3636102","-11943441","65019","31853","-1153","22914","449"
"78644.650","44656","25298","15551","1650","-601","-113","-773","582","3636006","-11943554","64971","31851","-1247","22842","460"
"78645.650","44709","25304","15495","1630","-596","-96","-733","581","3635910","-11943668","64930","31848","-1431","22739","445"
"78646.650","44723","25306","15464","1668","-620","-314","-841","583","3635812","-11943779","64890","31847","-1774","22600","476"
"78647.650","44748","25305","15415","1662","-608","-243","-843","582","3635713","-11943889","64849","31841","-1654","22465","504"
"78648.650","44784","25310","15332","1629","-619","-163","-758","582","3635612","-11943994","64809","31840","-1764","22383","518"
"78649.650","44807","25316","15284","1643","-622","-212","-777","582","3635510","-11944100","64761","31843","-1877","22223","537"
"78650.650","44874","25321","15247","1649","-606","-19","-765","582","3635406","-11944200","64716","31836","-2059","22117","461"
"78651.650","44902","25327","15212","1652","-598","-77","-704","583","3635301","-11944299","64677","31837","-2104","21973","448"
"78652.650","44943","25331","15183","1673","-596","-98","-645","582","3635193","-11944394","64629","31834","-2283","21837","405"
"78653.650","44990","25337","15152","1683","-603","-198","-817","583","3635084","-11944485","64573","31832","-2632","21667","359"
"78654.650","45040","25343","15118","1665","-598","-64","-653","582","3634972","-11944574","64517","31829","-2565","21494","283"
"78655.650","45113","25353","15086","1665","-618","-62","-634","583","3634859","-11944658","64446","31827","-2717","21368","217"
"78656.650","45156","25358","15097","1678","-607","-250","-784","583","3634744","-11944738","64348","31825","-2672","21176","193"
"78657.650","45226","25367","15107","1692","-595","-270","-724","583","3634628","-11944816","64235","31822","-2752","21007","163"
"78658.650","45281","25379","15105","1696","-601","-385","-751","583","3634509","-11944890","64111","31826","-3067","20783","178"
"78659.650","45353","25385","15127","1719","-585","-434","-668","584","3634387","-11944959","63979","31819","-3071","20553","128"
"78660.650","45434","25402","15080","1692","-627","-431","-764","583","3634264","-11945021","63840","31825","-3063","20365","133"
"78661.650","45488","25418","15045","1670","-656","-362","-689","583","3634138","-11945080","63693","31833","-2833","20144","175"
"78662.650","45558","25429","15024","1657","-666","-260","-647","583","3634010","-11945134","63543","31834","-2730","19957","227"
"78663.650","45644","25439","15015","1665","-665","-276","-782","583","3633880","-11945181","63394","31829","-2657","19772","249"
"78664.650","45705","25450","15000","1677","-668","-315","-830","584","3633748","-11945224","63254","31830","-2861","19550","287"
"78665.650","45767","25458","14983","1664","-659","-227","-786","583","3633614","-11945260","63123","31829","-2758","19329","304"
"78666.650","45847","25467","14964","1686","-656","-309","-745","584","3633479","-11945290","63013","31824","-2673","19163","334"
"78667.650","45923","25475","14950","1694","-647","-279","-795","584","3633341","-11945314","62928","31818","-2688","18988","330"
"78668.650","46002","25481","14941","1675","-626","-143","-911","583","3633202","-11945333","62871","31810","-2765","18791","315"
"78669.650","46047","25492","14905","1683","-642","-293","-675","584","3633061","-11945343","62822","31815","-2808","18593","316"
"78670.650","46090","25500","14876","1680","-642","-284","-865","584","3632921","-11945350","62761","31817","-2565","18390","360"
"78671.650","46171","25509","14849","1668","-639","-133","-953","583","3632779","-11945353","62697","31812","-2670","18246","356"
"78672.650","46205","25518","14822","1695","-640","-288","-774","584","3632638","-11945349","62635","31816","-2915","17994","380"
"78673.650","46253","25525","14796","1681","-629","-319","-945","584","3632497","-11945340","62575","31816","-3062","17754","373"
"78674.650","46300","25532","14763","1672","-625","-235","-884","583","3632356","-11945324","62522","31816","-2959","17533","398"
"78675.650","46373","25539","14739","1699","-609","-314","-743","584","3632213","-11945301","62510","31810","-3064","17336","391"
"78676.650","46430","25545","14724","1715","-588","-408","-869","584","3632073","-11945274","62452","31806","-3165","17100","362"
"78677.650","46476","25554","14686","1699","-592","-349","-1051","584","3631934","-11945240","62373","31808","-3186","16860","367"
"78678.650","46533","25561","14662","1696","-582","-346","-913","584","3631795","-11945202","62290","31805","-3169","16644","360"
"78679.650","46608","25568","14642","1685","-573","-256","-796","584","3631659","-11945157","62194","31800","-3202","16426","326"
"78680.650","46682","25572","14640","1658","-558","-94","-1045","583","3631524","-11945105","62097","31790","-3065","16228","288"
"78681.650","46746","25578","14622","1652","-559","-101","-887","583","3631389","-11945047","61989","31785","-3177","16017","275"
"78682.650","46815","25584","14625","1638","-546","-144","-913","582","3631257","-11944984","61873","31779","-3243","15779","232"
"78683.650","46892","25591","14630","1628","-533","-130","-1043","583","3631126","-11944915","61750","31773","-3167","15567","188"
"78684.650","46972","25601","14634","1602","-539","-88","-854","582","3630998","-11944841","61617","31769","-3020","15379","174"
"78685.650","47054","25611","14638","1591","-539","-79","-848","582","3630871","-11944762","61477","31767","-2919","15175","162"
"78686.650","47148","25622","14642","1582","-545","-47","-825","581","3630745","-11944675","61330","31762","-3015","14981","135"
"78687.650","47243","25630","14654","1600","-532","-137","-865","582","3630621","-11944585","61182","31754","-3070","14763","90"
"78688.650","47337","25638","14664","1589","-543","-123","-912","581","3630500","-11944490","61030","31746","-3020","14564","64"
"78689.650","47439","25646","14684","1566","-556","-153","-780","582","3630380","-11944391","60870","31736","-2873","14374","50"
"78690.650","47545","25655","14710","1543","-567","-163","-912","580","3630263","-11944286","60704","31727","-2797","14174","34"
"78691.650","47649","25660","14726","1525","-591","-142","-945","580","3630148","-11944175","60533","31713","-2704","13990","20"
"78692.650","47755","25668","14731","1529","-616","-130","-847","579","3630035","-11944062","60359","31703","-2542","13818","14"
"78693.650","47862","25684","14732","1550","-632","-134","-974","582","3629926","-11943943","60179","31702","-2483","13669","25"
"78694.650","47982","25692","14774","1552","-609","-192","-826","581","3629817","-11943822","59999","31690","-2554","13492","13"
"78695.650","48099","25698","14830","1527","-593","-253","-881","581","3629712","-11943695","59819","31675","-2655","13307","-5"
"78696.650","48206","25710","14845","1541","-599","-318","-801","582","3629609","-11943566","59630","31670","-2564","13132","-11"
"78697.650","48323","25721","14873","1527","-618","-293","-919","581","3629509","-11943431","59444","31662","-2398","12978","-3"
"78698.650","48441","25729","14904","1528","-613","-266","-741","581","3629413","-11943295","59261","31649","-2371","12821","1"
"78699.650","48559","25738","14918","1554","-604","-296","-897","582","3629319","-11943153","59081","31638","-2433","12665","-10"
"78700.650","48670","25744","14941","1553","-616","-309","-799","582","3629228","-11943008","58903","31625","-2381","12495","-4"
"78701.650","48789","25756","14974","1547","-612","-356","-717","582","3629139","-11942861","58726","31618","-2307","12345","5"
"78702.650","48901","25767","15010","1541","-602","-411","-961","582","3629054","-11942710","58551","31610","-2356","12181","11"
"78703.650","49007","25779","15038","1528","-612","-355","-902","582","3628971","-11942556","58378","31605","-2584","11987","13"
"78704.650","49112","25789","15097","1482","-612","-416","-853","581","3628892","-11942398","58209","31599","-2820","11762","21"
"78705.650","49192","25808","15095","1476","-656","-329","-767","582","3628817","-11942237","58042","31607","-2968","11501","60"
"78706.650","49295","25821","15106","1475","-649","-199","-803","582","3628746","-11942075","57879","31604","-3038","11277","68"
"78707.650","49385","25832","15098","1495","-627","-215","-900","581","3628679","-11941909","57718","31601","-3050","11045","107"
"78708.650","49483","25845","15095","1491","-635","-96","-747","582","3628616","-11941738","57573","31599","-3081","10813","126"
"78709.650","49573","25856","15121","1459","-622","-122","-844","581","3628558","-11941565","57429","31596","-3130","10571","153"
"78710.650","49662","25869","15116","1444","-637","-74","-712","580","3628506","-11941391","57287","31596","-3188","10319","175"
"78711.650","49745","25879","15128","1409","-652","-2","-1059","579","3628458","-11941213","57147","31593","-3226","10068","194"
"78712.650","49830","25889","15128","1387","-656","37","-833","579","3628417","-11941035","57019","31590","-3149","9832","209"
"78713.650","49912","25898","15107","1381","-666","119","-911","580","3628381","-11940855","56900","31586","-2989","9619","247"
"78714.650","50001","25904","15109","1350","-675","167","-907","578","3628351","-11940673","56789","31578","-3107","9402","256"
"78715.650","50077","25911","15107","1325","-670","85","-803","578","3628327","-11940491","56684","31571","-3213","9157","247"
"78716.650","50134","25921","15069","1333","-682","61","-927","578","3628308","-11940309","56577","31573","-3139","8919","265"
"78717.650","50188","25934","15010","1359","-693","61","-786","579","3628294","-11940125","56472","31580","-3072","8699","298"
"78718.650","50262","25941","14988","1346","-709","47","-1041","578","3628286","-11939944","56370","31575","-3100","8473","310"
"78719.650","50320","25944","14961","1337","-722","-68","-847","579","3628283","-11939760","56273","31568","-3215","8226","322"
"78720.650","50382","25947","14927","1333","-743","-223","-806","578","3628285","-11939580","56179","31561","-3257","7975","318"
"78721.650","50449","25952","14887","1338","-769","-291","-826","579","3628292","-11939398","56087","31555","-3165","7752","312"
"78722.650","50506","25961","14831","1357","-770","-355","-901","581","3628305","-11939220","55996","31556","-3144","7525","331"
"78723.650","50575","25961","14838","1318","-792","-519","-832","579","3628323","-11939041","55903","31543","-2952","7326","318"
"78724.650","50631","25969","14793","1338","-837","-453","-857","580","3628345","-11938864","55812","31543","-2699","7134","354"
"78725.650","50689","25977","14736","1362","-854","-423","-862","582","3628372","-11938690","55723","31543","-2721","6946","372"
"78726.650","50746","25982","14695","1365","-859","-461","-834","582","3628402","-11938516","55636","31538","-2811","6728","382"
"78727.650","50792","25987","14650","1369","-864","-476","-869","582","3628438","-11938346","55552","31537","-2815","6516","393"
"78728.650","50841","25994","14595","1382","-865","-450","-863","582","3628478","-11938178","55469","31537","-2774","6321","406"
"78729.650","50908","25996","14590","1344","-872","-471","-820","581","3628521","-11938011","55388","31527","-2697","6139","395"
"78730.650","50974","25996","14584","1307","-878","-502","-911","581","3628569","-11937850","55309","31515","-2611","5971","389"
"78731.650","51042","25994","14540","1301","-851","-584","-1169","580","3628621","-11937693","55230","31500","-2656","5815","351"
"78732.650","51093","25990","14493","1308","-835","-555","-895","581","3628675","-11937535","55155","31487","-2793","5610","334"
"78733.650","51153","25992","14448","1318","-818","-585","-804","580","3628734","-11937383","55082","31479","-2944","5421","302"
"78734.650","51217","25993","14416","1336","-830","-625","-898","581","3628796","-11937234","55006","31469","-2985","5195","273"
"78735.650","51255","26006","14315","1406","-793","-602","-910","583","3628862","-11937087","54926","31477","-3005","4967","274"
"78736.650","51309","26017","14241","1456","-771","-598","-857","583","3628931","-11936945","54841","31481","-3059","4738","283"
"78737.650","51371","26018","14235","1463","-806","-546","-843","584","3629004","-11936807","54759","31472","-3189","4468","293"
"78738.650","51438","26020","14236","1455","-836","-536","-1037","584","3629081","-11936674","54676","31463","-3245","4212","271"
"78739.650","51493","26026","14218","1446","-840","-506","-896","584","3629162","-11936545","54593","31461","-3238","3956","295"
"78740.650","51564","26037","14193","1430","-830","-527","-810","583","3629245","-11936421","54513","31461","-3422","3708","290"
"78741.650","51635","26045","14180","1404","-828","-613","-933","583","3629333","-11936302","54421","31459","-3632","3408","271"
"78742.650","51700","26053","14154","1390","-820","-564","-766","582","3629424","-11936189","54335","31457","-3740","3122","251"
"78743.650","51768","26059","14140","1368","-818","-579","-687","582","3629519","-11936084","54255","31452","-3680","2851","242"
"78744.650","51852","26068","14117","1346","-806","-603","-838","581","3629619","-11935984","54163","31448","-3674","2581","225"
"78745.650","51925","26078","14109","1360","-824","-511","-776","582","3629721","-11935890","54075","31448","-3722","2296","218"
"78746.650","52002","26087","14107","1349","-839","-533","-823","582","3629826","-11935804","53977","31446","-3727","1998","198"
"78747.650","52084","26098","14110","1354","-862","-469","-854","582","3629934","-11935725","53878","31445","-3673","1726","200"
"78748.650","52171","26110","14098","1348","-864","-484","-801","582","3630045","-11935653","53762","31444","-3511","1457","189"
"78749.650","52286","26122","14095","1347","-873","-481","-925","583","3630157","-11935587","53658","31439","-3400","1235","180"
"78750.650","52374","26133","14088","1361","-875","-370","-852","583","3630272","-11935530","53539","31437","-3330","987","174"
"78751.650","52467","26146","14083","1357","-876","-365","-873","583","3630386","-11935479","53420","31436","-3392","730","164"
"78752.650","52531","26157","14085","1349","-883","-449","-750","582","3630504","-11935433","53287","31438","-3343","458","177"
"78753.650","52632","26168","14076","1359","-884","-332","-839","583","3630622","-11935395","53166","31435","-3341","203","178"
"78754.650","52724","26177","14092","1352","-907","-319","-758","584","3630741","-11935364","53033","31430","-3384","35938","181"
"78755.650","52849","26178","14128","1371","-950","-200","-698","585","3630861","-11935339","52909","31410","-3270","35724","122"
"78756.650","52941","26190","14117","1364","-939","-268","-845","584","3630982","-11935320","52773","31409","-3334","35472","148"
"78757.650","53036","26196","14128","1353","-951","-330","-851","585","3631103","-11935309","52624","31400","-3279","35228","108"
"78758.650","53123","26206","14130","1373","-950","-251","-803","585","3631227","-11935302","52471","31397","-3166","34989","143"
"78759.650","53234","26215","14146","1357","-971","-416","-874","584","3631352","-11935302","52343","31389","-3063","34779","135"
"78760.650","53347","26227","14164","1384","-982","-267","-897","586","3631477","-11935307","52200","31384","-3048","34555","120"
"78761.650","53464","26229","14216","1399","-1028","-291","-826","586","3631599","-11935320","52031","31367","-2924","34357","94"
"78762.650","53582","26232","14265","1418","-1064","-355","-736","588","3631720","-11935339","51838","31351","-2765","34180","74"
"78763.650","53697","26244","14277","1433","-1059","-326","-789","588","3631838","-11935364","51617","31346","-2731","34001","52"
"78764.650","53803","26256","14306","1448","-1065","-286","-1010","588","3631957","-11935392","51407","31343","-2743","33805","38"
"78765.650","53920","26268","14330","1451","-1070","-203","-963","588","3632072","-11935426","51178","31338","-2673","33614","19"
"78766.650","54034","26279","14354","1467","-1066","-206","-902","589","3632185","-11935467","50978","31332","-2681","33438","16"
"78767.650","54138","26291","14391","1485","-1076","-263","-995","589","3632295","-11935512","50786","31330","-2612","33237","14"
"78768.650","54254","26305","14423","1500","-1085","-300","-990","590","3632404","-11935561","50585","31327","-2563","33061","17"
"78769.650","54381","26316","14454","1477","-1109","-309","-782","590","3632512","-11935617","50394","31318","-2451","32902","7"
"78770.650","54501","26329","14485","1467","-1127","-338","-814","590","3632617","-11935676","50199","31315","-2333","32752","5"
"78771.650","54628","26343","14494","1483","-1103","-222","-876","590","3632720","-11935740","50011","31310","-2245","32604","7"
"78772.650","54742","26355","14516","1481","-1106","-324","-880","590","3632821","-11935807","49811","31306","-2362","32429","5"
"78773.650","54859","26366","14525","1463","-1106","-276","-833","590","3632921","-11935880","49633","31300","-2241","32271","9"
"78774.650","54981","26380","14531","1458","-1093","-200","-839","589","3633019","-11935954","49458","31297","-2367","32131","16"
"78775.650","55096","26391","14560","1448","-1114","-229","-828","590","3633114","-11936033","49286","31290","-2288","31952","23"
"78776.650","55212","26399","14585","1434","-1140","-273","-1061","590","3633207","-11936116","49117","31282","-2480","31795","29"
"78777.650","55337","26414","14587","1439","-1116","-105","-791","590","3633298","-11936204","48949","31279","-2359","31627","7"
"78778.650","55454","26428","14587","1403","-1131","-202","-758","589","3633387","-11936292","48782","31277","-2596","31461","15"
"78779.650","55548","26439","14610","1398","-1146","-328","-796","589","3633473","-11936388","48616","31275","-2698","31249","21"
"78780.650","55640","26453","14604","1410","-1116","-270","-714","589","3633556","-11936486","48446","31276","-2747","31029","64"
"78781.650","55763","26463","14613","1400","-1131","-260","-884","589","3633637","-11936587","48280","31269","-2817","30839","69"
"78782.650","55864","26466","14638","1402","-1168","-411","-1152","590","3633714","-11936694","48118","31257","-3061","30590","79"
"78783.650","55936","26483","14583","1365","-1133","-380","-830","589","3633786","-11936805","47960","31265","-3118","30333","111"
"78784.650","56033","26494","14570","1367","-1129","-410","-945","589","3633856","-11936918","47805","31263","-3113","30086","150"
"78785.650","56139","26492","14567","1373","-1139","-424","-761","591","3633920","-11937036","47656","31243","-3097","29866","156"
"78786.650","56241","26485","14595","1409","-1170","-511","-825","590","3633980","-11937159","47516","31219","-3109","29630","171"
"78787.650","56335","26479","14613","1438","-1195","-646","-879","592","3634036","-11937283","47381","31197","-3184","29406","179"
"78788.650","56427","26477","14614","1450","-1220","-710","-897","592","3634086","-11937413","47249","31179","-3163","29161","180"
"78789.650","56517","26487","14589","1442","-1232","-748","-711","592","3634132","-11937542","47119","31177","-2837","28990","191"
"78790.650","56609","26500","14551","1424","-1237","-833","-732","592","3634173","-11937675","46991","31178","-2861","28782","231"
"78791.650","56692","26503","14540","1431","-1256","-895","-728","593","3634209","-11937811","46865","31168","-2786","28581","212"
"78792.650","56738","26510","14489","1416","-1232","-883","-689","592","3634241","-11937948","46744","31170","-2753","28375","288"
"78793.650","56833","26513","14476","1430","-1250","-898","-828","593","3634269","-11938087","46620","31158","-2706","28169","301"
"78794.650","56899","26523","14423","1418","-1239","-892","-979","592","3634292","-11938228","46509","31160","-2799","27957","320"
"78795.650","56974","26527","14397","1431","-1237","-938","-942","592","3634310","-11938370","46406","31153","-2872","27732","330"
"78796.650","57047","26529","14365","1441","-1241","-973","-857","592","3634323","-11938511","46308","31144","-2829","27521","332"
"78797.650","57104","26537","14278","1393","-1241","-881","-924","592","3634331","-11938653","46222","31144","-2728","27336","352"
"78798.650","57155","26547","14190","1351","-1220","-756","-1168","591","3634336","-11938796","46145","31148","-2644","27128","399"
"78799.650","57222","26552","14156","1363","-1219","-733","-862","591","3634335","-11938938","46068","31144","-2673","26936","404"
"78800.650","57279","26561","14111","1366","-1220","-687","-719","591","3634330","-11939081","45991","31145","-2753","26728","408"
"78801.650","57350","26563","14112","1415","-1240","-779","-1053","592","3634321","-11939224","45916","31137","-2817","26523","389"
"78802.650","57398","26566","14049","1396","-1241","-771","-838","592","3634307","-11939364","45840","31133","-2843","26314","377"
"78803.650","57443","26576","13950","1339","-1228","-568","-869","591","3634288","-11939505","45763","31137","-2817","26099","388"
"78804.650","57509","26582","13900","1331","-1230","-448","-841","591","3634265","-11939644","45683","31134","-2762","25910","373"
"78805.650","57549","26592","13831","1302","-1233","-438","-813","590","3634238","-11939785","45604","31140","-2733","25699","395"
"78806.650","57593","26600","13788","1307","-1252","-523","-1042","591","3634206","-11939921","45527","31142","-2821","25484","414"
"78807.650","57650","26604","13751","1314","-1245","-443","-865","591","3634169","-11940058","45451","31137","-2777","25262","416"
"78808.650","57707","26609","13697","1307","-1246","-390","-891","591","3634169","-11940058","45451","31135","-2631","25079","428"
"78809.650","57761","26616","13635","1292","-1257","-434","-805","591","3634128","-11940193","45378","31135","-2586","24895","446"
"78810.650","57819","26617","13609","1311","-1241","-520","-876","590","3634083","-11940324","45306","31127","-2738","24687","446"
"78811.650","57856","26610","13564","1337","-1303","-666","-813","592","3634034","-11940454","45237","31113","-2900","24455","441"
"78812.650","57908","26609","13513","1350","-1340","-571","-912","593","3633981","-11940581","45169","31104","-2942","24250","433"
"78813.650","57951","26612","13460","1338","-1338","-526","-863","593","3633925","-11940705","45100","31101","-2884","24035","441"
"78814.650","58022","26607","13440","1375","-1350","-467","-775","593","3633864","-11940829","45031","31085","-2885","23831","416"
"78815.650","58130","26605","13473","1435","-1327","-504","-794","594","3633798","-11940948","44964","31065","-2962","23668","320"
"78816.650","58158","26613","13384","1390","-1376","-482","-814","594","3633729","-11941065","44894","31071","-3083","23418","290"
"78817.650","58213","26622","13320","1363","-1411","-460","-786","595","3633656","-11941178","44815","31073","-3381","23161","283"
"78818.650","58240","26621","13322","1398","-1416","-540","-754","595","3633580","-11941288","44729","31068","-3399","22852","281"
"78819.650","58325","26626","13283","1381","-1420","-287","-820","595","3633499","-11941395","44636","31061","-3400","22594","264"
"78820.650","58408","26630","13245","1370","-1438","-264","-876","595","3633415","-11941497","44526","31053","-3572","22319","246"
"78821.650","58442","26639","13236","1389","-1439","-396","-898","595","3633326","-11941596","44411","31057","-3646","21958","255"
"78822.650","58504","26637","13200","1372","-1436","-489","-786","595","3633233","-11941688","44300","31046","-3537","21667","275"
"78823.650","58607","26642","13146","1356","-1463","-386","-754","595","3633134","-11941775","44203","31036","-3440","21402","282"
"78824.650","58700","26647","13142","1376","-1453","-444","-884","596","3633030","-11941856","44125","31028","-3468","21119","273"
"78825.650","58764","26637","13159","1437","-1443","-628","-967","597","3632922","-11941930","44093","31007","-3604","20821","281"
"78826.650","58835","26642","13145","1428","-1429","-362","-873","596","3632811","-11941999","44021","31001","-3622","20513","278"
"78827.650","58923","26657","13138","1446","-1418","-271","-824","596","3632698","-11942060","43929","31006","-3588","20201","257"
"78828.650","59016","26659","13126","1456","-1409","-492","-775","596","3632582","-11942118","43824","30995","-3557","19933","274"
"78829.650","59081","26666","13103","1442","-1403","-537","-766","596","3632463","-11942166","43718","30993","-3444","19629","280"
"78830.650","59160","26675","13071","1428","-1403","-613","-927","596","3632341","-11942210","43617","30991","-3516","19329","298"
"78831.650","59231","26680","13031","1403","-1411","-657","-837","596","3632217","-11942244","43532","30987","-3618","19008","294"
"78832.650","59312","26689","13019","1400","-1394","-572","-966","595","3632090","-11942270","43445","30984","-3677","18676","283"
"78833.650","59391","26702","13021","1436","-1372","-694","-825","596","3631963","-11942290","43341","30988","-3736","18383","285"
"78834.650","59459","26705","13005","1443","-1361","-785","-888","596","3631834","-11942305","43250","30981","-3720","18046","293"
"78835.650","59500","26704","12972","1477","-1364","-849","-919","596","3631703","-11942308","43166","30974","-3760","17716","329"
"78836.650","59601","26713","12934","1477","-1371","-657","-822","596","3631572","-11942305","43090","30970","-3550","17433","346"
"78837.650","59688","26722","12906","1466","-1365","-577","-771","596","3631442","-11942293","43007","30967","-3497","17140","362"
"78838.650","59769","26730","12877","1500","-1356","-541","-727","597","3631311","-11942274","42922","30964","-3660","16821","374"
"78839.650","59886","26739","12849","1521","-1350","-473","-675","597","3631180","-11942245","42855","30958","-3754","16517","302"
"78840.650","59934","26748","12840","1510","-1331","-567","-947","596","3631051","-11942213","42759","30961","-3740","16183","307"
"78841.650","60047","26757","12819","1495","-1331","-466","-830","596","3630921","-11942170","42702","30954","-3659","15897","275"
"78842.650","60143","26767","12800","1496","-1329","-416","-820","596","3630793","-11942121","42617","30952","-3711","15598","255"
"78843.650","60231","26773","12803","1477","-1319","-428","-739","596","3630668","-11942064","42513","30947","-3795","15277","210"
"78844.650","60284","26780","12828","1443","-1288","-501","-682","595","3630546","-11942002","42396","30946","-3797","14909","213"
"78845.650","60362","26790","12829","1400","-1293","-467","-790","594","3630427","-11941931","42262","30946","-3665","14602","217"
"78846.650","60464","26801","12833","1371","-1286","-349","-723","594","3630310","-11941854","42123","30944","-3589","14288","238"
"78847.650","60578","26810","12849","1349","-1271","-268","-704","593","3630196","-11941770","41981","30938","-3645","13987","210"
"78848.650","60679","26820","12848","1324","-1276","-235","-863","593","3630085","-11941679","41839","30934","-3513","13674","183"
"78849.650","60809","26831","12855","1309","-1276","-92","-900","593","3629978","-11941581","41701","30929","-3466","13423","170"
"78850.650","60918","26839","12881","1273","-1272","-155","-801","592","3629873","-11941479","41563","30922","-3413","13137","130"
"78851.650","61035","26850","12897","1256","-1275","-68","-830","591","3629773","-11941373","41415","30918","-3428","12859","102"
"78852.650","61110","26860","12937","1211","-1277","-102","-632","592","3629676","-11941258","41266","30918","-3452","12563","116"
"78853.650","61205","26873","12945","1205","-1275","-147","-820","591","3629583","-11941140","41114","30920","-3631","12240","104"
"78854.650","61290","26886","12973","1180","-1269","-187","-666","590","3629495","-11941017","40969","30923","-3726","11889","115"
"78855.650","61403","26901","12990","1154","-1273","-200","-886","590","3629413","-11940889","40827","30923","-3701","11560","100"
"78856.650","61513","26909","13031","1102","-1281","-348","-696","589","3629336","-11940756","40688","30917","-3741","11241","118"
"78857.650","61610","26912","13085","1031","-1292","-381","-836","589","3629264","-11940618","40551","30906","-3735","10880","119"
"78858.650","61714","26923","13095","1029","-1257","-205","-807","588","3629199","-11940478","40417","30904","-3763","10574","124"
"78859.650","61821","26934","13102","1015","-1257","-206","-977","588","3629139","-11940331","40277","30901","-3707","10245","131"
"78860.650","61937","26947","13096","1013","-1251","-158","-865","587","3629087","-11940183","40127","30899","-3718","9927","136"
"78861.650","62038","26958","13100","1004","-1231","-262","-855","587","3629040","-11940029","39968","30898","-3771","9610","149"
"78862.650","62139","26969","13097","994","-1219","-403","-879","587","3629000","-11939876","39805","30895","-3795","9266","153"
"78863.650","62247","26977","13086","996","-1167","-475","-836","586","3628963","-11939720","39711","30890","-3848","8960","153"
"78864.650","62349","26988","13070","1003","-1133","-431","-897","585","3628933","-11939564","39584","30888","-3842","8656","146"
"78865.650","62450","26998","13059","1003","-1115","-333","-1065","585","3628909","-11939406","39440","30885","-3802","8332","138"
"78866.650","62556","27010","13056","995","-1101","-324","-770","584","3628887","-11939250","39298","30884","-3772","8023","143"
"78867.650","62672","27022","13069","975","-1115","-232","-799","584","3628868","-11939096","39164","30881","-3689","7714","139"
"78868.650","62789","27034","13074","961","-1116","-225","-946","584","3628850","-11938946","39036","30878","-3632","7417","141"
"78869.650","62900","27046","13082","939","-1094","-348","-731","584","3628843","-11938795","38913","30876","-3575","7131","141"
"78870.650","63018","27054","13091","925","-1106","-343","-992","583","3628853","-11938643","38786","30869","-3531","6841","133"
"78871.650","63137","27061","13118","895","-1120","-351","-778","583","3628877","-11938489","38654","30861","-3435","6581","121"
"78872.650","63225","27070","13141","857","-1104","-524","-714","582","3628912","-11938336","38517","30858","-3396","6299","158"
"78873.650","63333","27079","13160","827","-1111","-439","-867","581","3628952","-11938185","38378","30854","-3510","6003","153"
"78874.650","63439","27088","13188","788","-1119","-508","-808","581","3628993","-11938038","38240","30849","-3652","5691","147"
"78875.650","63503","27097","13203","755","-1127","-597","-706","581","3629039","-11937896","38102","30850","-3744","5342","178"
"78876.650","63586","27107","13206","727","-1131","-580","-968","580","3629090","-11937756","37964","30850","-3730","5015","202"
"78877.650","63690","27118","13201","698","-1129","-636","-887","580","3629146","-11937621","37828","30849","-3634","4700","231"
"78878.650","63784","27129","13179","689","-1133","-640","-1063","580","3629211","-11937491","37671","30848","-3651","4393","263"
"78879.650","63878","27139","13152","679","-1130","-654","-868","580","3629283","-11937364","37537","30846","-3707","4067","276"
"78880.650","63963","27148","13145","652","-1144","-631","-783","580","3629363","-11937241","37400","30845","-3606","3749","284"
"78881.650","64079","27155","13123","625","-1142","-568","-634","579","3629442","-11937126","37296","30837","-3513","3486","289"
"78882.650","64154","27162","13111","582","-1134","-558","-769","578","3629526","-11937020","37216","30835","-3550","3206","300"
"78883.650","64218","27166","13092","555","-1141","-500","-719","579","3629612","-11936920","37147","30830","-3545","2896","315"
"78884.650","64316","27172","13076","505","-1132","-462","-634","577","3629703","-11936828","37095","30823","-3502","2633","305"
"78885.650","64358","27181","13042","499","-1134","-451","-668","578","3629793","-11936741","37025","30829","-3427","2341","341"
"78886.650","64422","27188","13006","497","-1140","-351","-720","577","3629887","-11936663","36941","30827","-3319","2054","374"
"78887.650","64503","27197","12962","504","-1144","-313","-745","578","3629981","-11936591","36855","30827","-3203","1792","403"
"78888.650","64598","27204","12930","485","-1152","-289","-757","578","3630079","-11936525","36764","30821","-3113","1547","395"
"78889.650","64690","27211","12891","488","-1156","-180","-731","578","3630177","-11936469","36680","30817","-3074","1326","377"
"78890.650","64764","27217","12868","479","-1168","-212","-944","577","3630277","-11936415","36602","30814","-2975","1096","356"
"78891.650","64829","27222","12824","467","-1157","-248","-771","577","3630379","-11936371","36527","30810","-2880","880","353"
"78892.650","64902","27227","12787","445","-1146","-233","-862","577","3630481","-11936331","36453","30806","-2694","693","347"
"78893.650","64973","27235","12756","449","-1144","-244","-845","578","3630584","-11936296","36381","30806","-2797","489","346"
"78894.650","65024","27241","12716","454","-1133","-302","-986","577","3630687","-11936269","36305","30805","-2845","233","348"
"78895.650","65115","27242","12702","430","-1145","-353","-806","577","3630790","-11936245","36234","30795","-2746","35","312"
"78896.650","65187","27249","12660","427","-1124","-305","-927","576","3630893","-11936225","36162","30793","-2607","35855","322"
"78897.650","65267","27255","12633","426","-1118","-249","-942","577","3630997","-11936213","36081","30789","-2414","35669","316"
"78898.650","65355","27260","12616","433","-1120","-229","-1100","577","3631101","-11936204","35987","30783","-2289","35506","322"
"78899.650","65435","27265","12595","446","-1116","-234","-863","576","3631205","-11936200","35880","30777","-2327","35327","321"
"78900.650","65524","27267","12610","447","-1149","-217","-852","577","3631309","-11936204","35770","30768","-2343","35132","295"
"78901.650","65611","27272","12603","449","-1157","-238","-871","579","3631413","-11936209","35636","30761","-2408","34956","279"
"78902.650","65691","27279","12586","440","-1152","-294","-1011","578","3631518","-11936221","35500","30759","-2455","34761","258"
"78903.650","65770","27287","12583","436","-1160","-376","-1088","578","3631621","-11936236","35371","30758","-2456","34564","251"
"78904.650","65860","27296","12575","425","-1165","-507","-852","578","3631723","-11936257","35254","30755","-2369","34390","246"
"78905.650","65950","27304","12582","418","-1182","-563","-966","578","3631823","-11936280","35134","30752","-2248","34230","248"
"78906.650","66044","27313","12569","411","-1178","-580","-914","578","3631923","-11936309","35014","30750","-2125","34077","250"
"78907.650","66137","27318","12560","410","-1176","-512","-853","578","3632022","-11936340","34888","30743","-2238","33907","256"
"78908.650","66227","27318","12556","379","-1189","-491","-924","578","3632120","-11936376","34761","30731","-2325","33721","244"
"78909.650","66314","27319","12536","376","-1174","-297","-901","579","3632217","-11936416","34634","30721","-2236","33542","246"
"78910.650","66406","27323","12538","393","-1176","-235","-866","578","3632313","-11936460","34507","30713","-2256","33369","257"
"78911.650","66506","27321","12572","385","-1226","-399","-798","580","3632407","-11936509","34383","30698","-2298","33181","241"
"78912.650","66600","27325","12590","404","-1245","-431","-918","580","3632499","-11936560","34257","30690","-2296","32996","241"
"78913.650","66688","27329","12586","409","-1249","-496","-890","581","3632591","-11936617","34132","30683","-2225","32823","258"
"78914.650","66785","27332","12597","419","-1268","-572","-821","581","3632681","-11936678","34007","30674","-2129","32665","265"
"78915.650","66877","27340","12582","418","-1264","-551","-852","581","3632769","-11936741","33889","30671","-1862","32528","268"
"78916.650","66961","27352","12545","398","-1247","-531","-958","581","3632854","-11936807","33769","30673","-1856","32405","293"
"78917.650","67060","27359","12541","420","-1237","-500","-773","582","3632939","-11936879","33651","30668","-1814","32254","278"
"78918.650","67148","27369","12515","426","-1215","-479","-899","580","3633022","-11936952","33535","30668","-1744","32115","282"
"78919.650","67234","27381","12482","402","-1205","-556","-921","579","3633103","-11937029","33420","30670","-1810","31985","292"
"78920.650","67317","27392","12449","408","-1173","-510","-947","578","3633182","-11937106","33306","30672","-2027","31798","309"
"78921.650","67396","27403","12434","396","-1182","-572","-1062","579","3633260","-11937190","33193","30673","-2431","31579","307"
"78922.650","67470","27413","12413","381","-1191","-664","-842","578","3633335","-11937274","33083","30675","-2910","31303","302"
"78923.650","67532","27423","12396","379","-1197","-794","-852","580","3633408","-11937361","32974","30678","-3285","30990","282"
"78924.650","67592","27433","12375","381","-1196","-773","-916","579","3633479","-11937451","32863","30681","-3331","30667","280"
"78925.650","67702","27442","12347","380","-1187","-707","-789","579","3633545","-11937549","32750","30678","-3351","30399","256"
"78926.650","67801","27453","12331","369","-1200","-734","-887","580","3633608","-11937649","32636","30676","-3390","30118","219"
"78927.650","67912","27462","12318","383","-1169","-493","-860","579","3633666","-11937753","32518","30672","-3307","29848","173"
"78928.650","68012","27470","12310","380","-1167","-567","-796","578","3633720","-11937860","32397","30668","-3138","29595","164"
"78929.650","68108","27473","12333","399","-1184","-616","-723","579","3633769","-11937971","32268","30660","-3214","29324","166"
"78930.650","68210","27478","12359","423","-1194","-538","-860","580","3633814","-11938085","32131","30652","-3360","29027","151"
"78931.650","68338","27489","12391","449","-1209","-542","-1274","581","3633854","-11938204","31997","30647","-3511","28736","97"
"78932.650","68442","27493","12429","477","-1237","-750","-954","582","3633890","-11938325","31849","30639","-3500","28426","82"
"78933.650","68555","27500","12445","486","-1243","-776","-916","582","3633920","-11938448","31715","30632","-3416","28140","82"
"78934.650","68667","27507","12472","510","-1240","-704","-857","583","3633946","-11938574","31572","30626","-3363","27864","97"
"78935.650","68785","27518","12475","508","-1235","-660","-980","583","3633964","-11938700","31432","30622","-3451","27550","103"
"78936.650","68893","27526","12489","518","-1250","-714","-925","583","3633978","-11938832","31295","30618","-3607","27215","99"
"78937.650","68989","27530","12494","524","-1258","-764","-873","583","3633986","-11938961","31151","30611","-3585","26873","121"
"78938.650","69144","27537","12482","515","-1272","-690","-918","584","3633988","-11939094","31009","30599","-3450","26604","111"
"78939.650","69276","27545","12477","507","-1270","-606","-795","584","3633984","-11939226","30864","30591","-3418","26316","112"
"78940.650","69388","27549","12479","511","-1284","-624","-847","584","3633973","-11939360","30718","30581","-3408","26010","112"
"78941.650","69495","27555","12482","517","-1300","-712","-839","585","3633955","-11939493","30573","30574","-3339","25727","135"
"78942.650","69620","27562","12485","526","-1303","-830","-922","585","3633933","-11939625","30431","30567","-3372","25441","151"
"78943.650","69737","27570","12490","535","-1297","-927","-825","585","3633905","-11939759","30289","30560","-3361","25139","156"
"78944.650","69846","27578","12490","540","-1284","-883","-894","585","3633871","-11939889","30156","30555","-3275","24852","170"
"78945.650","69961","27583","12507","576","-1303","-994","-873","586","3633831","-11940018","30022","30547","-3263","24582","195"
"78946.650","70064","27591","12520","597","-1289","-1031","-775","586","3633786","-11940145","29887","30543","-3323","24279","209"
"78947.650","70181","27599","12527","618","-1275","-1095","-838","586","3633736","-11940270","29752","30538","-3384","23972","205"
"78948.650","70300","27607","12540","642","-1254","-1174","-817","585","3633680","-11940391","29614","30531","-3378","23689","201"
"78949.650","70410","27614","12548","659","-1237","-1200","-925","586","3633619","-11940509","29480","30525","-3270","23399","204"
"78950.650","70514","27617","12537","680","-1248","-1442","-840","586","3633553","-11940625","29339","30516","-3186","23142","234"
"78951.650","70619","27619","12499","681","-1277","-1550","-994","587","3633481","-11940734","29213","30506","-3348","22853","249"
"78952.650","70728","27623","12480","698","-1290","-1617","-768","588","3633405","-11940840","29094","30496","-3552","22548","230"
"78953.650","70807","27626","12488","738","-1288","-1732","-976","588","3633324","-11940943","29002","30490","-3673","22213","228"
"78954.650","70875","27629","12497","766","-1264","-1710","-777","588","3633238","-11941040","28904","30484","-3733","21869","246"
"78955.650","70962","27639","12471","775","-1263","-1735","-841","588","3633148","-11941130","28804","30485","-3806","21500","280"
"78956.650","71057","27646","12447","782","-1252","-1851","-736","588","3633053","-11941217","28700","30481","-3994","21118","276"
"78957.650","71155","27655","12426","787","-1237","-1580","-860","588","3632954","-11941298","28604","30478","-3980","20739","261"
"78958.650","71287","27663","12406","786","-1222","-1416","-823","587","3632850","-11941370","28521","30472","-3876","20406","237"
"78959.650","71371","27655","12374","796","-1226","-1539","-896","588","3632742","-11941431","28446","30452","-3804","20064","256"
"78960.650","71474","27643","12324","802","-1252","-1515","-851","588","3632632","-11941489","28348","30427","-3832","19738","256"
"78961.650","71577","27619","12269","769","-1268","-1488","-728","588","3632518","-11941538","28249","30388","-3895","19371","235"
"78962.650","71678","27597","12237","723","-1262","-1395","-857","588","3632403","-11941579","28149","30351","-3914","18984","214"
"78963.650","71810","27597","12189","697","-1283","-1304","-620","588","3632285","-11941614","28046","30335","-3913","18639","169"
"78964.650","71925","27576","12222","643","-1229","-1276","-785","586","3632166","-11941640","27940","30298","-3790","18300","148"
"78965.650","72055","27572","12216","570","-1217","-1238","-592","585","3632045","-11941658","27832","30279","-3606","17955","120"
"78966.650","72182","27575","12250","522","-1177","-1289","-891","584","3631924","-11941670","27721","30267","-3435","17664","110"
"78967.650","72287","27579","12274","486","-1146","-1533","-702","582","3631802","-11941674","27599","30259","-3205","17364","148"
"78968.650","72397","27589","12259","475","-1156","-1323","-544","582","3631680","-11941669","27470","30256","-3196","17081","189"
"78969.650","72523","27598","12276","492","-1126","-1372","-607","581","3631558","-11941658","27338","30251","-3031","16807","187"
"78970.650","72671","27603","12271","471","-1126","-1079","-565","580","3631437","-11941642","27207","30239","-2899","16583","194"
"78971.650","72797","27594","12308","388","-1098","-1043","-611","579","3631317","-11941619","27078","30215","-2863","16326","202"
"78972.650","72912","27596","12347","381","-1046","-1053","-780","578","3631198","-11941587","26951","30203","-2950","16060","205"
"78973.650","73025","27615","12312","387","-1070","-1098","-628","578","3631080","-11941551","26826","30210","-3025","15805","200"
"78974.650","73127","27624","12341","364","-1034","-1019","-782","577","3630962","-11941510","26701","30208","-3026","15521","203"
"78975.650","73244","27621","12384","322","-992","-889","-591","573","3630846","-11941461","26575","30190","-2844","15290","205"
"78976.650","73354","27626","12402","314","-962","-634","-752","571","3630732","-11941410","26455","30184","-2674","15070","213"
"78977.650","73461","27636","12436","294","-922","-286","-579","570","3630621","-11941350","26336","30182","-2703","14867","227"
"78978.650","73567","27652","12402","294","-945","-296","-762","571","3630510","-11941288","26222","30186","-2821","14604","220"
"78979.650","73656","27645","12443","272","-889","-287","-646","568","3630402","-11941218","26111","30169","-2920","14350","235"
"78980.650","73756","27638","12470","261","-839","-297","-822","568","3630297","-11941146","26003","30150","-2916","14104","242"
"78981.650","73849","27634","12485","278","-777","-329","-761","564","3630193","-11941066","25897","30134","-3021","13870","251"
"78982.650","73905","27631","12479","329","-706","-372","-820","562","3630093","-11940985","25793","30125","-3460","13561","300"
"78983.650","73954","27616","12533","302","-606","-407","-693","553","3629996","-11940895","25692","30102","-3926","13173","285"
"78984.650","74017","27610","12531","297","-552","-232","-810","554","3629902","-11940805","25579","30088","-3983","12799","277"
"78985.650","74114","27598","12504","320","-494","-417","-772","551","3629814","-11940705","25488","30065","-4139","12443","263"
"78986.650","74191","27588","12499","299","-450","-735","-1097","545","3629730","-11940599","25417","30044","-4151","12068","264"
"78987.650","74270","27577","12472","304","-407","-630","-702","544","3629654","-11940488","25331","30024","-3996","11729","262"
"78988.650","74362","27571","12444","316","-362","-353","-822","542","3629584","-11940370","25239","30006","-3865","11414","268"
"78989.650","74468","27569","12399","328","-350","-342","-787","541","3629521","-11940250","25152","29992","-3832","11079","246"
"78990.650","74539","27555","12354","342","-337","-210","-763","539","3629463","-11940125","25065","29968","-3964","10725","243"
"78991.650","74611","27548","12292","384","-294","-304","-869","542","3629413","-11939995","24970","29952","-4050","10372","233"
"78992.650","74695","27551","12253","399","-265","-265","-787","542","3629368","-11939865","24861","29946","-4029","10022","225"
"78993.650","74795","27555","12223","409","-224","-142","-805","539","3629332","-11939728","24744","29939","-4119","9665","188"
"78994.650","74900","27564","12206","404","-211","-109","-793","539","3629301","-11939591","24616","29937","-4159","9303","151"
"78995.650","75008","27570","12205","385","-211","-207","-816","538","3629276","-11939451","24512","29931","-3989","8944","113"
"78996.650","75117","27579","12193","383","-196","-130","-773","538","3629258","-11939313","24405","29929","-3691","8645","121"
"78997.650","75244","27588","12173","392","-191","-94","-596","534","3629246","-11939171","24289","29924","-3551","8350","122"
"78998.650","75352","27599","12150","402","-159","-238","-663","537","3629242","-11939031","24160","29923","-3650","8042","124"
"78999.650","75477","27602","12145","398","-155","-348","-770","538","3629245","-11938890","24037","29912","-3790","7714","99"
"79000.650","75607","27598","12169","368","-163","-627","-633","534","3629254","-11938750","23908","29893","-3873","7375","77"
"79001.650","75731","27585","12229","311","-220","-1111","-921","534","3629269","-11938610","23775","29865","-3835","7013","64"
"79002.650","75854","27563","12311","242","-311","-1345","-888","533","3629290","-11938471","23637","29828","-3717","6660","73"
"79003.650","75990","27545","12390","150","-329","-1715","-728","531","3629315","-11938336","23516","29793","-3692","6341","90"
"79004.650","76132","27546","12399","133","-334","-1834","-891","531","3629345","-11938204","23409","29778","-3602","6038","74"
"79005.650","76292","27545","12429","99","-350","-1847","-794","529","3629387","-11938071","23246","29759","-3434","5764","64"
"79006.650","76463","27539","12508","27","-386","-1949","-1126","531","3629439","-11937941","23076","29734","-3254","5531","31"
"79007.650","76609","27550","12504","42","-391","-1869","-793","534","3629493","-11937815","22913","29729","-3255","5260","13"
"79008.650","76704","27551","12470","90","-388","-1840","-532","538","3629552","-11937694","22759","29720","-3436","4934","41"
"79009.650","76816","27541","12467","117","-422","-1809","-941","537","3629613","-11937575","22608","29697","-3635","4554","61"
"79010.650","76946","27531","12495","88","-448","-1981","-712","541","3629686","-11937460","22459","29672","-3745","4189","77"
"79011.650","77083","27537","12477","95","-452","-2035","-869","540","3629759","-11937352","22334","29663","-3867","3817","88"
"79012.650","77208","27537","12479","101","-480","-2002","-1041","545","3629837","-11937251","22206","29650","-3996","3420","91"
"79013.650","77325","27538","12473","115","-510","-1856","-727","547","3629917","-11937156","22094","29638","-3957","3029","97"
"79014.650","77462","27539","12480","106","-536","-1768","-773","548","3630003","-11937071","22028","29624","-3845","2673","117"
"79015.650","77607","27540","12497","111","-584","-1509","-718","552","3630091","-11936991","21939","29609","-3853","2324","120"
"79016.650","77762","27542","12528","111","-640","-1389","-870","557","3630183","-11936920","21839","29594","-3912","1954","104"
"79017.650","77877","27550","12537","100","-670","-1469","-784","557","3630278","-11936856","21738","29590","-3880","1591","93"
"79018.650","78017","27557","12551","135","-715","-1224","-934","561","3630376","-11936800","21632","29582","-3897","1246","88"
"79019.650","78156","27563","12572","145","-757","-1160","-857","564","3630477","-11936754","21510","29573","-3994","884","61"
"79020.650","78292","27572","12587","157","-787","-1257","-993","566","3630579","-11936714","21385","29568","-3993","525","29"
"79021.650","78398","27580","12580","207","-799","-1176","-775","565","3630683","-11936683","21261","29566","-3663","166","54"
"79022.650","78538","27592","12567","227","-801","-1038","-756","567","3630787","-11936661","21134","29564","-3312","35892","86"
"79023.650","78720","27595","12603","245","-848","-928","-802","569","3630893","-11936646","21009","29548","-3112","35638","84"
"79024.650","78877","27599","12631","295","-879","-697","-714","572","3630998","-11936640","20875","29534","-3092","35398","49"
"79025.650","78994","27607","12633","328","-878","-567","-698","573","3631105","-11936640","20756","29531","-2918","35125","48"
"79026.650","79058","27628","12546","354","-796","-430","-672","569","3631210","-11936645","20637","29547","-2689","34858","152"
"79027.650","79154","27640","12529","361","-798","-323","-697","569","3631315","-11936656","20518","29549","-2394","34653","242"
"79028.650","79291","27644","12523","358","-827","-143","-799","572","3631419","-11936676","20405","29538","-2359","34448","315"
"79029.650","79428","27644","12527","408","-854","-134","-900","574","3631523","-11936698","20292","29525","-2439","34261","273"
"79030.650","79488","27662","12471","381","-845","-151","-762","570","3631627","-11936726","20170","29537","-2369","34026","324"
"79031.650","79571","27669","12435","392","-847","-196","-778","572","3631728","-11936760","20069","29536","-2162","33873","370"
"79032.650","79662","27673","12433","426","-881","-102","-1111","576","3631829","-11936799","19975","29530","-1817","33725","373"
"79033.650","79746","27674","12387","455","-870","-146","-845","575","3631927","-11936840","19890","29523","-1792","33614","393"
"79034.650","79837","27687","12328","446","-857","-60","-719","574","3632024","-11936885","19816","29527","-1813","33458","334"
"79035.650","79908","27693","12304","436","-875","-257","-803","575","3632120","-11936933","19746","29525","-1975","33340","307"
"79036.650","79959","27697","12289","452","-887","-447","-796","576","3632214","-11936984","19671","29525","-1854","33173","292"
"79037.650","80042","27705","12261","452","-894","-577","-919","576","3632307","-11937039","19596","29524","-1750","33052","289"
"79038.650","80114","27706","12254","472","-908","-855","-815","577","3632398","-11937095","19514","29518","-1723","32925","305"
"79039.650","80187","27710","12215","514","-880","-994","-873","577","3632488","-11937155","19424","29515","-1858","32745","337"
"79040.650","80264","27714","12160","523","-850","-1122","-907","576","3632576","-11937216","19333","29511","-1833","32585","353"
"79041.650","80356","27719","12114","490","-863","-1152","-740","576","3632662","-11937280","19245","29506","-1557","32461","345"
"79042.650","80445","27727","12076","506","-848","-1180","-725","576","3632747","-11937348","19159","29506","-1556","32374","357"
"79043.650","80511","27736","12012","459","-849","-1273","-742","573","3632830","-11937416","19074","29508","-1854","32200","389"
"79044.650","80574","27747","11950","438","-834","-1312","-701","576","3632912","-11937489","18986","29513","-2213","32020","382"
"79045.650","80639","27754","11894","417","-837","-1347","-709","573","3632992","-11937563","18900","29514","-2355","31774","395"
"79046.650","80722","27761","11853","401","-849","-1256","-719","574","3633069","-11937641","18817","29513","-2467","31601","368"
"79047.650","80791","27769","11803","386","-848","-1062","-735","573","3633144","-11937720","18734","29514","-2588","31365","361"
"79048.650","80868","27778","11740","362","-835","-1007","-664","570","3633217","-11937805","18650","29516","-2841","31121","357"
"79049.650","80925","27788","11701","356","-836","-884","-724","572","3633286","-11937892","18563","29520","-3082","30825","334"
"79050.650","81004","27794","11686","387","-830","-675","-670","572","3633352","-11937980","18474","29518","-3136","30522","314"
"79051.650","81073","27801","11625","346","-834","-347","-568","571","3633415","-11938075","18383","29518","-3113","30254","290"
"79052.650","81161","27811","11622","364","-856","-297","-647","572","3633473","-11938172","18290","29520","-3200","29974","299"
"79053.650","81197","27818","11595","394","-811","-129","-662","572","3633527","-11938273","18196","29524","-3368","29612","314"
"79054.650","81290","27828","11534","354","-832","58","-730","572","3633577","-11938378","18102","29525","-3350","29291","282"
"79055.650","81363","27837","11520","373","-832","-64","-786","573","3633622","-11938486","18010","29526","-3366","28987","319"
"79056.650","81454","27843","11480","373","-819","73","-769","571","3633662","-11938597","17918","29524","-3232","28677","303"
"79057.650","81552","27851","11425","345","-819","175","-769","572","3633695","-11938710","17821","29522","-3390","28385","306"
"79058.650","81618","27859","11383","336","-800","236","-739","569","3633723","-11938826","17719","29524","-3398","28034","294"
"79059.650","81712","27866","11368","350","-795","214","-736","570","3633746","-11938945","17619","29521","-3521","27709","279"
"79060.650","81786","27875","11348","358","-781","219","-771","570","3633763","-11939065","17515","29523","-3401","27369","270"
"79061.650","81881","27884","11352","389","-792","25","-710","570","3633775","-11939186","17426","29523","-3443","27056","276"
"79062.650","81963","27891","11342","401","-763","184","-796","570","3633781","-11939310","17347","29522","-3424","26720","268"
"79063.650","82060","27899","11326","412","-780","69","-801","572","3633780","-11939433","17272","29520","-3460","26392","255"
"79064.650","82137","27909","11314","422","-778","-21","-734","572","3633775","-11939556","17210","29523","-3349","26081","277"
"79065.650","82247","27916","11320","448","-757","215","-687","571","3633762","-11939680","17144","29519","-3229","25771","263"
"79066.650","82342","27923","11278","433","-780","16","-778","571","3633743","-11939804","17069","29517","-3333","25477","276"
"79067.650","82433","27931","11241","413","-784","167","-812","571","3633719","-11939925","16995","29516","-3343","25151","259"
"79068.650","82538","27937","11220","405","-765","171","-919","569","3633689","-11940045","16922","29511","-3319","24833","249"
"79069.650","82636","27947","11203","400","-756","156","-810","570","3633654","-11940163","16822","29512","-3261","24534","231"
"79070.650","82733","27957","11180","398","-768","-86","-784","570","3633614","-11940277","16712","29513","-3485","24190","244"
"79071.650","82820","27966","11179","406","-758","-137","-843","570","3633569","-11940389","16593","29514","-3603","23832","213"
"79072.650","82913","27975","11167","404","-740","-280","-863","570","3633519","-11940499","16489","29513","-3562","23459","207"
"79073.650","83013","27980","11136","396","-756","-415","-884","569","3633464","-11940605","16377","29509","-3508","23131","219"
"79074.650","83128","27983","11110","359","-732","-229","-805","568","3633404","-11940705","16263","29500","-3480","22801","212"
"79075.650","83244","27990","11100","348","-715","-402","-701","566","3633339","-11940805","16141","29496","-3474","22429","201"
"79076.650","83350","28003","11096","363","-713","-679","-606","565","3633269","-11940898","16019","29498","-3564","22094","212"
"79077.650","83458","28012","11082","343","-695","-794","-893","566","3633195","-11940988","15904","29498","-3553","21726","208"
"79078.650","83576","28025","11079","342","-680","-764","-824","565","3633115","-11941070","15793","29499","-3564","21376","202"
"79079.650","83689","28036","11064","350","-693","-712","-609","567","3633033","-11941149","15671","29499","-3540","21028","192"
"79080.650","83786","28042","11067","357","-680","-714","-613","566","3632947","-11941220","15543","29496","-3439","20690","215"
"79081.650","83898","28051","11069","399","-684","-850","-668","566","3632856","-11941285","15417","29494","-3399","20363","235"
"79082.650","84037","28061","11052","381","-678","-853","-729","567","3632763","-11941344","15308","29490","-3341","20054","250"
"79083.650","84184","28069","11036","378","-680","-856","-802","567","3632666","-11941395","15199","29485","-3266","19733","231"
"79084.650","84311","28091","11024","388","-684","-894","-880","566","3632567","-11941441","15094","29495","-3345","19444","208"
"79085.650","84396","28102","11060","454","-655","-1159","-711","567","3632465","-11941479","14989","29498","-3376","19114","219"
"79086.650","84512","28107","11063","445","-636","-1138","-884","565","3632360","-11941510","14954","29491","-3286","18815","227"
"79087.650","84635","28118","11056","438","-632","-1061","-685","567","3632253","-11941534","14898","29490","-3237","18486","239"
"79088.650","84726","28128","11050","434","-621","-1075","-955","565","3632148","-11941551","14811","29492","-3398","18141","265"
"79089.650","84808","28139","11068","423","-586","-787","-679","563","3632042","-11941564","14718","29496","-3431","17764","271"
"79090.650","84940","28143","11078","403","-558","-252","-920","562","3631936","-11941569","14616","29486","-3420","17418","262"
"79091.650","85071","28151","11082","379","-546","182","-807","560","3631830","-11941568","14492","29482","-3407","17090","207"
"79092.650","85167","28072","11124","395","-487","338","-520","558","3631725","-11941560","14368","29390","-3381","16734","209"
"79093.650","85302","28063","11176","408","-409","-426","-606","556","3631620","-11941545","14240","29367","-3476","16449","236"
"79094.650","85390","28090","11229","368","-343","-461","-620","544","3631516","-11941523","14129","29387","-3302","16098","254"
"79095.650","85507","28085","11192","376","-363","66","-607","546","3631413","-11941494","14027","29370","-3377","15808","228"
"79096.650","85596","28079","11232","324","-317","-143","-667","543","3631313","-11941455","13929","29355","-3166","15453","252"
"79097.650","85696","28080","11236","314","-275","-782","-747","540","3631214","-11941413","13834","29346","-3237","15145","324"
"79098.650","85786","28107","11184","284","-325","-52","-670","544","3631118","-11941363","13745","29366","-3093","14852","328"
"79099.650","85904","28143","11093","225","-434","366","-586","547","3631023","-11941307","13654","29391","-2896","14519","313"
"79100.650","85965","28137","11052","259","-419","-67","-661","547","3630931","-11941246","13567","29379","-3043","14200","371"
"79101.650","86053","28142","10988","282","-437","-421","-644","548","3630842","-11941178","13485","29376","-2923","13954","395"
"79102.650","86094","28135","11004","297","-354","-218","-634","550","3630756","-11941106","13407","29364","-2909","13654","456"
"79103.650","86191","28168","10995","277","-311","-1257","-533","545","3630673","-11941030","13337","29390","-2991","13413","518"
"79104.650","86263","28140","11005","154","-320","-2394","-644","533","3630594","-11940946","13269","29353","-3078","13039","605"
"79105.650","86307","28112","10925","255","-226","-1787","-542","545","3630518","-11940860","13213","29320","-3291","12736","584"
"79106.650","86398","28116","10845","409","-109","33","-631","541","3630446","-11940770","13157","29315","-3502","12556","421"
"79107.650","86455","28113","10818","337","-221","651","-614","535","3630379","-11940676","13101","29306","-2997","12183","420"
"79108.650","86498","28129","10773","381","-187","565","-509","539","3630316","-11940578","13043","29319","-3171","11824","440"
"79109.650","86618","28147","10824","322","-141","-566","-723","535","3630257","-11940475","12984","29327","-3512","11563","444"
"79110.650","86637","28155","10890","270","-30","-153","-732","521","3630203","-11940370","12926","29333","-3711","11178","401"
"79111.650","86795","28142","10770","318","-171","-267","-553","529","3630153","-11940261","12864","29304","-3607","10864","305"
"79112.650","86836","28154","10593","423","-243","-3496","-723","561","3630108","-11940148","12795","29313","-3648","10391","419"
"79113.650","86904","28170","10650","365","-193","-2651","-571","539","3630069","-11940034","12718","29323","-3753","10163","397"
"79114.650","87008","28207","10847","143","-273","-1883","-660","524","3630035","-11939915","12628","29352","-3412","9750","323"
"79115.650","87100","28201","10851","140","-239","-1436","-704","526","3630007","-11939796","12530","29336","-3588","9404","262"
"79116.650","87175","28212","10796","209","-192","-972","-831","527","3629984","-11939675","12436","29340","-3741","9029","257"
"79117.650","87278","28210","10895","103","-201","-1524","-640","497","3629968","-11939554","12336","29328","-3602","8622","275"
"79118.650","87365","28206","10800","206","-141","-344","-543","511","3629958","-11939431","12234","29316","-3692","8288","272"
"79119.650","87510","28212","10830","199","-98","850","-402","535","3629954","-11939308","12129","29308","-3968","7928","95"
"79120.650","87593","28215","10824","239","-126","1281","-578","527","3629957","-11939186","12016","29303","-3947","7474","100"
"79121.650","87736","28223","10738","292","76","56","-642","536","3629966","-11939064","11897","29298","-3788","7129","56"
"79122.650","87846","28232","10777","279","38","-788","-647","510","3629982","-11938943","11780","29296","-4050","6841","161"
"79123.650","87961","28244","10839","256","-3","-131","-671","511","3630005","-11938822","11660","29298","-3836","6336","103"
"79124.650","88102","28254","10974","135","-24","-289","-670","510","3630033","-11938705","11544","29295","-3858","5998","83"
"79125.650","88227","28268","11085","76","-129","-644","-660","503","3630067","-11938589","11436","29298","-3560","5625","158"
"79126.650","88396","28284","11027","168","-171","-1787","-593","515","3630106","-11938478","11337","29299","-3588","5220","201"
"79127.650","88496","28297","10948","265","-170","-1861","-809","528","3630153","-11938370","11236","29302","-3351","4864","248"
"79128.650","88678","28303","10917","286","-117","-905","-719","531","3630220","-11938259","11060","29291","-3348","4562","186"
"79129.650","88798","28316","10964","243","-121","-1190","-613","522","3630290","-11938153","10894","29294","-3600","4231","153"
"79130.650","88829","28325","11077","198","-190","262","-661","524","3630367","-11938050","10692","29300","-3793","3804","168"
"79131.650","89025","28331","11082","204","-180","372","-525","521","3630441","-11937956","10572","29288","-3903","3373","56"
"79132.650","89140","28345","11055","186","-141","-1490","-512","506","3630520","-11937870","10454","29292","-4364","2947","125"
"79133.650","89224","28358","11047","247","-141","-758","-718","523","3630601","-11937790","10359","29297","-4101","2515","111"
"79134.650","89338","28369","11045","168","-84","-648","-677","509","3630685","-11937720","10267","29298","-4127","2078","75"
"79135.650","89428","28398","11103","109","-81","707","-548","486","3630773","-11937659","10174","29320","-4076","1725","53"
"79136.650","89611","28418","11265","34","-186","1928","-544","502","3630865","-11937602","10082","29323","-3972","1276","10"
"79137.650","89694","28417","11342","145","-293","801","-522","527","3630961","-11937555","10005","29314","-3976","791","107"
"79138.650","89772","28415","11300","180","-262","683","-704","532","3631058","-11937520","9914","29305","-3472","383","192"
"79139.650","89934","28432","11133","81","-109","-460","-678","511","3631157","-11937493","9830","29307","-3355","88","379"
"79140.650","90061","28442","11118","105","-108","-247","-668","504","3631257","-11937474","9744","29306","-3338","35811","414"
"79141.650","90202","28448","11044","75","-65","-406","-657","483","3631356","-11937464","9658","29298","-3281","35451","376"
"79142.650","90299","28463","11046","166","-84","-877","-588","518","3631456","-11937461","9586","29305","-3454","35150","401"
"79143.650","90342","28457","11118","242","-185","-1472","-476","524","3631556","-11937467","9501","29295","-3463","34694","439"
"79144.650","90433","28456","11078","237","-178","-1261","-766","525","3631655","-11937476","9413","29286","-3548","34388","410"
"79145.650","90519","28470","11006","189","-151","-1755","-767","517","3631752","-11937496","9330","29292","-3411","34056","406"
"79146.650","90601","28482","10990","221","-156","-2012","-654","519","3631849","-11937520","9252","29296","-3192","33786","453"
"79147.650","90728","28485","10953","215","-146","-1701","-990","521","3631943","-11937551","9175","29288","-2940","33542","401"
"79148.650","90822","28491","10972","163","-209","-2071","-535","517","3632036","-11937590","9099","29286","-3095","33285","395"
"79149.650","90891","28504","10961","228","-191","-2618","-592","533","3632127","-11937634","9023","29293","-2976","33009","415"
"79150.650","90997","28514","10944","184","-210","-2028","-822","522","3632215","-11937681","8939","29293","-2819","32770","339"
"79151.650","91091","28520","10954","171","-236","-1719","-711","530","3632301","-11937734","8850","29291","-2792","32540","337"
"79152.650","91186","28530","10989","179","-277","-1447","-719","524","3632385","-11937794","8757","29292","-2566","32302","332"
"79153.650","91299","28534","11064","214","-346","-1013","-809","544","3632467","-11937856","8663","29286","-2375","32110","330"
"79154.650","91396","28542","11046","181","-351","-708","-590","538","3632547","-11937921","8569","29285","-2330","31921","328"
"79155.650","91510","28553","10980","179","-276","-1367","-678","531","3632624","-11937993","8475","29286","-2569","31681","365"
"79156.650","91563","28568","10935","126","-280","-1487","-645","526","3632699","-11938069","8386","29297","-2570","31394","381"
"79157.650","91663","28577","10963","142","-312","-836","-678","540","3632772","-11938148","8295","29297","-2485","31223","370"
"79158.650","91740","28579","11036","214","-370","-1413","-547","546","3632841","-11938228","8204","29292","-2504","30962","392"
"79159.650","91789","28583","10941","167","-306","-902","-527","531","3632908","-11938314","8118","29292","-2852","30669","454"
"79160.650","91905","28598","10794","99","-187","-757","-805","514","3632971","-11938404","8036","29296","-2715","30336","414"
"79161.650","91975","28603","10826","92","-309","-1613","-550","526","3633032","-11938495","7958","29295","-3093","30102","434"
"79162.650","92020","28615","10805","120","-249","-866","-711","528","3633088","-11938591","7882","29303","-3270","29793","438"
"79163.650","92062","28613","10951","261","-343","-516","-663","542","3633140","-11938690","7806","29298","-3370","29333","423"
"79164.650","92153","28621","10895","195","-437","-1675","-548","551","3633188","-11938793","7731","29298","-3889","29017","413"
"79165.650","92182","28632","10888","220","-442","-2020","-683","551","3633231","-11938899","7659","29305","-4134","28581","458"
"79166.650","92231","28630","10893","263","-452","-1881","-788","550","3633267","-11939009","7594","29299","-4125","28098","413"
"79167.650","92280","28636","10805","198","-516","-2117","-493","551","3633296","-11939120","7539","29301","-4283","27686","421"
"79168.650","92354","28645","10763","196","-461","-2124","-549","547","3633319","-11939236","7478","29303","-4421","27192","434"
"79169.650","92409","28645","10806","285","-377","-2235","-615","547","3633333","-11939355","7451","29298","-4375","26634","416"
"79170.650","92456","28653","10805","324","-356","-2345","-770","546","3633338","-11939475","7465","29303","-4479","26112","432"
"79171.650","92482","28661","10850","427","-486","-2280","-744","561","3633336","-11939595","7446","29308","-4595","25632","421"
"79172.650","92581","28670","10857","483","-490","-2932","-546","566","3633326","-11939713","7373","29309","-4644","25102","473"
"79173.650","92592","28685","10904","547","-335","-2567","-581","556","3633306","-11939830","7325","29323","-4472","24533","549"
"79174.650","92707","28698","10820","510","-355","-559","-516","561","3633275","-11939946","7323","29326","-4338","24078","445"
"79175.650","92803","28707","10745","391","-232","828","-632","547","3633238","-11940058","7277","29326","-4342","23483","429"
"79176.650","92882","28710","10679","371","-246","286","-500","557","3633193","-11940163","7175","29322","-4463","22907","404"
"79177.650","92954","28710","10578","266","-204","-1038","-607","535","3633140","-11940261","7079","29315","-4517","22396","521"
"79178.650","92987","28715","10448","246","-314","-877","-732","543","3633081","-11940354","6991","29317","-4655","21871","462"
"79179.650","93089","28724","10438","234","-259","-2096","-715","528","3633014","-11940443","6924","29318","-4607","21366","502"
"79180.650","93074","28724","10417","341","-313","-2553","-530","550","3632941","-11940518","6877","29319","-4707","20843","512"
"79181.650","93227","28731","10379","355","-335","-1368","-718","548","3632861","-11940586","6835","29313","-4518","20419","482"
"79182.650","93375","28738","10400","319","-267","-1766","-652","545","3632778","-11940647","6774","29307","-4280","19918","380"
"79183.650","93514","28759","10350","312","-308","-1251","-586","546","3632691","-11940700","6695","29315","-4303","19570","305"
"79184.650","93626","28770","10227","161","-442","683","-673","540","3632600","-11940744","6614","29316","-4011","19145","216"
"79185.650","93646","28769","10359","212","-335","89","-532","543","3632507","-11940782","6525","29314","-3569","18654","168"
"79186.650","93785","28761","10418","288","-297","-1037","-692","545","3632412","-11940810","6420","29293","-3589","18395","337"
"79187.650","93953","28779","10400","354","-347","-1268","-832","551","3632316","-11940831","6312","29296","-3393","18101","323"
"79188.650","94002","28781","10404","411","-362","-2216","-746","555","3632218","-11940846","6205","29294","-3627","17728","409"
"79189.650","94086","28803","10362","430","-429","-1580","-518","559","3632119","-11940853","6100","29309","-3484","17373","424"
"79190.650","94169","28816","10445","392","-389","-438","-537","555","3632020","-11940850","5995","29315","-3204","17013","370"
"79191.650","94329","28810","10590","393","-275","-801","-542","544","3631921","-11940843","5891","29295","-3085","16680","444"
"79192.650","94460","28808","10669","440","-206","-2404","-632","549","3631822","-11940824","5789","29281","-3273","16408","494"
"79193.650","94541","28816","10677","415","-229","-2024","-712","546","3631723","-11940805","5686","29282","-3313","16108","487"
"79194.650","94743","28817","10740","390","-199","-2283","-650","543","3631626","-11940774","5576","29265","-2984","15848","342"
"79195.650","94819","28828","10755","397","-217","-2310","-706","546","3631530","-11940737","5495","29270","-2650","15639","310"
"79196.650","94928","28843","10878","430","-148","-2294","-828","541","3631435","-11940695","5416","29275","-2295","15494","245"
"79197.650","95053","28859","11054","415","-110","-1343","-571","546","3631343","-11940647","5324","29280","-1873","15368","257"
"79198.650","95230","28857","11256","343","-128","-1664","-704","544","3631250","-11940596","5232","29262","-1403","15250","193"
"79199.650","95319","28873","11490","344","-67","-1048","-540","537","3631157","-11940541","5133","29272","-1078","15156","166"
"79200.650","95467","28905","11617","544","-42","1436","-618","556","3631064","-11940481","5032","29290","-938","15207","1"
"79201.650","95584","28920","11771","505","-114","2194","-699","551","3630970","-11940419","4931","29295","-762","15192","7"
"79202.650","95724","28916","11919","482","-137","511","-496","554","3630875","-11940354","4827","29279","-454","15061","55"
"79203.650","95846","28926","11955","510","-238","-675","-475","548","3630780","-11940288","4722","29279","-463","15087","167"
"79204.650","95965","28928","12229","455","-92","-1118","-538","550","3630683","-11940219","4618","29270","-765","15014","186"
"79205.650","96020","28938","12407","440","-17","-312","-540","544","3630586","-11940150","4519","29275","-905","14926","283"
"79206.650","96141","28941","12600","396","22","3365","-608","539","3630488","-11940078","4424","29268","-1231","14876","162"
"79207.650","96246","28939","12702","326","-9","965","-493","537","3630391","-11940004","4338","29257","-1605","14627","204"
"79208.650","96257","28959","12648","485","-72","913","-565","554","3630293","-11939928","4269","29276","-1542","14524","279"
"79209.650","96383","28959","12781","420","-9","376","-766","541","3630196","-11939846","4213","29265","-1737","14423","253"
"79210.650","96392","28955","12821","361","-28","-613","-712","542","3630099","-11939764","4170","29260","-1623","14271","298"
"79211.650","96550","28965","12834","332","-50","-1369","-625","539","3630003","-11939678","4123","29257","-2312","14064","331"
"79212.650","96344","28980","12890","291","-9","-2416","-564","527","3629910","-11939588","4078","29290","-6103","13373","423"
"79213.650","96059","28986","12858","236","-30","-1740","-509","522","3629819","-11939495","4026","29321","-6451","12312","252"
"79214.650","96080","28993","12644","278","-228","-1412","-529","542","3629734","-11939390","3970","29326","-6816","11405","156"
"79215.650","95933","29001","12590","315","-120","-2922","-490","539","3629661","-11939276","3900","29347","-6635","10532","83"
"79216.650","96062","29026","12719","164","-84","-63","-566","491","3629601","-11939150","3793","29361","-6141","9732","135"
"79217.650","96110","29020","12707","137","-19","-160","-479","472","3629557","-11939015","3644","29351","-6411","8854","153"
"79218.650","96135","29012","12721","72","4","-285","-505","505","3629531","-11938874","3469","29340","-6080","8001","159"
"79219.650","96172","28998","12662","27","87","-2115","-537","466","3629522","-11938729","3282","29323","-6708","7029","248"
"79220.650","96156","29011","12603","24","52","-2504","-482","449","3629527","-11938579","3129","29338","-6698","6076","230"
"79221.650","96288","29027","12601","-64","82","-1880","-753","480","3629550","-11938439","3089","29342","-6742","5138","182"
"79222.650","96812","29066","12526","57","31","-394","-605","450","3629593","-11938310","2993","29336","-6830","4329","45"
"79223.650","96951","29066","12603","35","-79","-1659","-420","447","3629655","-11938186","2903","29325","-6990","3407","-161"
"79224.650","96854","29076","12771","-57","-178","-721","-601","505","3629736","-11938079","2814","29343","-6676","2505","-197"
"79225.650","96947","29095","12803","-43","-208","-461","-795","520","3629833","-11937986","2739","29354","-6652","1521","-175"
"79226.650","97361","29116","12687","124","-125","-1492","-512","490","3629945","-11937913","2682","29339","-6477","672","-230"
"79227.650","97546","29133","12789","107","-182","-1038","-513","511","3630074","-11937856","2737","29340","-6294","35828","-204"
"79228.650","97932","29145","12901","72","-216","99","-475","513","3630191","-11937834","2690","29320","-5974","35201","-175"
"79229.650","98199","29152","13053","75","-302","-521","-698","533","3630307","-11937834","2541","29303","-5785","34534","-142"
"79230.650","98437","29175","13149","134","-312","-504","-585","533","3630428","-11937845","2317","29306","-5724","33902","-152"
"79231.650","98754","29189","13197","58","-293","-522","-566","527","3630543","-11937876","2125","29293","-5430","33340","-156"
"79232.650","98879","29207","13445","276","-337","267","-703","548","3630655","-11937924","1903","29301","-5267","32678","-88"
"79233.650","99202","29196","13580","458","-280","104","-504","553","3630762","-11937989","1687","29263","-5018","32165","-173"
"79234.650","99459","29208","13591","361","-249","-1304","-567","548","3630864","-11938064","1498","29253","-4697","31772","-155"
"79235.650","99641","29224","13663","368","-230","-1651","-506","553","3630961","-11938150","1333","29254","-3817","31447","-163"
"79236.650","99779","29265","13683","428","-63","-107","-568","543","3631053","-11938246","1179","29284","-2277","31256","-57"
"79237.650","99957","29310","13716","351","-88","-48","-507","542","3631141","-11938349","1028","29314","-681","31350","131"
"79238.650","100066","29316","13756","314","-127","-625","-873","538","3631226","-11938458","893","29311","-551","31363","326"
"79239.650","100130","29377","13750","244","-162","-104","-597","538","3631309","-11938566","767","29366","-182","31349","545"
"79240.650","100253","29387","13642","39","-188","151","-402","515","3631392","-11938678","646","29366","53","31377","532"
"79241.650","100272","29397","13624","58","-113","221","-687","508","3631474","-11938790","574","29374","312","31440","464"
"79242.650","100301","29421","13610","64","-29","247","-579","501","3631558","-11938898","538","29395","410","31501","396"
"79243.650","100303","29357","13842","331","-19","-5","-578","528","3631643","-11939006","533","29332","97","31441","458"
"79244.650","100302","29413","13867","279","-54","222","-593","534","3631729","-11939115","543","29388","-368","31338","454"
"79245.650","100306","29379","14032","208","-308","-142","-595","544","3631816","-11939224","573","29354","-605","31375","438"
"79246.650","100318","29377","14101","219","-339","66","-498","543","3631902","-11939331","587","29351","-62","31433","432"
"79247.650","100332","29372","14121","222","-310","240","-547","536","3631989","-11939440","592","29344","118","31466","426"
"79248.650","100345","29357","14033","117","-239","-5","-483","509","3632075","-11939549","593","29328","183","31479","449"
"79249.650","100371","29401","14039","186","-121","123","-622","509","3632163","-11939659","594","29370","-22","31460","449"
"79250.650","100355","29371","14080","175","-148","-108","-787","516","3632250","-11939768","597","29342","-189","31423","495"
"79251.650","100198","29446","14140","314","-76","-20","-602","540","3632338","-11939876","600","29429","-295","31416","764"
"79252.650","98920","29324","14097","384","-64","-1605","-506","535","3632427","-11939986","609","29416","-277","31353","1927"
"79253.650","98292","29269","13873","286","-139","-1701","-628","542","3632514","-11940096","644","29414","-334","31316","2967"
"79254.650","99040","29234","13775","329","-286","-1625","-539","552","3632601","-11940203","738","29315","-182","31366","3028"
"79255.650","98650","29202","13496","180","-405","-457","-540","546","3632685","-11940309","935","29316","124","31459","3085"
"79256.650","98038","29149","13248","158","-400","105","-724","543","3632768","-11940404","1246","29314","126","31397","3004"
"79257.650","97389","29089","13073","175","-480","929","-558","555","3632847","-11940499","1659","29310","428","31432","2875"
"79258.650","96768","29055","12791","163","-437","2792","-464","547","3632919","-11940589","2186","29329","770","31538","2671"
"79259.650","96166","29018","12574","160","-367","3441","-424","550","3632988","-11940681","2830","29344","1085","31540","2523"
"79260.650","95644","28984","12411","120","-389","4379","-564","541","3633052","-11940765","3529","29356","1166","31612","2389"
"79261.650","95138","28915","12427","194","-422","3195","-807","547","3633118","-11940850","4148","29330","1615","31734","2253"
"79262.650","94669","28850","12423","222","-487","2764","-510","551","3633186","-11940940","4774","29305","2687","31893","2161"
"79263.650","94245","28805","12392","235","-517","2690","-407","560","3633255","-11941027","5364","29297","2925","32137","2094"
"79264.650","93860","28777","12323","289","-456","3303","-621","548","3633326","-11941108","6025","29303","3160","32300","1870"
"79265.650","93516","28742","12161","208","-353","3519","-455","551","3633405","-11941185","6477","29298","3459","32507","1808"
"79266.650","93232","28714","12073","232","-244","3761","-742","527","3633483","-11941263","6910","29295","3433","32750","1683"
"79267.650","92955","28686","12058","271","-178","3460","-657","529","3633560","-11941339","7289","29292","3373","32931","1617"
"79268.650","92676","28661","12093","203","-228","3006","-675","526","3633637","-11941416","7630","29291","3155","33192","1578"
"79269.650","92415","28635","12068","135","-178","1962","-538","520","3633716","-11941486","7936","29288","2900","33430","1539"
"79270.650","92139","28620","12041","25","-167","2190","-666","499","3633796","-11941555","8229","29297","2681","33654","1526"
"79271.650","91900","28602","12060","-20","-156","1940","-859","504","3633881","-11941619","8492","29300","2504","33893","1473"
"79272.650","91657","28581","12124","6","-140","731","-646","497","3634021","-11941648","8433","29302","1984","34018","1528"
"79273.650","91401","28552","12202","-75","-208","158","-603","514","3634138","-11941687","8523","29295","1660","34159","1575"
"79274.650","91169","28543","12259","137","-162","826","-663","506","3634238","-11941733","8723","29307","1915","34277","1479"
"79275.650","90946","28530","12284","114","-191","3273","-525","516","3634339","-11941775","8928","29314","1412","34329","1345"
"79276.650","90739","28497","12314","44","-156","2106","-519","472","3634441","-11941815","9132","29299","875","34453","1359"
"79277.650","90522","28468","12433","89","-180","181","-617","507","3634544","-11941854","9331","29289","345","34395","1384"
"79278.650","90307","28447","12425","84","-119","-267","-680","495","3634649","-11941889","9523","29288","210","34407","1426"
"79279.650","90113","28436","12467","69","-116","-335","-637","490","3634754","-11941925","9711","29294","112","34402","1412"
"79280.650","89893","28411","12644","69","-265","277","-706","531","3634860","-11941960","9897","29289","-240","34413","1432"
"79281.650","89694","28394","12713","-36","-330","1159","-636","526","3634966","-11941996","10085","29290","-856","34371","1376"
"79282.650","89482","28373","12777","-77","-333","-751","-672","539","3635073","-11942031","10275","29288","-1007","34322","1405"
"79283.650","89267","28356","12785","-36","-300","-209","-530","525","3635179","-11942068","10467","29291","-884","34241","1421"
"79284.650","89072","28335","12851","-23","-319","-526","-646","529","3635286","-11942108","10660","29288","-704","34191","1371"
"79285.650","88861","28321","12828","-9","-249","-138","-670","520","3635393","-11942147","10851","29293","-360","34172","1355"
"79286.650","88675","28303","12848","82","-186","-527","-638","516","3635500","-11942189","11039","29292","-77","34168","1385"
"79287.650","88462","28289","12809","69","-130","1542","-478","502","3635607","-11942232","11224","29298","-416","34084","1342"
"79288.650","88277","28287","12792","-20","-78","1659","-540","484","3635714","-11942274","11412","29313","-774","34099","1291"
"79289.650","88069","28263","13033","18","-256","1573","-614","523","3635822","-11942318","11600","29307","-748","34015","1265"
"79290.650","87869","28239","13122","35","-276","1363","-580","524","3635930","-11942363","11787","29301","-630","34008","1254"
"79291.650","87655","28228","13134","71","-223","1690","-684","521","3636039","-11942408","11973","29311","-543","33946","1316"
"79292.650","87472","28203","13144","63","-188","2457","-581","507","3636147","-11942458","12161","29302","-540","33903","1268"
"79293.650","87273","28181","13138","11","-131","1828","-533","487","3636256","-11942505","12354","29299","-729","33863","1288"
"79294.650","87055","28163","13155","70","-49","608","-610","470","3636364","-11942556","12551","29301","-863","33784","1315"
"79295.650","86857","28150","13098","-4","32","458","511","436","3636473","-11942606","12748","29306","-715","33728","1313"
"79296.650","86671","28137","13093","-103","42","727","-645","466","3636583","-11942656","12943","29311","-768","33739","1217"
"79297.650","86486","28112","13210","-45","-2","-821","-423","463","3636691","-11942713","13134","29302","-761","33696","1185"
"79298.650","86311","28111","13376","14","-127","-903","-606","486","3636801","-11942768","13322","29318","-920","33615","1173"
"79299.650","86159","28107","13519","75","-215","-757","-876","517","3636910","-11942825","13502","29329","-866","33568","1103"
"79300.650","86005","28098","13619","130","-249","-1122","-701","523","3637019","-11942883","13671","29335","-676","33507","1120"
"79301.650","85858","28080","13619","20","-256","-539","-648","527","3637129","-11942940","13822","29330","-414","33500","1079"
"79302.650","85705","28066","13693","-32","-305","-771","-515","516","3637238","-11943003","13958","29330","-308","33563","1143"
"79303.650","85553","28081","13867","57","-412","-977","-626","542","3637347","-11943064","14085","29361","9","33566","1192"
"79304.650","85401","28033","13883","20","-415","-1409","-668","539","3637457","-11943124","14231","29326","-139","33607","1247"
"79305.650","85221","28003","13859","154","-301","-1646","-707","529","3637568","-11943185","14375","29312","-11","33540","1305"
"79306.650","85022","27974","13933","164","-393","-584","-464","546","3637677","-11943248","14522","29301","-151","33513","1345"
"79307.650","84841","27954","13897","69","-389","-95","-629","532","3637788","-11943309","14668","29298","-176","33565","1311"
"79308.650","84632","27946","13784","58","-260","-37","-565","526","3637898","-11943370","14830","29311","-192","33522","1315"
"79309.650","84420","27928","13875","70","-347","-85","-655","537","3638007","-11943433","15007","29312","-183","33519","1338"
"79310.650","84200","27925","13902","118","-359","437","-687","536","3638118","-11943494","15196","29331","97","33533","1338"
"79311.650","83984","27955","14034","145","-494","1153","-602","544","3638227","-11943557","15396","29384","203","33565","1346"
"79312.650","83759","27935","14155","147","-598","1363","-756","556","3638337","-11943618","15606","29386","79","33597","1367"
"79313.650","83535","27924","14160","177","-569","1707","-762","556","3638447","-11943679","15827","29397","-22","33576","1322"
"79314.650","83303","27929","14190","181","-573","1722","-646","554","3638557","-11943741","16056","29425","-51","33569","1307"
"79315.650","83077","27933","14292","295","-603","1522","-727","561","3638667","-11943803","16291","29452","26","33558","1300"
"79316.650","82859","27921","14372","315","-652","1177","-686","562","3638778","-11943863","16528","29462","95","33545","1287"
"79317.650","82637","27914","14380","291","-644","898","-920","562","3638890","-11943924","16765","29478","15","33586","1321"
"79318.650","82409","27905","14456","290","-710","853","-744","565","3639001","-11943985","16996","29490","-165","33575","1337"
"79319.650","82191","27887","14497","310","-724","607","-822","566","3639113","-11944046","17227","29494","-178","33564","1344"
"79320.650","81955","27870","14548","314","-737","161","-730","567","3639224","-11944106","17458","29500","-323","33548","1385"
"79321.650","81718","27863","14587","341","-735","-236","-620","567","3639336","-11944168","17691","29518","-95","33536","1437"
"79322.650","81480","27851","14606","261","-779","-282","-951","568","3639447","-11944229","17926","29530","-36","33571","1453"
"79323.650","81236","27834","14623","215","-796","-978","-621","568","3639560","-11944290","18167","29536","-786","33557","1483"
"79324.650","80984","27811","14641","221","-801","-1580","-828","569","3639671","-11944352","18416","29538","-1327","33431","1508"
"79325.650","80727","27797","14610","169","-795","-1694","-696","567","3639782","-11944415","18676","29550","-1687","33331","1503"
"79326.650","80476","27776","14654","193","-830","-2134","-695","568","3639893","-11944480","18943","29555","-1803","33219","1484"
"79327.650","80237","27750","14659","207","-832","-2255","-736","570","3640003","-11944548","19199","29552","-1718","33098","1462"
"79328.650","79998","27735","14610","169","-801","-2099","-877","568","3640110","-11944619","19450","29561","-1674","33015","1442"
"79329.650","79764","27710","14634","177","-822","-1921","-582","569","3640218","-11944690","19695","29559","-1477","32933","1417"
"79330.650","79522","27690","14590","222","-749","-1743","-493","564","3640324","-11944767","19932","29564","-1323","32830","1509"
"79331.650","79283","27667","14591","179","-781","-1858","-562","566","3640430","-11944845","20170","29564","-1247","32774","1544"
"79332.650","79048","27644","14573","143","-797","-1713","-807","566","3640534","-11944925","20413","29565","-1006","32711","1544"
"79333.650","78799","27621","14564","140","-807","-1324","-608","566","3640637","-11945006","20665","29567","-701","32694","1499"
"79334.650","78554","27597","14549","142","-800","-964","-707","566","3640739","-11945089","20921","29567","-590","32657","1490"
"79335.650","78313","27572","14505","138","-757","-646","-597","564","3640841","-11945173","21176","29567","-430","32642","1500"
"79336.650","78057","27556","14484","142","-743","-209","-744","562","3640942","-11945259","21432","29577","-236","32634","1532"
"79337.650","77803","27527","14467","129","-750","332","-806","563","3641043","-11945345","21690","29573","-300","32637","1550"
"79338.650","77545","27526","14393","67","-716","571","-794","561","3641143","-11945430","21951","29601","-216","32628","1547"
"79339.650","77288","27519","14316","29","-662","934","-710","557","3641243","-11945517","22215","29621","-29","32626","1527"
"79340.650","77038","27515","14280","25","-629","1149","-753","555","3641343","-11945602","22484","29644","-136","32615","1505"
"79341.650","76778","27522","14224","18","-561","979","-767","550","3641443","-11945688","22758","29681","-297","32589","1504"
"79342.650","76529","27567","14256","124","-528","1020","-695","548","3641543","-11945775","23027","29757","-131","32557","1498"
"79343.650","76291","27625","14331","192","-575","950","-764","552","3641643","-11945861","23294","29845","63","32524","1476"
"79344.650","76048","27634","14295","94","-597","806","-632","553","3641743","-11945948","23560","29882","-69","32563","1467"
"79345.650","75814","27648","14238","-23","-599","713","-541","552","3641842","-11946032","23824","29924","-78","32591","1449"
"79346.650","75579","27656","14138","-163","-562","654","-635","550","3641943","-11946119","24085","29960","-57","32648","1439"
"79347.650","75359","27674","14193","-151","-608","669","-897","553","3642043","-11946205","24342","30004","79","32668","1401"
"79348.650","75151","27697","14269","-158","-689","551","-756","559","3642143","-11946292","24593","30053","117","32691","1375"
"79349.650","74950","27711","14360","-189","-797","460","-912","565","3642243","-11946378","24837","30090","92","32743","1336"
"79350.650","74753","27704","14409","-221","-847","124","-875","567","3642344","-11946464","25077","30106","-9","32769","1335"
"79351.650","74563","27692","14460","-219","-879","-324","-859","568","3642445","-11946550","25307","30115","-222","32761","1346"
"79352.650","74363","27680","14488","-220","-892","-561","-784","570","3642547","-11946634","25527","30125","-462","32734","1340"
"79353.650","74169","27666","14527","-225","-922","-529","-753","570","3642648","-11946723","25738","30132","-501","32707","1298"
"79354.650","73982","27654","14571","-233","-951","-806","-695","572","3642749","-11946809","25942","30140","-617","32681","1257"
"79355.650","73802","27640","14626","-239","-988","-742","-821","573","3642850","-11946898","26140","30146","-359","32667","1195"
"79356.650","73638","27627","14717","-209","-1036","-692","-807","575","3642952","-11946985","26329","30152","-112","32687","1141"
"79357.650","73485","27611","14802","-178","-1068","-389","-704","577","3643054","-11947075","26507","30152","163","32688","1086"
"79358.650","73343","27598","14893","-123","-1082","-60","-803","577","3643155","-11947168","26674","30154","395","32732","1016"
"79359.650","73220","27585","14986","-72","-1089","129","-730","577","3643258","-11947255","26827","30154","624","32746","961"
"79360.650","73096","27576","15077","-50","-1103","-24","-657","578","3643361","-11947348","26967","30159","-348","32729","953"
"79361.650","72971","27575","15203","-10","-1142","0","-708","578","3643466","-11947437","27096","30173","-525","32666","893"
"79362.650","72863","27612","15384","101","-1200","399","-755","580","3643570","-11947528","27216","30226","-271","32646","818"
"79363.650","72771","27629","15577","224","-1250","667","-658","582","3643676","-11947619","27326","30256","55","32613","755"
"79364.650","72687","27626","15667","265","-1225","694","-689","582","3643781","-11947712","27427","30262","277","32634","761"
"79365.650","72595","27633","15781","339","-1215","488","-741","582","3643888","-11947805","27515","30281","-184","32624","872"
"79366.650","72489","27640","15904","413","-1230","355","-662","583","3643995","-11947898","27611","30302","-307","32552","899"
"79367.650","72376","27653","16006","492","-1228","117","-847","584","3644103","-11947992","27716","30329","-281","32512","906"
"79368.650","72254","27658","16050","494","-1213","-77","-957","583","3644211","-11948087","27821","30349","-237","32492","933"
"79369.650","72130","27657","16084","484","-1198","-217","-882","582","3644319","-11948182","27929","30363","-41","32503","941"
"79370.650","72000","27663","16106","468","-1179","-295","-802","582","3644428","-11948278","28053","30385","6","32510","970"
"79371.650","71866","27659","16134","446","-1174","-226","-799","581","3644537","-11948374","28188","30397","-6","32519","963"
"79372.650","71734","27658","16170","439","-1168","-175","-820","581","3644645","-11948469","28332","30412","0","32529","949"
"79373.650","71600","27658","16206","423","-1168","-34","-767","581","3644755","-11948564","28482","30428","173","32544","927"
"79374.650","71475","27657","16233","398","-1159","171","-994","580","3644864","-11948663","28632","30442","368","32583","892"
"79375.650","71354","27651","16265","372","-1150","276","-1018","579","3644975","-11948759","28777","30451","287","32607","869"
"79376.650","71236","27647","16299","354","-1134","343","-1137","579","3645086","-11948855","28918","30461","306","32626","864"
"79377.650","71124","27646","16318","316","-1114","436","-1041","577","3645197","-11948953","29055","30473","127","32650","844"
"79378.650","71018","27640","16350","306","-1087","531","-846","576","3645310","-11949047","29187","30480","169","32649","829"
"79379.650","70911","27633","16392","298","-1071","560","-1006","575","3645422","-11949143","29314","30485","95","32664","847"
"79380.650","70803","27628","16432","281","-1059","479","-1001","575","3645537","-11949240","29439","30492","-21","32661","848"
"79381.650","70688","27623","16468","266","-1044","445","-873","574","3645651","-11949337","29566","30501","79","32669","871"
"79382.650","70573","27613","16503","262","-1027","397","-960","573","3645766","-11949433","29696","30504","152","32687","887"
"79383.650","70456","27606","16543","241","-1027","188","-972","573","3645881","-11949528","29828","30510","67","32698","907"
"79384.650","70331","27597","16584","240","-1022","-34","-999","573","3645997","-11949624","29960","30517","-10","32697","923"
"79385.650","70204","27586","16624","217","-1036","-166","-918","573","3646113","-11949722","30096","30520","92","32710","953"
"79386.650","70045","27575","16653","274","-996","-444","-517","573","3646230","-11949818","30236","30527","-116","32713","1097"
"79387.650","69886","27562","16680","258","-1029","-543","-708","574","3646347","-11949914","30385","30533","-126","32700","1170"
"79388.650","69722","27544","16702","217","-1084","-595","-777","575","3646463","-11950009","30552","30533","-39","32711","1187"
"79389.650","69531","27525","16717","230","-1100","-476","-869","576","3646580","-11950109","30746","30537","-10","32716","1164"
"79390.650","69344","27513","16738","234","-1123","-370","-846","576","3646695","-11950205","30963","30547","33","32723","1124"
"79391.650","69167","27498","16744","244","-1118","-351","-875","576","3646812","-11950302","31192","30553","-132","32715","1101"
"79392.650","68991","27481","16766","244","-1135","-229","-926","577","3646928","-11950399","31417","30555","-205","32700","1073"
"79393.650","68820","27469","16784","248","-1143","46","-841","577","3647045","-11950495","31625","30564","-157","32699","1055"
"79394.650","68658","27464","16769","230","-1121","326","-978","576","3647162","-11950592","31834","30579","-96","32698","1032"
"79395.650","68504","27461","16795","245","-1121","423","-1334","576","3647277","-11950688","32048","30595","-137","32690","1022"
"79396.650","68352","27444","16855","285","-1143","397","-887","577","3647394","-11950788","32254","30596","-243","32670","1006"
"79397.650","68197","27426","16884","302","-1142","327","-860","577","3647510","-11950885","32454","30595","-277","32647","1015"
"79398.650","68041","27409","16892","305","-1128","472","-917","577","3647627","-11950984","32648","30597","-196","32640","1015"
"79399.650","67894","27394","16893","294","-1116","572","-803","576","3647743","-11951084","32838","30599","-124","32633","1017"
"79400.650","67745","27390","16862","248","-1086","565","-886","574","3647860","-11951182","33023","30613","-125","32643","1014"
"79401.650","67593","27380","16866","235","-1074","544","-963","574","3647978","-11951282","33206","30621","-126","32639","1010"
"79402.650","67438","27367","16882","229","-1072","525","-842","573","3648094","-11951380","33385","30627","-139","32634","1010"
"79403.650","67289","27364","16862","213","-1033","442","-829","572","3648211","-11951480","33567","30643","-135","32628","1011"
"79404.650","67142","27360","16857","202","-1010","393","-902","571","3648328","-11951580","33750","30658","-93","32620","1009"
"79405.650","66988","27349","16894","200","-1034","376","-1051","571","3648445","-11951680","33931","30666","-70","32632","1015"
"79406.650","66836","27345","16929","190","-1059","259","-971","572","3648563","-11951782","34113","30681","-67","32633","1011"
"79407.650","66685","27345","17002","191","-1123","51","-881","575","3648680","-11951882","34294","30702","-108","32644","1019"
"79408.650","66537","27346","17083","236","-1172","-130","-704","577","3648798","-11951982","34476","30722","-134","32640","1030"
"79409.650","66384","27339","17148","315","-1184","-158","-856","578","3648915","-11952084","34658","30734","-128","32611","1023"
"79410.650","66232","27320","17180","329","-1200","-229","-1006","578","3649032","-11952183","34842","30733","-132","32608","1023"
"79411.650","66076","27301","17210","352","-1207","-272","-678","578","3649150","-11952286","35027","30732","-18","32607","1034"
"79412.650","65924","27285","17238","393","-1206","-210","-784","579","3649268","-11952388","35212","30735","124","32610","1045"
"79413.650","65760","27271","17274","420","-1225","-202","-845","580","3649386","-11952489","35399","30740","175","32622","1043"
"79414.650","65604","27252","17307","429","-1251","-260","-864","580","3649503","-11952590","35587","30740","127","32630","1046"
"79415.650","65445","27234","17312","427","-1254","-338","-794","580","3649621","-11952692","35777","30741","48","32638","1072"
"79416.650","65280","27216","17335","449","-1267","-324","-829","581","3649739","-11952793","35968","30742","24","32636","1084"
"79417.650","65111","27196","17364","465","-1296","-146","-865","582","3649857","-11952893","36161","30744","205","32653","1072"
"79418.650","64946","27178","17370","462","-1307","-1","-955","583","3649976","-11952993","36357","30745","435","32692","1070"
"79419.650","64792","27159","17369","458","-1310","134","-867","583","3650094","-11953092","36555","30744","648","32735","1055"
"79420.650","64630","27144","17367","468","-1302","183","-822","582","3650213","-11953189","36755","30749","604","32777","1079"
"79421.650","64467","27127","17379","498","-1301","273","-752","583","3650333","-11953289","36958","30752","448","32792","1091"
"79422.650","64293","27114","17376","530","-1282","225","-850","582","3650453","-11953386","37162","30762","353","32802","1115"
"79423.650","64119","27101","17370","585","-1252","384","-812","582","3650573","-11953482","37369","30771","404","32806","1115"
"79424.650","63947","27092","17366","620","-1238","320","-737","582","3650694","-11953577","37579","30783","240","32805","1127"
"79425.650","63765","27082","17378","690","-1220","311","-794","583","3650814","-11953669","37794","30798","204","32802","1141"
"79426.650","63584","27062","17373","707","-1224","546","-694","583","3650935","-11953764","38012","30800","204","32803","1145"
"79427.650","63408","27048","17368","738","-1214","463","-702","583","3651056","-11953857","38236","30808","193","32810","1148"
"79428.650","63230","27033","17388","801","-1217","613","-740","584","3651177","-11953949","38464","30816","149","32800","1138"
"79429.650","63047","27022","17428","818","-1269","584","-857","586","3651299","-11954042","38698","30829","74","32804","1109"
"79430.650","62875","27015","17482","877","-1308","697","-686","588","3651420","-11954132","38927","30845","162","32815","1073"
"79431.650","62705","26998","17489","893","-1311","720","-667","587","3651541","-11954226","39152","30849","140","32804","1013"
"79432.650","62551","26983","17491","899","-1302","677","-818","587","3651663","-11954317","39374","30854","99","32825","970"
"79433.650","62407","26965","17524","941","-1300","621","-811","588","3651784","-11954407","39591","30854","62","32807","937"
"79434.650","62275","26950","17530","929","-1293","593","-610","587","3651906","-11954499","39794","30855","-67","32807","914"
"79435.650","62154","26937","17552","946","-1282","396","-768","588","3652028","-11954589","39992","30858","-89","32789","905"
"79436.650","62031","26921","17581","951","-1288","339","-1049","588","3652150","-11954681","40173","30857","-126","32794","900"
"79437.650","61906","26906","17586","949","-1269","380","-742","587","3652273","-11954772","40338","30857","-49","32780","893"
"79438.650","61788","26894","17631","966","-1283","265","-913","588","3652395","-11954865","40493","30860","-123","32788","864"
"79439.650","61673","26877","17696","1006","-1301","187","-762","589","3652519","-11954956","40639","30858","-162","32762","850"
"79440.650","61562","26863","17722","1015","-1293","192","-1027","588","3652642","-11955051","40780","30857","-55","32764","843"
"79441.650","61454","26851","17751","1035","-1280","149","-748","588","3652765","-11955143","40917","30859","-52","32759","846"
"79442.650","61344","26838","17793","1058","-1282","86","-774","589","3652889","-11955237","41050","30859","-46","32750","850"
"79443.650","61233","26825","17843","1086","-1293","185","-930","590","3653013","-11955329","41183","30860","40","32758","839"
"79444.650","61119","26809","17872","1088","-1292","105","-747","590","3653137","-11955423","41316","30859","37","32751","844"
"79445.650","61002","26795","17892","1084","-1292","121","-883","589","3653261","-11955515","41453","30860","-48","32763","831"
"79446.650","60899","26787","17918","1092","-1292","-11","-710","589","3653386","-11955611","41589","30865","-153","32742","796"
"79447.650","60794","26775","17960","1084","-1313","-64","-876","590","3653510","-11955703","41724","30866","-183","32747","781"
"79448.650","60695","26764","17978","1080","-1304","-27","-700","589","3653635","-11955799","41857","30867","-5","32741","798"
"79449.650","60599","26755","18013","1089","-1306","-13","-965","590","3653759","-11955892","41986","30871","-15","32753","790"
"79450.650","60500","26745","18046","1102","-1302","-70","-791","590","3653885","-11955988","42111","30875","-191","32733","791"
"79451.650","60402","26738","18080","1116","-1298","-120","-721","590","3654011","-11956082","42230","30880","-184","32721","787"
"79452.650","60305","26733","18101","1146","-1273","-77","-733","590","3654136","-11956178","42351","30889","-105","32705","810"
"79453.650","60211","26729","18135","1178","-1261","-172","-842","590","3654262","-11956273","42476","30898","-205","32693","778"
"79454.650","60114","26722","18149","1193","-1235","-278","-925","590","3654388","-11956369","42601","30904","-341","32656","800"
"79455.650","60019","26713","18161","1196","-1217","-236","-881","589","3654513","-11956466","42726","30907","-182","32652","803"
"79456.650","59914","26702","18175","1218","-1195","-209","-897","590","3654639","-11956562","42852","30911","-36","32646","840"
"79457.650","59810","26693","18188","1234","-1180","-185","-737","589","3654765","-11956659","42979","30915","96","32658","857"
"79458.650","59706","26683","18206","1254","-1171","-163","-885","590","3654891","-11956757","43107","30919","310","32670","854"
"79459.650","59595","26675","18213","1257","-1162","-57","-755","589","3655017","-11956854","43235","30926","475","32706","857"
"79460.650","59484","26663","18218","1242","-1161","-8","-882","589","3655144","-11956951","43369","30929","388","32733","874"
"79461.650","59365","26649","18227","1246","-1155","11","-1053","589","3655271","-11957045","43503","30931","398","32754","864"
"79462.650","59251","26636","18244","1265","-1148","-12","-675","589","3655399","-11957142","43642","30932","532","32778","860"
"79463.650","59138","26622","18243","1255","-1139","44","-912","589","3655527","-11957234","43786","30933","466","32815","856"
"79464.650","59024","26609","18259","1237","-1153","-39","-612","588","3655655","-11957328","43933","30934","362","32824","857"
"79465.650","58912","26593","18285","1235","-1169","24","-784","589","3655785","-11957422","44084","30934","233","32856","876"
"79466.650","58790","26579","18298","1246","-1170","75","-662","589","3655915","-11957514","44236","30935","179","32858","927"
"79467.650","58665","26565","18301","1215","-1193","162","-767","589","3656044","-11957607","44392","30938","168","32883","953"
"79468.650","58532","26555","18274","1172","-1194","175","-764","588","3656174","-11957697","44556","30946","91","32896","979"
"79469.650","58390","26542","18256","1142","-1198","156","-831","587","3656304","-11957788","44727","30952","-39","32901","996"
"79470.650","58247","26523","18251","1140","-1207","185","-878","587","3656434","-11957878","44902","30951","-10","32904","1019"
"79471.650","58102","26508","18240","1150","-1206","255","-704","588","3656564","-11957969","45087","30957","111","32915","1035"
"79472.650","57949","26497","18217","1142","-1204","275","-747","587","3656694","-11958061","45283","30967","-7","32913","1044"
"79473.650","57789","26496","18204","1161","-1199","272","-832","588","3656824","-11958148","45487","30991","11","32916","1062"
"79474.650","57634","26499","18160","1212","-1143","397","-829","587","3656954","-11958241","45699","31017","150","32899","1079"
"79475.650","57479","26488","18096","1208","-1098","375","-769","586","3657082","-11958328","45916","31028","192","32914","1095"
"79476.650","57316","26473","18033","1198","-1059","378","-815","585","3657212","-11958418","46139","31037","229","32921","1102"
"79477.650","57151","26463","17968","1186","-1019","408","-849","584","3657341","-11958506","46365","31050","192","32932","1096"
"79478.650","56993","26452","17918","1212","-971","380","-987","584","3657470","-11958594","46594","31062","186","32930","1087"
"79479.650","56838","26450","17896","1259","-940","447","-980","584","3657599","-11958682","46822","31084","359","32930","1079"
"79480.650","56684","26453","17885","1279","-937","513","-940","584","3657729","-11958767","47044","31112","500","32962","1078"
"79481.650","56535","26443","17892","1306","-948","404","-736","585","3657858","-11958853","47262","31123","461","32987","1059"
"79482.650","56387","26438","17897","1329","-958","343","-817","586","3657988","-11958939","47479","31140","327","32994","1051"
"79483.650","56245","26432","17906","1338","-982","363","-1011","586","3658117","-11959024","47695","31156","373","33016","1058"
"79484.650","56097","26431","17885","1362","-963","420","-774","586","3658247","-11959109","47906","31178","439","33044","1073"
"79485.650","55954","26433","17810","1365","-893","233","-1035","585","3658378","-11959191","48115","31203","354","33045","1080"
"79486.650","55809","26441","17755","1396","-830","125","-779","585","3658508","-11959273","48324","31236","232","33044","1067"
"79487.650","55664","26428","17732","1418","-813","245","-804","585","3658640","-11959355","48532","31243","113","33030","1069"
"79488.650","55521","26419","17702","1437","-783","105","-780","585","3658770","-11959436","48738","31256","-55","33025","1065"
"79489.650","55363","26404","17712","1466","-799","357","-730","586","3658901","-11959516","48942","31263","-55","33003","1055"
"79490.650","55222","26389","17711","1464","-814","366","-899","586","3659032","-11959597","49144","31268","-3","33019","1038"
"79491.650","55085","26373","17706","1468","-819","402","-735","586","3659163","-11959677","49344","31272","100","33024","1029"
"79492.650","54953","26361","17699","1460","-827","429","-846","586","3659293","-11959757","49543","31278","129","33040","1022"
"79493.650","54827","26348","17688","1444","-830","311","-828","586","3659424","-11959836","49738","31283","51","33054","1009"
"79494.650","54705","26334","17664","1422","-816","-63","-1031","585","3659555","-11959917","49929","31288","-52","33050","996"
"79495.650","54586","26323","17642","1414","-795","-324","-846","585","3659686","-11959996","50115","31293","-104","33052","988"
"79496.650","54453","26309","17641","1404","-806","95","-892","584","3659817","-11960076","50296","31299","-116","33042","986"
"79497.650","54322","26301","17628","1385","-807","441","-772","584","3659948","-11960154","50472","31311","-129","33045","977"
"79498.650","54205","26305","17604","1336","-806","416","-909","582","3660078","-11960233","50645","31334","-119","33049","965"
"79499.650","54084","26297","17633","1314","-850","560","-807","582","3660209","-11960314","50814","31346","-136","33070","956"
"79500.650","53966","26289","17639","1293","-863","459","-772","582","3660340","-11960394","50980","31355","-138","33063","949"
"79501.650","53851","26276","17653","1296","-871","439","-833","582","3660471","-11960475","51144","31358","-208","33064","937"
"79502.650","53738","26266","17665","1314","-867","419","-760","582","3660601","-11960556","51305","31366","-224","33043","929"
"79503.650","53636","26262","17681","1335","-864","211","-826","583","3660732","-11960636","51464","31378","-338","33022","921"
"79504.650","53537","26258","17679","1346","-841","-51","-855","583","3660862","-11960717","51620","31389","-472","32990","886"
"79505.650","53442","26253","17659","1338","-803","-380","-731","582","3660993","-11960799","51773","31400","-525","32956","851"
"79506.650","53350","26243","17672","1327","-799","-411","-741","581","3661123","-11960881","51921","31404","-570","32941","812"
"79507.650","53270","26235","17679","1319","-782","-527","-781","581","3661253","-11960964","52059","31408","-682","32905","771"
"79508.650","53184","26225","17712","1322","-783","-324","-732","581","3661384","-11961048","52184","31409","-714","32871","743"
"79509.650","53099","26218","17750","1324","-789","238","-766","581","3661514","-11961135","52298","31415","-492","32843","747"
"79510.650","53036","26215","17786","1328","-786","301","-648","581","3661644","-11961222","52402","31423","-328","32844","745"
"79511.650","52967","26208","17826","1354","-777","395","-800","581","3661773","-11961308","52496","31426","-536","32812","752"
"79512.650","52892","26203","17879","1369","-788","210","-640","582","3661904","-11961396","52578","31433","-814","32753","744"
"79513.650","52821","26197","17937","1384","-809","240","-698","582","3662034","-11961486","52668","31438","-852","32705","744"
"79514.650","52751","26188","17984","1410","-810","340","-644","583","3662163","-11961576","52761","31439","-823","32664","727"
"79515.650","52691","26180","18022","1407","-815","304","-756","583","3662292","-11961669","52855","31440","-937","32613","709"
"79516.650","52627","26172","18055","1381","-826","-80","-774","583","3662421","-11961763","52949","31440","-2342","32480","705"
"79517.650","52547","26164","18110","1395","-833","-389","-696","583","3662549","-11961857","53041","31444","-2360","32322","673"
"79518.650","52492","26158","18146","1430","-814","-136","-689","584","3662675","-11961957","53126","31447","-839","32293","715"
"79519.650","52439","26148","18175","1438","-806","-161","-536","583","3662800","-11962062","53206","31444","-302","32332","749"
"79520.650","52369","26142","18212","1434","-821","-230","-629","583","3662925","-11962165","53292","31449","-97","32336","791"
"79521.650","52284","26135","18233","1433","-825","-178","-547","584","3663049","-11962271","53385","31454","-87","32351","835"
"79522.650","52186","26122","18257","1433","-840","174","-621","584","3663174","-11962376","53489","31456","57","32355","861"
"79523.650","52095","26110","18263","1432","-839","269","-715","584","3663299","-11962479","53606","31458","179","32379","872"
"79524.650","51999","26102","18263","1432","-828","262","-811","584","3663423","-11962584","53735","31464","127","32393","866"
"79525.650","51906","26091","18258","1398","-837","247","-640","583","3663548","-11962690","53873","31467","270","32417","855"
"79526.650","51813","26082","18242","1383","-816","290","-723","582","3663673","-11962792","54015","31472","285","32441","854"
"79527.650","51719","26070","18242","1373","-810","239","-597","582","3663798","-11962896","54159","31474","218","32454","844"
"79528.650","51626","26062","18231","1371","-784","238","-586","582","3663925","-11962998","54303","31481","346","32474","827"
"79529.650","51533","26053","18237","1371","-774","393","-622","581","3664050","-11963102","54439","31486","282","32491","805"
"79530.650","51455","26045","18249","1361","-773","239","-748","581","3664177","-11963205","54574","31490","364","32509","788"
"79531.650","51382","26038","18258","1362","-759","224","-629","581","3664304","-11963304","54704","31495","350","32534","782"
"79532.650","51306","26028","18280","1361","-759","184","-697","581","3664432","-11963407","54829","31495","224","32546","761"
"79533.650","51234","26022","18303","1366","-756","163","-749","581","3664561","-11963507","54947","31501","151","32552","764"
"79534.650","51166","26012","18325","1373","-750","57","-790","581","3664689","-11963607","55059","31500","182","32558","776"
"79535.650","51098","26004","18335","1369","-741","13","-691","581","3664818","-11963707","55166","31503","238","32579","785"
"79536.650","51027","25996","18345","1363","-732","-37","-713","580","3664948","-11963807","55276","31506","215","32589","766"
"79537.650","50956","25989","18358","1366","-719","-152","-696","580","3665078","-11963906","55389","31510","136","32597","767"
"79538.650","50867","25977","18390","1383","-724","356","-542","581","3665208","-11964006","55501","31512","308","32610","757"
"79539.650","50796","25970","18413","1386","-722","376","-708","580","3665338","-11964103","55612","31516","467","32647","741"
"79540.650","50730","25961","18448","1391","-731","262","-780","581","3665470","-11964202","55721","31516","370","32666","746"
"79541.650","50659","25951","18471","1385","-736","12","-643","580","3665601","-11964302","55828","31516","340","32691","779"
"79542.650","50589","25941","18484","1390","-727","-141","-727","581","3665734","-11964398","55937","31517","364","32711","801"
"79543.650","50502","25930","18495","1390","-725","44","-733","581","3665866","-11964494","56048","31519","283","32728","810"
"79544.650","50415","25919","18501","1398","-714","79","-800","580","3665999","-11964590","56159","31521","293","32741","812"
"79545.650","50337","25916","18507","1409","-697","-155","-658","581","3666133","-11964687","56273","31532","321","32760","803"
"79546.650","50253","25913","18532","1439","-692","-132","-555","582","3666267","-11964781","56391","31542","308","32766","781"
"79547.650","50182","25908","18540","1453","-671","-356","-831","581","3666402","-11964875","56512","31549","206","32776","740"
"79548.650","50110","25901","18575","1459","-680","-342","-601","581","3666537","-11964968","56629","31554","169","32781","697"
"79549.650","50051","25895","18600","1478","-665","-302","-636","582","3666672","-11965063","56743","31558","122","32782","661"
"79550.650","49993","25889","18637","1489","-660","-268","-682","581","3666808","-11965157","56851","31560","24","32779","616"
"79551.650","49950","25884","18672","1488","-651","-346","-684","582","3666943","-11965252","56950","31563","-37","32773","586"
"79552.650","49895","25877","18727","1511","-651","208","-568","583","3667079","-11965347","57034","31564","-100","32770","566"
"79553.650","49857","25872","18769","1503","-651","269","-603","582","3667216","-11965441","57102","31564","-117","32762","595"
"79554.650","49822","25866","18811","1523","-636","320","-597","582","3667354","-11965535","57159","31563","16","32769","582"
"79555.650","49779","25860","18850","1535","-625","477","-687","583","3667491","-11965631","57211","31564","16","32775","613"
"79556.650","49730","25852","18892","1532","-631","622","-604","583","3667629","-11965725","57265","31563","14","32782","639"
"79557.650","49687","25846","18922","1536","-626","555","-809","583","3667767","-11965821","57328","31563","101","32789","667"
"79558.650","49630","25839","18953","1529","-632","534","-610","582","3667906","-11965916","57395","31565","-93","32789","681"
"79559.650","49560","25833","18980","1553","-622","523","-638","582","3668045","-11966011","57467","31570","-129","32767","720"
"79560.650","49491","25824","18990","1566","-606","658","-612","583","3668184","-11966107","57547","31572","-89","32774","746"
"79561.650","49419","25817","19012","1555","-621","675","-650","582","3668323","-11966201","57635","31577","-249","32757","736"
"79562.650","49347","25810","19033","1560","-621","635","-598","583","3668461","-11966297","57730","31581","-451","32738","718"
"79563.650","49271","25803","19052","1539","-633","568","-641","582","3668601","-11966394","57835","31587","-560","32705","722"
"79564.650","49196","25796","19077","1554","-633","598","-612","582","3668739","-11966492","57947","31592","-566","32676","722"
"79565.650","49126","25787","19087","1536","-634","558","-570","582","3668878","-11966591","58064","31594","-411","32665","689"
"79566.650","49062","25781","19099","1522","-629","536","-924","582","3669016","-11966690","58178","31598","-423","32650","674"
"79567.650","49002","25773","19116","1509","-627","452","-775","582","3669154","-11966790","58287","31599","-367","32635","658"
"79568.650","48945","25767","19134","1514","-613","468","-490","581","3669291","-11966890","58398","31602","-213","32634","642"
"79569.650","48893","25760","19160","1489","-625","458","-595","581","3669429","-11966991","58503","31603","-200","32629","628"
"79570.650","48848","25757","19175","1456","-626","301","-879","580","3669568","-11967093","58601","31607","-175","32632","624"
"79571.650","48804","25756","19183","1455","-600","198","-586","579","3669706","-11967196","58691","31614","-130","32627","648"
"79572.650","48762","25753","19201","1439","-600","-69","-630","580","3669844","-11967298","58774","31619","-132","32630","673"
"79573.650","48707","25746","19221","1443","-594","90","-754","579","3669983","-11967401","58854","31620","-79","32625","681"
"79574.650","48655","25741","19242","1436","-596","-11","-631","579","3670121","-11967503","58941","31624","-159","32628","675"
"79575.650","48598","25737","19259","1432","-592","-135","-759","579","3670260","-11967606","59031","31630","-131","32617","676"
"79576.650","48537","25733","19266","1432","-575","-90","-602","579","3670399","-11967710","59122","31636","-99","32616","688"
"79577.650","48476","25729","19270","1404","-576","-98","-610","578","3670538","-11967812","59216","31642","-96","32621","685"
"79578.650","48416","25722","19286","1384","-584","-123","-916","578","3670677","-11967915","59311","31645","-124","32624","680"
"79579.650","48354","25715","19300","1370","-585","-176","-556","577","3670817","-11968018","59410","31648","-155","32622","671"
"79580.650","48278","25708","19334","1382","-594","267","-782","577","3670956","-11968123","59507","31654","-104","32621","662"
"79581.650","48215","25699","19370","1409","-594","448","-663","578","3671095","-11968227","59602","31654","-71","32612","659"
"79582.650","48154","25693","19378","1425","-567","393","-682","578","3671235","-11968332","59696","31659","-119","32609","669"
"79583.650","48093","25686","19414","1445","-573","391","-680","578","3671375","-11968437","59789","31661","-140","32599","669"
"79584.650","48032","25677","19444","1466","-570","485","-555","580","3671514","-11968541","59883","31662","-76","32598","658"
"79585.650","47967","25667","19469","1487","-564","643","-593","580","3671654","-11968646","59977","31662","-25","32601","668"
"79586.650","47910","25658","19501","1480","-583","568","-663","579","3671794","-11968751","60071","31662","-219","32588","667"
"79587.650","47855","25651","19523","1463","-596","273","-757","579","3671934","-11968857","60165","31663","-434","32566","652"
"79588.650","47797","25643","19547","1462","-600","160","-751","579","3672074","-11968962","60259","31664","-401","32548","651"
"79589.650","47738","25634","19576","1456","-616","245","-759","579","3672214","-11969071","60350","31665","-201","32544","646"
"79590.650","47681","25629","19604","1455","-625","286","-639","579","3672354","-11969177","60440","31669","-174","32552","641"
"79591.650","47626","25623","19632","1447","-638","280","-643","579","3672494","-11969283","60528","31672","-50","32550","638"
"79592.650","47572","25617","19644","1432","-635","197","-645","579","3672634","-11969391","60615","31675","-122","32556","627"
"79593.650","47519","25614","19656","1420","-632","213","-601","578","3672774","-11969500","60701","31681","-38","32555","637"
"79594.650","47464","25609","19674","1405","-639","293","-681","578","3672914","-11969607","60786","31686","-25","32572","636"
"79595.650","47414","25602","19688","1400","-632","298","-703","578","3673055","-11969716","60872","31686","1","32567","636"
"79596.650","47360","25594","19717","1409","-637","302","-659","579","3673196","-11969825","60958","31687","23","32577","641"
"79597.650","47308","25587","19730","1404","-632","275","-645","578","3673337","-11969934","61046","31688","-49","32571","653"
"79598.650","47255","25580","19743","1400","-630","94","-708","578","3673478","-11970040","61135","31690","-252","32555","663"
"79599.650","47198","25573","19772","1395","-650","-12","-757","578","3673619","-11970150","61225","31692","-175","32551","671"
"79600.650","47131","25565","19786","1392","-655","97","-878","578","3673760","-11970257","61317","31695","-177","32552","700"
"79601.650","47050","25555","19802","1389","-668","396","-679","578","3673901","-11970366","61412","31698","-165","32549","706"
"79602.650","46985","25549","19799","1388","-657","298","-689","578","3674042","-11970477","61514","31703","-185","32541","725"
"79603.650","46912","25544","19779","1373","-637","174","-576","577","3674183","-11970585","61618","31711","-279","32527","743"
"79604.650","46835","25537","19779","1370","-638","237","-905","577","3674324","-11970695","61726","31717","-173","32522","736"
"79605.650","46764","25532","19772","1373","-625","236","-666","576","3674465","-11970806","61841","31724","-165","32520","738"
"79606.650","46688","25524","19776","1370","-629","290","-667","576","3674606","-11970916","61961","31729","-237","32506","735"
"79607.650","46614","25515","19785","1378","-630","185","-801","577","3674746","-11971025","62085","31733","-301","32496","726"
"79608.650","46540","25506","19799","1381","-642","195","-731","577","3674886","-11971137","62212","31735","-352","32476","727"
"79609.650","46466","25498","19799","1378","-640","271","-556","576","3675026","-11971247","62337","31741","-402","32464","721"
"79610.650","46394","25491","19804","1372","-644","225","-680","577","3675166","-11971360","62458","31745","-429","32443","711"
"79611.650","46330","25481","19821","1392","-643","144","-1086","577","3675306","-11971472","62576","31746","-459","32425","708"
"79612.650","46269","25474","19831","1400","-641","32","-738","578","3675445","-11971585","62693","31749","-476","32401","699"
"79613.650","46201","25465","19840","1403","-641","60","-663","578","3675584","-11971699","62807","31751","-489","32379","688"
"79614.650","46142","25463","19851","1411","-636","39","-696","577","3675722","-11971814","62918","31760","-504","32355","680"
"79615.650","46087","25459","19868","1440","-624","-121","-768","578","3675861","-11971928","63026","31765","-503","32323","674"
"79616.650","46010","25448","19881","1437","-633","291","-504","578","3675999","-11972042","63133","31767","-532","32304","683"
"79617.650","45942","25439","19886","1444","-624","431","-701","578","3676137","-11972161","63239","31770","-527","32277","687"
"79618.650","45881","25434","19885","1434","-622","294","-778","578","3676274","-11972277","63345","31775","-547","32254","710"
"79619.650","45802","25425","19908","1443","-639","458","-584","578","3676411","-11972396","63454","31780","-503","32229","742"
"79620.650","45719","25415","19911","1465","-634","641","-836","578","3676548","-11972515","63566","31784","-274","32219","793"
"79621.650","45644","25405","19909","1482","-626","627","-578","580","3676684","-11972634","63684","31786","-58","32228","756"
"79622.650","45558","25394","19904","1489","-619","677","-779","579","3676819","-11972753","63812","31790","30","32231","750"
"79623.650","45480","25384","19901","1483","-623","703","-567","579","3676956","-11972875","63945","31792","65","32245","746"
"79624.650","45402","25375","19896","1488","-615","683","-652","579","3677091","-11972994","64080","31797","69","32245","736"
"79625.650","45327","25365","19898","1501","-608","652","-749","579","3677227","-11973112","64208","31799","68","32251","737"
"79626.650","45251","25357","19895","1503","-603","541","-523","579","3677363","-11973231","64334","31804","36","32255","747"
"79627.650","45176","25348","19893","1509","-596","269","-616","578","3677499","-11973350","64459","31808","-86","32252","751"
"79628.650","45103","25341","19887","1494","-601","7","-698","578","3677635","-11973469","64585","31814","-71","32252","754"
"79629.650","45032","25332","19890","1499","-607","-1","-692","578","3677771","-11973587","64712","31818","-69","32249","768"
"79630.650","44950","25322","19889","1499","-613","43","-740","578","3677908","-11973706","64839","31821","-207","32245","775"
"79631.650","44874","25315","19871","1485","-611","-102","-548","578","3678043","-11973825","64969","31828","-209","32229","785"
"79632.650","44797","25304","19874","1510","-606","-97","-561","579","3678179","-11973944","65100","31829","-164","32231","793"
"79633.650","44701","25290","19884","1501","-643","385","-521","579","3678315","-11974063","65232","31832","-115","32223","802"
"79634.650","44619","25277","19894","1509","-662","317","-728","580","3678450","-11974182","65368","31832","-130","32229","788"
"79635.650","44532","25262","19890","1513","-663","233","-681","579","3678586","-11974302","65507","31830","-41","32222","750"
"79636.650","44453","25251","19866","1491","-652","368","-598","579","3678721","-11974421","65642","31834","50","32242","710"
"79637.650","44389","25241","19875","1518","-637","305","-976","579","3678856","-11974540","65775","31833","86","32231","707"
"79638.650","44326","25229","19872","1498","-645","283","-877","578","3678991","-11974659","65902","31831","-32","32241","715"
"79639.650","44264","25222","19865","1510","-622","286","-764","578","3679128","-11974778","66023","31835","-57","32231","736"
"79640.650","44194","25216","19863","1512","-622","471","-580","579","3679263","-11974897","66139","31841","3","32235","742"
"79641.650","44126","25210","19854","1509","-613","359","-690","578","3679398","-11975016","66251","31849","13","32238","751"
"79642.650","44053","25204","19867","1511","-633","351","-881","579","3679535","-11975132","66370","31856","-22","32234","758"
"79643.650","43976","25196","19868","1510","-638","320","-765","578","3679670","-11975251","66491","31862","-47","32235","752"
"79644.650","43900","25186","19861","1515","-629","413","-635","579","3679806","-11975370","66614","31865","93","32242","730"
"79645.650","43828","25180","19861","1520","-624","513","-770","579","3679942","-11975489","66734","31873","428","32274","718"
"79646.650","43763","25173","19861","1537","-610","609","-718","579","3680077","-11975607","66852","31877","752","32316","713"
"79647.650","43696","25165","19854","1541","-595","645","-876","579","3680214","-11975724","66967","31881","782","32362","713"
"79648.650","43626","25156","19854","1545","-586","614","-821","579","3680351","-11975840","67079","31884","699","32394","706"
"79649.650","43569","25148","19856","1544","-582","305","-741","579","3680490","-11975954","67190","31885","591","32420","710"
"79650.650","43513","25140","19848","1545","-566","157","-721","578","3680628","-11976067","67301","31887","464","32442","722"
"79651.650","43447","25135","19843","1555","-550","51","-867","579","3680768","-11976181","67413","31895","161","32439","740"
"79652.650","43374","25129","19859","1566","-564","17","-852","579","3680908","-11976292","67527","31903","68","32438","767"
"79653.650","43289","25118","19863","1575","-575","347","-768","579","3681048","-11976405","67642","31906","85","32444","796"
"79654.650","43202","25107","19861","1588","-576","514","-835","580","3681188","-11976514","67759","31910","10","32448","797"
"79655.650","43116","25098","19852","1603","-568","554","-606","580","3681328","-11976625","67882","31917","104","32450","807"
"79656.650","43036","25089","19839","1582","-584","599","-776","579","3681468","-11976736","68011","31923","297","32480","803"
"79657.650","42950","25079","19833","1594","-580","619","-636","579","3681608","-11976846","68147","31928","410","32503","787"
"79658.650","42879","25070","19820","1596","-572","546","-699","579","3681749","-11976956","68287","31932","488","32530","769"
"79659.650","42818","25062","19815","1589","-578","190","-834","579","3681889","-11977065","68429","31935","-82","32522","778"
"79660.650","42742","25051","19813","1581","-584","-177","-773","579","3682030","-11977174","68573","31938","-859","32465","773"
"79661.650","42669","25041","19805","1577","-583","-374","-873","579","3682171","-11977284","68712","31940","-1252","32386","767"
"79662.650","42585","25033","19806","1569","-599","-208","-802","579","3682311","-11977392","68849","31948","-1695","32294","764"
"79663.650","42499","25027","19797","1565","-600","-157","-792","578","3682450","-11977506","68980","31958","-2013","32175","767"
"79664.650","42438","25022","19798","1599","-583","-565","-908","579","3682587","-11977619","69110","31966","-2102","32059","780"
"79665.650","42366","25011","19794","1603","-589","-415","-703","579","3682722","-11977738","69238","31967","-2128","31943","778"
"79666.650","42287","25001","19785","1594","-596","-336","-888","579","3682855","-11977858","69367","31971","-2414","31827","764"
"79667.650","42206","24991","19778","1580","-610","-288","-782","579","3682985","-11977982","69493","31975","-2595","31681","768"
"79668.650","42127","24981","19781","1554","-653","-178","-751","579","3683114","-11978111","69618","31980","-2847","31537","771"
"79669.650","42056","24970","19780","1547","-672","-438","-854","579","3683239","-11978241","69744","31981","-3133","31364","763"
"79670.650","41987","24965","19770","1547","-674","-514","-885","579","3683362","-11978379","69869","31990","-3136","31205","754"
"79671.650","41920","24959","19766","1553","-676","-635","-903","579","3683480","-11978520","69991","31997","-3062","31047","752"
"79672.650","41851","24951","19760","1552","-683","-671","-846","579","3683595","-11978664","70110","32002","-2898","30911","748"
"79673.650","41781","24942","19756","1557","-686","-676","-1138","579","3683707","-11978811","70229","32006","-2597","30787","757"
"79674.650","41718","24936","19771","1574","-700","-596","-786","579","3683815","-11978964","70347","32011","-2294","30697","733"
"79675.650","41650","24928","19791","1587","-723","-538","-749","580","3683920","-11979118","70464","32016","-2235","30602","716"
"79676.650","41569","24915","19812","1583","-771","-23","-750","580","3684022","-11979275","70576","32018","-2158","30500","708"
"79677.650","41510","24904","19815","1580","-778","-1","-1019","580","3684122","-11979435","70684","32016","-2026","30412","709"
"79678.650","41451","24894","19820","1585","-776","65","-803","580","3684219","-11979599","70788","32017","-1776","30340","684"
"79679.650","41398","24887","19837","1592","-785","113","-909","581","3684314","-11979762","70888","32020","-1446","30283","678"
"79680.650","41351","24884","19865","1615","-786","172","-967","581","3684407","-11979930","70984","32025","-1309","30245","648"
"79681.650","41306","24877","19889","1628","-788","89","-991","581","3684498","-11980097","71076","32027","-1361","30171","633"
"79682.650","41266","24872","19898","1623","-791","-60","-765","581","3684588","-11980266","71161","32029","-1359","30119","624"
"79683.650","41223","24867","19910","1628","-785","-86","-893","581","3684676","-11980435","71241","32032","-1286","30065","599"
"79684.650","41193","24864","19912","1619","-776","-308","-882","581","3684763","-11980608","71316","32035","-1317","30005","592"
"79685.650","41163","24860","19921","1609","-777","-474","-925","581","3684848","-11980781","71388","32036","-1408","29944","576"
"79686.650","41130","24854","19938","1605","-781","-457","-849","580","3684932","-11980956","71457","32036","-1348","29879","571"
"79687.650","41100","24848","19956","1603","-783","-454","-741","580","3685014","-11981133","71524","32035","-1168","29841","554"
"79688.650","41070","24844","19977","1606","-777","-410","-810","580","3685094","-11981311","71584","32036","-1108","29794","531"
"79689.650","41049","24841","19998","1607","-770","-362","-949","580","3685173","-11981489","71640","32037","-843","29763","511"
"79690.650","41030","24838","20020","1600","-771","-391","-726","580","3685251","-11981669","71688","32038","-857","29731","511"
"79691.650","41008","24836","20054","1604","-781","-310","-859","580","3685328","-11981850","71730","32039","-905","29687","517"
"79692.650","40985","24833","20084","1602","-797","-154","-805","580","3685404","-11982031","71761","32041","-883","29650","528"
"79693.650","40955","24829","20114","1605","-809","-116","-909","581","3685479","-11982215","71801","32043","-841","29608","571"
"79694.650","40922","24825","20138","1614","-813","-100","-990","581","3685553","-11982398","71844","32045","-829","29570","605"
"79695.650","40890","24820","20144","1613","-806","-120","-785","581","3685626","-11982582","71893","32046","-882","29521","632"
"79696.650","40847","24815","20164","1625","-818","-106","-1066","581","3685698","-11982768","71950","32049","-1018","29473","640"
"79697.650","40802","24807","20172","1626","-823","-126","-1061","581","3685768","-11982952","72023","32049","-1149","29416","627"
"79698.650","40758","24802","20167","1618","-815","-201","-909","581","3685837","-11983139","72109","32052","-1279","29349","617"
"79699.650","40717","24795","20181","1621","-822","-320","-797","581","3685903","-11983328","72200","32052","-1413","29286","606"
"79700.650","40676","24789","20181","1613","-821","-493","-781","581","3685968","-11983518","72284","32054","-1431","29214","619"
"79701.650","40631","24781","20184","1612","-818","-505","-827","581","3686032","-11983708","72366","32054","-1335","29152","628"
"79702.650","40590","24777","20180","1609","-804","-644","-805","580","3686093","-11983898","72447","32057","-1121","29103","648"
"79703.650","40544","24771","20190","1617","-809","-601","-829","581","3686153","-11984091","72532","32060","-1249","29047","660"
"79704.650","40495","24763","20201","1629","-811","-571","-765","581","3686211","-11984284","72622","32060","-1409","28967","671"
"79705.650","40425","24751","20213","1633","-855","-92","-818","582","3686267","-11984476","72715","32061","-1535","28892","683"
"79706.650","40361","24742","20219","1635","-883","237","-856","582","3686321","-11984672","72814","32063","-1553","28825","666"
"79707.650","40310","24736","20206","1631","-876","144","-909","582","3686372","-11984867","72911","32068","-1653","28752","642"
"79708.650","40266","24732","20199","1634","-863","-2","-801","581","3686422","-11985065","73007","32072","-1884","28658","621"
"79709.650","40225","24727","20196","1638","-854","-203","-954","581","3686469","-11985263","73097","32075","-1875","28562","619"
"79710.650","40185","24722","20186","1631","-858","-295","-827","581","3686514","-11985460","73179","32078","-1775","28488","616"
"79711.650","40148","24718","20204","1649","-863","-349","-926","582","3686557","-11985661","73258","32081","-1754","28407","608"
"79712.650","40107","24710","20222","1667","-870","-388","-1028","582","3686596","-11985859","73334","32080","-1844","28317","611"
"79713.650","40067","24703","20232","1675","-883","-496","-885","582","3686633","-11986061","73409","32080","-1945","28224","610"
"79714.650","40016","24698","20238","1685","-888","-419","-850","583","3686668","-11986262","73483","32085","-2026","28112","638"
"79715.650","39964","24695","20233","1689","-881","-344","-915","583","3686699","-11986464","73560","32094","-2075","28005","646"
"79716.650","39915","24688","20224","1688","-885","-423","-740","583","3686727","-11986668","73642","32096","-2091","27896","657"
"79717.650","39866","24680","20215","1688","-891","-490","-925","583","3686752","-11986871","73722","32096","-2075","27797","667"
"79718.650","39819","24672","20207","1693","-891","-512","-876","583","3686773","-11987075","73804","32097","-2067","27694","675"
"79719.650","39771","24664","20192","1691","-887","-645","-830","583","3686792","-11987281","73891","32097","-2089","27588","685"
"79720.650","39718","24656","20186","1699","-888","-628","-906","583","3686807","-11987487","73984","32099","-2021","27488","693"
"79721.650","39667","24647","20179","1709","-891","-718","-1064","583","3686819","-11987693","74080","32100","-2120","27381","720"
"79722.650","39613","24642","20141","1689","-890","-930","-959","583","3686828","-11987899","74184","32105","-2492","27242","723"
"79723.650","39557","24636","20113","1684","-897","-1081","-1235","582","3686833","-11988105","74292","32110","-2744","27100","711"
"79724.650","39506","24628","20084","1679","-891","-1477","-961","582","3686834","-11988311","74396","32112","-2802","26957","712"
"79725.650","39454","24622","20054","1676","-895","-1543","-975","582","3686831","-11988517","74497","32116","-2699","26839","685"
"79726.650","39382","24612","20047","1693","-934","-958","-1034","583","3686823","-11988723","74596","32120","-2557","26719","673"
"79727.650","39336","24606","20028","1692","-939","-834","-884","583","3686812","-11988929","74693","32123","-2495","26616","643"
"79728.650","39300","24601","20005","1681","-926","-970","-870","582","3686796","-11989134","74789","32125","-2488","26495","630"
"79729.650","39259","24595","19995","1682","-928","-914","-873","582","3686777","-11989338","74888","32127","-2526","26385","589"
"79730.650","39222","24590","19991","1687","-934","-817","-878","583","3686754","-11989543","74975","32128","-2266","26283","572"
"79731.650","39194","24585","19989","1689","-936","-679","-818","583","3686728","-11989748","75047","32128","-2056","26204","557"
"79732.650","39171","24581","19991","1692","-941","-692","-787","583","3686700","-11989952","75103","32128","-2210","26097","540"
"79733.650","39133","24575","20013","1712","-947","-613","-873","583","3686667","-11990155","75144","32129","-1907","26012","532"
"79734.650","39111","24569","20026","1722","-934","-244","-1019","583","3686632","-11990358","75179","32128","-744","26009","535"
"79735.650","39093","24567","20029","1718","-922","-72","-991","583","3686594","-11990559","75203","32129","-67","26042","533"
"79736.650","39076","24565","20025","1708","-917","-24","-987","583","3686557","-11990762","75242","32130","244","26072","559"
"79737.650","39059","24561","20025","1703","-910","18","-1074","582","3686519","-11990963","75281","32129","382","26103","566"
"79738.650","39029","24555","20022","1699","-905","125","-916","582","3686481","-11991165","75322","32129","439","26131","573"
"79739.650","39004","24552","20009","1687","-904","-23","-887","582","3686444","-11991368","75364","32130","516","26160","588"
"79740.650","38976","24546","20009","1691","-910","-128","-811","582","3686408","-11991570","75409","32129","371","26185","599"
"79741.650","38942","24540","19998","1686","-919","-191","-913","582","3686372","-11991773","75457","32129","453","26208","593"
"79742.650","38906","24536","19986","1682","-929","-302","-915","582","3686338","-11991976","75508","32133","483","26244","609"
"79743.650","38868","24530","19986","1691","-938","-285","-839","582","3686304","-11992179","75564","32134","360","26261","620"
"79744.650","38827","24524","19979","1694","-944","-287","-916","583","3686271","-11992380","75623","32135","320","26278","624"
"79745.650","38785","24517","19970","1693","-947","-178","-913","582","3686238","-11992585","75689","32136","284","26293","630"
"79746.650","38745","24512","19951","1684","-947","-168","-917","583","3686205","-11992789","75760","32139","184","26300","631"
"79747.650","38705","24506","19935","1675","-944","-107","-972","582","3686173","-11992991","75834","32141","160","26307","609"
"79748.650","38673","24501","19917","1662","-944","-183","-852","582","3686142","-11993194","75917","32142","92","26311","608"
"79749.650","38633","24495","19913","1662","-953","-146","-834","582","3686111","-11993397","75985","32143","-93","26306","583"
"79750.650","38604","24491","19900","1649","-943","-322","-778","582","3686079","-11993602","76053","32144","-107","26295","590"
"79751.650","38565","24483","19905","1657","-951","0","-785","582","3686048","-11993804","76119","32144","-239","26290","583"
"79752.650","38525","24476","19914","1667","-952","250","-951","582","3686017","-11994007","76183","32144","-305","26267","569"
"79753.650","38499","24472","19912","1661","-948","148","-873","582","3685985","-11994211","76246","32145","-284","26262","558"
"79754.650","38472","24469","19912","1656","-938","224","-803","581","3685953","-11994414","76307","32147","-196","26249","549"
"79755.650","38447","24467","19917","1656","-926","219","-898","581","3685921","-11994617","76368","32151","-204","26244","560"
"79756.650","38422","24464","19926","1657","-900","327","-855","581","3685887","-11994818","76447","32153","23","26241","542"
"79757.650","38398","24462","19934","1660","-895","420","-1016","581","3685854","-11995024","76518","32156","151","26263","553"
"79758.650","38373","24457","19949","1666","-871","517","-896","581","3685820","-11995228","76577","32155","312","26274","527"
"79759.650","38348","24451","19955","1667","-887","543","-935","581","3685787","-11995431","76633","32153","544","26320","533"
"79760.650","38327","24446","19961","1666","-883","621","-823","581","3685754","-11995637","76679","32152","808","26367","544"
"79761.650","38306","24442","19963","1663","-883","632","-808","581","3685723","-11995841","76720","32151","662","26413","537"
"79762.650","38284","24438","19974","1665","-878","583","-743","581","3685693","-11996044","76759","32152","586","26426","506"
"79763.650","38266","24436","19992","1673","-877","574","-829","581","3685664","-11996249","76783","32154","553","26461","511"
"79764.650","38239","24435","20005","1675","-861","422","-746","581","3685637","-11996453","76799","32159","606","26489","556"
"79765.650","38222","24439","20026","1694","-852","390","-900","581","3685611","-11996658","76826","32168","507","26522","570"
"79766.650","38195","24439","20042","1710","-844","306","-963","581","3685585","-11996862","76855","32174","433","26529","605"
"79767.650","38167","24435","20032","1707","-848","246","-853","581","3685562","-11997066","76887","32176","367","26559","621"
"79768.650","38131","24429","20026","1710","-853","179","-860","581","3685540","-11997271","76925","32177","366","26570","630"
"79769.650","38098","24425","20013","1707","-851","119","-922","581","3685518","-11997474","76970","32179","369","26599","635"
"79770.650","38062","24421","20003","1705","-829","134","-1103","581","3685496","-11997679","77025","32183","421","26613","621"
"79771.650","38024","24417","20002","1711","-818","102","-943","581","3685475","-11997884","77088","32187","439","26637","599"
"79772.650","37995","24414","19997","1708","-811","88","-923","581","3685455","-11998088","77159","32189","424","26653","568"
"79773.650","37974","24412","20002","1691","-816","-33","-785","581","3685437","-11998293","77226","32192","277","26665","547"
"79774.650","37949","24408","20026","1683","-828","-90","-1223","580","3685418","-11998499","77294","32192","153","26670","544"
"79775.650","37916","24402","20055","1685","-834","25","-987","581","3685399","-11998703","77356","32194","55","26671","560"
"79776.650","37892","24399","20080","1683","-838","35","-983","580","3685381","-11998909","77415","32195","49","26676","560"
"79777.650","37865","24396","20096","1677","-846","19","-783","580","3685364","-11999115","77471","32198","38","26682","581"
"79778.650","37834","24393","20113","1675","-852","13","-915","580","3685346","-11999321","77526","32201","-12","26682","625"
"79779.650","37802","24388","20130","1678","-853","64","-892","580","3685328","-11999527","77584","32202","-48","26681","624"
"79780.650","37768","24385","20150","1682","-842","64","-903","581","3685312","-11999733","77645","32207","-54","26680","612"
"79781.650","37737","24383","20178","1694","-837","-165","-772","581","3685294","-11999941","77704","32211","5","26682","619"
"79782.650","37707","24383","20200","1703","-832","-260","-793","581","3685277","-12000144","77764","32218","28","26685","627"
"79783.650","37673","24381","20224","1714","-825","-396","-875","581","3685259","-12000353","77828","32225","-189","26674","635"
"79784.650","37633","24376","20238","1716","-813","-555","-833","581","3685243","-12000559","77897","32227","-289","26649","647"
"79785.650","37593","24370","20244","1714","-803","-611","-908","581","3685224","-12000767","77971","32230","-242","26640","650"
"79786.650","37541","24362","20258","1722","-804","-381","-869","581","3685207","-12000973","78050","32232","-114","26642","651"
"79787.650","37484","24352","20274","1734","-815","84","-793","581","3685188","-12001181","78133","32233","-159","26637","654"
"79788.650","37442","24346","20283","1733","-812","-36","-1003","581","3685170","-12001388","78219","32234","-165","26628","630"
"79789.650","37400","24339","20298","1739","-801","62","-1007","581","3685151","-12001596","78308","32236","20","26634","627"
"79790.650","37358","24332","20310","1741","-798","185","-944","581","3685133","-12001802","78390","32236","131","26651","632"
"79791.650","37321","24326","20327","1748","-798","142","-804","581","3685114","-12002009","78472","32238","25","26649","628"
"79792.650","37280","24319","20348","1760","-799","168","-826","581","3685096","-12002217","78552","32238","68","26655","631"
"79793.650","37244","24312","20365","1767","-795","81","-835","581","3685078","-12002426","78633","32239","85","26662","628"
"79794.650","37210","24306","20371","1763","-800","-131","-824","581","3685059","-12002632","78713","32239","-6","26663","642"
"79795.650","37171","24299","20383","1767","-799","-294","-1086","581","3685042","-12002841","78795","32239","-104","26656","643"
"79796.650","37135","24291","20386","1763","-793","-425","-808","581","3685023","-12003049","78879","32238","-21","26655","650"
"79797.650","37095","24285","20389","1761","-801","-406","-919","581","3685006","-12003256","78964","32240","-164","26655","657"
"79798.650","37048","24277","20405","1772","-813","-536","-784","581","3684987","-12003464","79050","32241","-730","26605","651"
"79799.650","37002","24268","20415","1777","-815","-574","-821","582","3684969","-12003672","79139","32241","-851","26554","632"
"79800.650","36963","24261","20418","1772","-810","-573","-864","582","3684949","-12003881","79224","32241","-844","26524","610"
"79801.650","36927","24255","20432","1774","-811","-623","-905","582","3684928","-12004088","79307","32242","-872","26485","592"
"79802.650","36894","24248","20450","1779","-815","-587","-983","582","3684906","-12004296","79388","32241","-1065","26435","573"
"79803.650","36862","24243","20463","1776","-818","-669","-1142","582","3684882","-12004505","79465","32242","-1274","26370","568"
"79804.650","36837","24239","20480","1773","-804","-897","-909","581","3684857","-12004713","79537","32242","-1188","26309","572"
"79805.650","36812","24234","20491","1769","-804","-873","-1065","581","3684829","-12004922","79600","32243","-972","26274","563"
"79806.650","36789","24230","20508","1767","-795","-913","-1012","581","3684802","-12005130","79655","32243","-843","26241","554"
"79807.650","36767","24225","20522","1762","-790","-976","-819","581","3684771","-12005337","79702","32242","-846","26204","558"
"79808.650","36739","24221","20546","1766","-787","-1003","-803","581","3684740","-12005546","79756","32243","-883","26161","554"
"79809.650","36711","24215","20572","1775","-783","-952","-792","581","3684707","-12005754","79810","32243","-885","26117","567"
"79810.650","36651","24205","20619","1808","-785","-33","-785","582","3684673","-12005962","79865","32245","-831","26078","570"
"79811.650","36616","24198","20648","1824","-781","86","-829","582","3684638","-12006169","79922","32244","-716","26043","576"
"79812.650","36582","24192","20659","1822","-780","72","-920","582","3684602","-12006378","79981","32244","-520","26029","584"
"79813.650","36547","24185","20677","1826","-769","125","-1008","582","3684565","-12006586","80043","32244","-398","26017","585"
"79814.650","36510","24180","20703","1840","-768","150","-909","582","3684527","-12006793","80107","32246","-433","25995","582"
"79815.650","36475","24175","20724","1847","-756","37","-989","582","3684488","-12007001","80172","32249","-402","25979","592"
"79816.650","36443","24173","20757","1869","-751","72","-948","583","3684448","-12007209","80239","32255","-228","25971","588"
"79817.650","36412","24169","20792","1891","-737","28","-872","583","3684409","-12007416","80306","32256","-103","25978","581"
"79818.650","36380","24164","20817","1903","-725","24","-827","583","3684370","-12007624","80374","32258","-183","25963","579"
"79819.650","36346","24158","20838","1910","-715","-94","-793","583","3684330","-12007832","80441","32259","-271","25949","573"
"79820.650","36317","24153","20850","1909","-707","-171","-1027","583","3684289","-12008041","80507","32260","-219","25934","574"
"79821.650","36282","24147","20864","1911","-709","-169","-790","583","3684248","-12008250","80572","32261","-284","25929","569"
"79822.650","36250","24141","20881","1914","-698","-190","-977","583","3684207","-12008457","80636","32260","-321","25909","546"
"79823.650","36225","24137","20890","1908","-703","-313","-1137","583","3684166","-12008665","80699","32261","-278","25901","545"
"79824.650","36204","24133","20898","1902","-703","-467","-949","583","3684125","-12008873","80761","32261","-196","25893","564"
"79825.650","36175","24128","20910","1901","-699","-491","-991","583","3684082","-12009082","80820","32261","-168","25887","586"
"79826.650","36147","24124","20914","1896","-697","-623","-946","582","3684041","-12009292","80882","32263","-233","25879","601"
"79827.650","36116","24118","20910","1886","-699","-720","-774","582","3683998","-12009500","80946","32264","-263","25861","613"
"79828.650","36078","24114","20897","1868","-697","-806","-867","582","3683955","-12009707","81011","32268","-207","25856","611"
"79829.650","36035","24107","20902","1871","-702","-732","-1019","582","3683912","-12009916","81080","32269","-112","25855","620"
"79830.650","35986","24097","20913","1882","-701","-406","-916","582","3683868","-12010125","81152","32269","-55","25858","635"
"79831.650","35938","24089","20908","1878","-706","-270","-832","582","3683825","-12010333","81229","32270","-114","25852","646"
"79832.650","35893","24082","20905","1876","-706","-325","-1331","582","3683781","-12010540","81310","32272","-161","25846","648"
"79833.650","35852","24073","20916","1887","-694","-369","-806","582","3683737","-12010750","81396","32271","-156","25836","637"
"79834.650","35809","24065","20909","1876","-680","-315","-894","582","3683693","-12010957","81484","32271","-152","25832","612"
"79835.650","35771","24059","20905","1865","-672","-401","-779","581","3683649","-12011167","81568","32273","-114","25829","581"
"79836.650","35739","24053","20917","1868","-674","-466","-908","581","3683605","-12011374","81650","32274","-88","25829","556"
"79837.650","35710","24048","20928","1864","-671","-390","-851","581","3683560","-12011582","81728","32274","-53","25830","526"
"79838.650","35689","24045","20943","1860","-666","-444","-696","581","3683516","-12011793","81801","32275","-120","25821","498"
"79839.650","35673","24041","20968","1866","-685","-479","-905","581","3683471","-12012002","81865","32275","-157","25818","484"
"79840.650","35663","24041","20979","1857","-702","-595","-822","582","3683426","-12012210","81919","32276","-100","25812","498"
"79841.650","35635","24037","21011","1871","-711","-233","-817","582","3683381","-12012420","81963","32278","-91","25816","509"
"79842.650","35596","24029","21042","1886","-720","344","-904","582","3683336","-12012629","82000","32278","-154","25806","519"
"79843.650","35574","24024","21056","1884","-725","270","-914","582","3683291","-12012838","82033","32278","-290","25793","534"
"79844.650","35549","24021","21067","1881","-723","305","-857","582","3683246","-12013049","82073","32279","-452","25764","556"
"79845.650","35522","24016","21087","1889","-719","278","-869","582","3683199","-12013256","82116","32280","-587","25730","561"
"79846.650","35489","24009","21106","1896","-710","217","-894","582","3683153","-12013466","82162","32279","-644","25696","558"
"79847.650","35455","24003","21116","1893","-695","193","-804","582","3683105","-12013676","82211","32279","-546","25675","550"
"79848.650","35425","23998","21124","1887","-682","273","-1054","582","3683056","-12013885","82265","32280","-364","25661","539"
"79849.650","35398","23993","21134","1880","-667","306","-1077","581","3683007","-12014095","82322","32281","-274","25652","528"
"79850.650","35366","23990","21142","1875","-677","218","-868","581","3682956","-12014305","82375","32285","-332","25641","529"
"79851.650","35340","23986","21163","1882","-677","147","-931","582","3682907","-12014512","82428","32287","-299","25626","537"
"79852.650","35314","23982","21181","1886","-667","199","-864","582","3682855","-12014722","82482","32288","-180","25622","542"
"79853.650","35288","23978","21195","1885","-656","268","-923","581","3682805","-12014931","82537","32290","-90","25621","536"
"79854.650","35262","23975","21203","1879","-648","218","-779","581","3682753","-12015141","82592","32293","-29","25621","531"
"79855.650","35237","23972","21213","1874","-644","198","-954","581","3682702","-12015351","82647","32295","11","25625","528"
"79856.650","35212","23968","21225","1875","-649","220","-850","581","3682651","-12015560","82702","32297","35","25629","524"
"79857.650","35189","23965","21240","1874","-643","188","-895","581","3682600","-12015770","82756","32298","19","25633","528"
"79858.650","35168","23961","21249","1868","-635","131","-891","581","3682549","-12015982","82811","32298","-21","25624","526"
"79859.650","35138","23956","21261","1870","-644","309","-762","581","3682498","-12016191","82865","32300","-133","25620","537"
"79860.650","35107","23950","21281","1880","-643","444","-974","581","3682446","-12016400","82922","32299","-167","25611","541"
"79861.650","35079","23945","21294","1878","-632","389","-902","581","3682395","-12016610","82979","32300","-85","25608","528"
"79862.650","35053","23940","21309","1880","-622","361","-798","581","3682343","-12016822","83036","32300","0","25612","517"
"79863.650","35031","23937","21316","1869","-610","309","-991","581","3682292","-12017031","83090","32302","133","25621","496"
"79864.650","35011","23937","21332","1869","-611","286","-794","581","3682292","-12017031","83090","32307","84","25626","483"
"79865.650","34993","23934","21360","1880","-624","176","-1116","581","3682240","-12017242","83144","32307","-30","25624","478"
"79866.650","34976","23932","21383","1887","-626","199","-822","581","3682189","-12017454","83196","32309","1","25622","494"
"79867.650","34956","23928","21413","1903","-630","207","-1083","581","3682137","-12017665","83245","32310","21","25632","498"
"79868.650","34934","23926","21430","1904","-629","221","-838","581","3682086","-12017876","83290","32312","39","25633","504"
"79869.650","34912","23923","21443","1904","-625","192","-812","581","3682034","-12018090","83330","32314","61","25635","514"
"79870.650","34885","23919","21451","1899","-622","175","-1197","581","3681983","-12018301","83375","32317","130","25646","505"
"79871.650","34865","23916","21459","1897","-632","109","-997","581","3681932","-12018512","83422","32317","136","25653","531"
"79872.650","34839","23911","21463","1895","-638","102","-838","581","3681881","-12018726","83470","32318","80","25659","567"
"79873.650","34803","23905","21471","1897","-630","322","-843","581","3681830","-12018936","83519","32319","207","25670","548"
"79874.650","34773","23900","21468","1890","-632","161","-977","581","3681779","-12019149","83569","32320","240","25686","554"
"79875.650","34746","23895","21467","1882","-629","14","-800","581","3681729","-12019361","83623","32321","250","25700","551"
"79876.650","34713","23890","21471","1879","-623","-66","-817","581","3681679","-12019574","83679","32322","305","25715","547"
"79877.650","34682","23885","21463","1863","-617","-94","-923","580","3681629","-12019787","83740","32324","374","25734","531"
"79878.650","34651","23882","21462","1848","-598","-52","-852","580","3681580","-12020000","83804","32328","434","25752","497"
"79879.650","34636","23881","21461","1834","-602","-330","-1065","580","3681531","-12020214","83871","32330","390","25767","496"
"79880.650","34619","23878","21458","1818","-611","-440","-906","579","3681483","-12020428","83932","32332","481","25789","498"
"79881.650","34591","23873","21467","1817","-616","-267","-983","579","3681435","-12020641","83991","32332","440","25811","508"
"79882.650","34560","23869","21470","1812","-618","-65","-848","579","3681388","-12020857","84046","32335","528","25840","560"
"79883.650","34519","23861","21481","1822","-614","348","-1070","579","3681342","-12021071","84096","32335","559","25873","573"
"79884.650","34486","23856","21484","1823","-611","347","-857","579","3681297","-12021285","84150","32337","547","25894","573"
"79885.650","34451","23854","21482","1821","-611","349","-822","579","3681252","-12021500","84207","32344","576","25925","580"
"79886.650","34415","23849","21485","1823","-601","345","-1056","579","3681209","-12021716","84269","32346","630","25956","560"
"79887.650","34376","23842","21493","1825","-578","424","-877","579","3681167","-12021930","84336","32347","650","25984","528"
"79888.650","34349","23836","21501","1820","-574","312","-692","579","3681125","-12022148","84407","32346","694","26008","459"
"79889.650","34336","23836","21480","1796","-622","-35","-847","578","3681085","-12022364","84471","32350","775","26055","544"
"79890.650","34308","23833","21480","1790","-602","61","-883","578","3681044","-12022580","84533","32353","915","26110","581"
"79891.650","34273","23824","21492","1806","-609","170","-881","579","3681006","-12022796","84592","32351","858","26153","603"
"79892.650","34223","23814","21513","1827","-583","453","-868","579","3680969","-12023015","84654","32351","699","26178","581"
"79893.650","34172","23806","21533","1845","-564","547","-889","579","3680933","-12023233","84721","32354","647","26198","536"
"79894.650","34152","23803","21528","1838","-580","145","-937","579","3680899","-12023448","84794","32355","655","26227","534"
"79895.650","34127","23800","21523","1827","-577","75","-867","579","3680866","-12023667","84870","32358","670","26259","519"
"79896.650","34105","23798","21533","1828","-579","-56","-713","579","3680834","-12023884","84940","32360","636","26286","498"
"79897.650","34063","23790","21558","1854","-590","517","-712","580","3680802","-12024104","85008","32362","480","26308","487"
"79898.650","34028","23785","21567","1856","-585","803","-778","579","3680772","-12024321","85072","32363","346","26315","486"
"79899.650","34012","23782","21557","1838","-570","565","-662","579","3680742","-12024539","85131","32365","219","26322","500"
"79900.650","33990","23777","21559","1831","-554","630","-589","578","3680713","-12024758","85184","32364","256","26333","501"
"79901.650","33956","23768","21557","1833","-499","405","-661","578","3680685","-12024980","85231","32361","406","26354","529"
"79902.650","33921","23764","21518","1843","-482","480","-544","579","3680657","-12025199","85274","32365","335","26372","514"
"79903.650","33899","23760","21459","1835","-481","163","-548","578","3680629","-12025416","85326","32366","223","26373","565"
"79904.650","33852","23752","21398","1856","-478","494","-517","579","3680602","-12025634","85378","32367","279","26398","525"
"79905.650","33837","23750","21326","1858","-498","234","-668","579","3680576","-12025853","85431","32368","366","26413","511"
"79906.650","33809","23745","21265","1866","-508","219","-651","579","3680550","-12026070","85487","32369","233","26427","534"
"79907.650","33770","23739","21211","1880","-506","601","-832","579","3680525","-12026285","85540","32371","206","26436","550"
"79908.650","33744","23733","21149","1887","-498","442","-671","579","3680500","-12026501","85591","32371","111","26442","569"
"79909.650","33706","23724","21083","1890","-485","443","-729","579","3680476","-12026715","85645","32369","157","26447","567"
"79910.650","33672","23718","21008","1884","-484","562","-617","579","3680452","-12026930","85701","32370","301","26469","555"
"79911.650","33646","23714","20933","1874","-475","490","-646","579","3680428","-12027143","85761","32371","464","26495","549"
"79912.650","33622","23709","20851","1862","-457","447","-631","579","3680405","-12027355","85819","32372","353","26514","542"
"79913.650","33596","23705","20781","1860","-460","383","-669","578","3680383","-12027568","85875","32374","-104","26498","522"
"79914.650","33575","23702","20715","1857","-466","265","-660","578","3680361","-12027780","85929","32375","-270","26474","513"
"79915.650","33551","23701","20643","1846","-453","214","-643","578","3680340","-12027990","85982","32380","-263","26466","549"
"79916.650","33524","23697","20583","1853","-455","245","-761","578","3680319","-12028199","86032","32382","-130","26466","580"
"79917.650","33496","23691","20522","1861","-456","434","-661","578","3680297","-12028408","86076","32381","90","26483","582"
"79918.650","33468","23685","20456","1863","-460","517","-679","579","3680275","-12028617","86125","32381","77","26493","569"
"79919.650","33435","23681","20389","1860","-464","626","-632","578","3680253","-12028825","86176","32385","40","26496","560"
"79920.650","33411","23678","20342","1872","-445","602","-517","578","3680231","-12029029","86227","32387","156","26507","536"
"79921.650","33398","23676","20283","1870","-439","532","-930","579","3680210","-12029235","86276","32388","210","26523","520"
"79922.650","33381","23674","20220","1862","-451","458","-604","578","3680188","-12029443","86322","32390","-23","26518","521"
"79923.650","33348","23668","20177","1875","-482","923","-874","579","3680168","-12029647","86364","32391","-258","26499","520"
"79924.650","33328","23665","20131","1880","-488","983","-668","579","3680148","-12029850","86400","32392","-386","26475","507"
"79925.650","33317","23663","20080","1881","-516","798","-949","579","3680127","-12030054","86429","32393","-450","26453","504"
"79926.650","33305","23661","20035","1884","-521","699","-692","579","3680106","-12030258","86453","32394","-541","26428","503"
"79927.650","33293","23659","19998","1892","-513","669","-698","579","3680085","-12030460","86472","32394","-481","26408","498"
"79928.650","33283","23656","19958","1899","-518","685","-803","579","3680063","-12030661","86486","32393","-230","26405","491"
"79929.650","33275","23655","19923","1907","-526","792","-607","579","3680040","-12030862","86498","32393","-77","26419","460"
"79930.650","33275","23653","19884","1904","-507","602","-595","579","3680016","-12031063","86510","32390","-165","26415","452"
"79931.650","33264","23650","19848","1907","-510","670","-668","579","3679993","-12031263","86521","32389","-255","26397","489"
"79932.650","33259","23646","19802","1904","-513","587","-674","579","3679969","-12031463","86531","32385","-179","26396","499"
"79933.650","33254","23647","19751","1897","-516","553","-771","579","3679946","-12031662","86537","32389","-23","26407","500"
"79934.650","33247","23646","19704","1891","-505","524","-621","579","3679922","-12031860","86544","32390","-20","26406","508"
"79935.650","33238","23643","19662","1892","-519","666","-720","579","3679898","-12032058","86553","32388","-241","26392","534"
"79936.650","33219","23641","19624","1895","-536","584","-643","579","3679875","-12032257","86564","32390","-392","26359","580"
"79937.650","33210","23639","19575","1885","-525","599","-731","579","3679851","-12032454","86576","32390","-362","26348","574"
"79938.650","33197","23638","19531","1875","-547","503","-851","579","3679826","-12032650","86590","32392","-394","26329","602"
"79939.650","33176","23634","19504","1873","-555","488","-738","579","3679802","-12032845","86610","32393","-471","26300","613"
"79940.650","33157","23630","19477","1865","-540","444","-756","579","3679776","-12033042","86636","32393","-250","26293","636"
"79941.650","33139","23627","19442","1856","-557","594","-624","578","3679751","-12033239","86671","32394","-77","26311","606"
"79942.650","33119","23625","19414","1848","-553","537","-665","578","3679725","-12033433","86715","32396","-28","26314","577"
"79943.650","33102","23623","19390","1841","-545","380","-675","578","3679698","-12033628","86764","32399","-124","26307","567"
"79944.650","33088","23623","19362","1829","-555","83","-819","578","3679672","-12033822","86815","32402","-180","26298","571"
"79945.650","33071","23623","19335","1823","-562","-206","-763","578","3679645","-12034017","86857","32406","-279","26280","614"
"79946.650","33052","23619","19324","1836","-588","35","-881","578","3679619","-12034212","86896","32406","-373","26266","615"
"79947.650","33036","23616","19291","1826","-575","91","-827","578","3679591","-12034407","86938","32407","-475","26244","581"
"79948.650","33017","23615","19253","1816","-606","-39","-782","578","3679564","-12034599","86981","32411","-448","26222","588"
"79949.650","33004","23614","19223","1808","-606","114","-669","578","3679537","-12034793","87022","32413","-305","26223","581"
"79950.650","32986","23610","19211","1818","-626","457","-772","578","3679508","-12034985","87060","32413","-293","26219","516"
"79951.650","32983","23610","19187","1806","-607","90","-950","578","3679480","-12035179","87096","32414","-254","26204","514"
"79952.650","32978","23610","19168","1800","-610","-37","-661","578","3679450","-12035372","87130","32415","-95","26212","520"
"79953.650","32975","23609","19160","1800","-602","88","-778","578","3679421","-12035565","87159","32414","44","26224","499"
"79954.650","32971","23607","19151","1799","-599","176","-847","578","3679392","-12035757","87183","32413","50","26233","493"
"79955.650","32966","23606","19142","1796","-593","147","-719","578","3679362","-12035948","87199","32413","10","26232","481"
"79956.650","32966","23606","19139","1798","-595","143","-820","577","3679333","-12036142","87207","32413","-21","26234","472"
"79957.650","32974","23607","19125","1788","-590","-168","-716","577","3679304","-12036333","87208","32413","-185","26221","495"
"79958.650","32967","23606","19119","1790","-597","-257","-692","577","3679275","-12036525","87206","32412","-353","26192","531"
"79959.650","32959","23603","19111","1797","-615","6","-658","577","3679246","-12036717","87200","32410","-373","26171","544"
"79960.650","32950","23601","19100","1801","-613","57","-555","577","3679216","-12036909","87197","32410","-336","26158","566"
"79961.650","32939","23599","19084","1800","-596","110","-803","577","3679187","-12037099","87198","32410","-123","26159","572"
"79962.650","32931","23597","19064","1799","-595","285","-769","577","3679157","-12037292","87201","32410","72","26181","559"
"79963.650","32921","23595","19050","1800","-600","350","-816","578","3679126","-12037482","87208","32410","28","26187","544"
"79964.650","32909","23592","19044","1804","-590","454","-792","577","3679096","-12037673","87217","32410","43","26186","517"
"79965.650","32905","23592","19024","1795","-588","216","-822","577","3679065","-12037863","87229","32410","8","26192","532"
"79966.650","32900","23589","19009","1788","-573","235","-858","577","3679035","-12038053","87245","32409","-186","26180","533"
"79967.650","32881","23585","19010","1804","-596","630","-840","577","3679006","-12038243","87259","32408","-359","26150","529"
"79968.650","32876","23584","18998","1804","-607","745","-724","578","3678975","-12038435","87272","32408","-463","26132","505"
"79969.650","32872","23583","18988","1801","-611","639","-848","577","3678945","-12038624","87283","32408","-512","26099","509"
"79970.650","32872","23583","18979","1800","-611","599","-692","578","3678914","-12038814","87294","32407","-571","26076","502"
"79971.650","32867","23582","18972","1795","-588","579","-678","577","3678883","-12039004","87302","32407","-574","26043","509"
"79972.650","32867","23581","18964","1795","-597","541","-753","577","3678850","-12039194","87307","32407","-554","26018","505"
"79973.650","32867","23582","18963","1800","-585","518","-684","577","3678818","-12039384","87309","32407","-506","25998","507"
"79974.650","32864","23581","18956","1802","-579","546","-1032","577","3678784","-12039573","87310","32408","-441","25980","508"
"79975.650","32868","23581","18952","1806","-587","738","-683","577","3678749","-12039762","87311","32406","-254","25979","476"
"79976.650","32871","23580","18948","1804","-582","757","-877","577","3678715","-12039949","87311","32404","3","25993","454"
"79977.650","32874","23580","18937","1795","-591","774","-736","577","3678679","-12040139","87309","32402","-52","26002","458"
"79978.650","32875","23580","18936","1794","-593","845","-862","577","3678643","-12040327","87306","32402","-199","25981","454"
"79979.650","32881","23580","18932","1787","-580","774","-554","577","3678608","-12040516","87301","32400","-294","25966","445"
"79980.650","32886","23580","18924","1780","-585","742","-715","577","3678573","-12040704","87293","32399","-471","25937","461"
"79981.650","32887","23579","18926","1784","-595","696","-682","577","3678537","-12040894","87282","32399","-512","25906","464"
"79982.650","32880","23577","18930","1792","-575","615","-518","577","3678500","-12041082","87267","32398","-333","25890","535"
"79983.650","32885","23578","18916","1790","-571","799","-938","577","3678463","-12041268","87251","32397","-80","25907","530"
"79984.650","32894","23578","18902","1784","-560","866","-706","577","3678426","-12041457","87239","32395","93","25925","511"
"79985.650","32886","23577","18892","1788","-573","859","-809","577","3678389","-12041645","87229","32396","-31","25928","535"
"79986.650","32888","23577","18879","1781","-566","871","-617","577","3678351","-12041832","87222","32396","-139","25908","523"
"79987.650","32885","23576","18875","1779","-560","795","-641","577","3678314","-12042018","87220","32395","-121","25909","521"
"79988.650","32883","23575","18871","1781","-571","869","-894","577","3678276","-12042207","87221","32394","-145","25905","491"
"79989.650","32880","23574","18863","1777","-555","680","-660","577","3678238","-12042394","87226","32393","-241","25889","514"
"79990.650","32873","23573","18859","1782","-560","689","-629","577","3678201","-12042582","87235","32393","-247","25873","534"
"79991.650","32868","23572","18849","1780","-552","677","-699","577","3678162","-12042768","87242","32394","-207","25867","549"
"79992.650","32864","23571","18830","1771","-542","788","-659","576","3678125","-12042955","87249","32394","-145","25865","548"
"79993.650","32863","23571","18815","1764","-535","908","-714","576","3678087","-12043142","87257","32393","-71","25873","523"
"79994.650","32854","23570","18806","1761","-532","997","-640","576","3678048","-12043329","87267","32395","9","25875","520"
"79995.650","32856","23570","18790","1754","-530","1070","-860","576","3678010","-12043517","87278","32394","67","25892","505"
"79996.650","32855","23570","18771","1747","-523","1013","-709","576","3677971","-12043701","87285","32394","130","25901","490"
"79997.650","32858","23572","18756","1746","-532","935","-563","576","3677932","-12043888","87292","32396","38","25910","486"
"79998.650","32854","23572","18746","1752","-554","696","-588","576","3677895","-12044076","87297","32398","-103","25902","505"
"79999.650","32851","23572","18732","1754","-567","759","-707","576","3677857","-12044261","87300","32399","-103","25896","512"
"80000.650","32857","23574","18719","1752","-562","804","-915","576","3677819","-12044448","87301","32399","58","25912","497"
"80001.650","32861","23574","18712","1755","-559","911","-651","576","3677781","-12044632","87298","32398","152","25931","493"
"80002.650","32860","23573","18718","1771","-564","939","-865","577","3677744","-12044821","87292","32398","-62","25928","491"
"80003.650","32857","23571","18725","1789","-566","1028","-744","577","3677706","-12045004","87283","32396","-218","25903","510"
"80004.650","32863","23572","18709","1792","-595","1039","-610","577","3677669","-12045191","87277","32395","-192","25901","504"
"80005.650","32865","23573","18695","1789","-601","998","-652","577","3677632","-12045376","87273","32396","-17","25908","502"
"80006.650","32863","23573","18683","1787","-592","913","-658","577","3677595","-12045562","87268","32397","24","25921","518"
"80007.650","32864","23572","18676","1793","-590","938","-727","577","3677557","-12045748","87265","32395","-58","25914","509"
"80008.650","32861","23571","18664","1792","-582","862","-626","577","3677520","-12045933","87264","32395","20","25917","518"
"80009.650","32865","23571","18648","1788","-578","841","-518","577","3677482","-12046118","87263","32393","-54","25919","512"
"80010.650","32864","23571","18644","1795","-576","808","-560","577","3677445","-12046301","87262","32393","-378","25889","515"
"80011.650","32863","23569","18639","1804","-584","703","-615","577","3677408","-12046488","87262","32392","-603","25837","525"
"80012.650","32861","23569","18630","1809","-583","769","-723","578","3677370","-12046671","87261","32391","-520","25814","514"
"80013.650","32862","23569","18629","1815","-571","1005","-629","578","3677332","-12046855","87261","32391","-382","25812","496"
"80014.650","32860","23568","18632","1830","-576","977","-565","578","3677293","-12047040","87259","32390","-296","25800","512"
"80015.650","32864","23568","18631","1841","-581","926","-562","578","3677254","-12047222","87255","32389","-328","25789","505"
"80016.650","32863","23568","18631","1848","-569","893","-752","579","3677214","-12047406","87251","32389","-328","25775","510"
"80017.650","32859","23568","18624","1851","-548","756","-656","578","3677174","-12047591","87246","32391","-243","25764","537"
"80018.650","32859","23568","18608","1854","-560","702","-1208","578","3677134","-12047772","87242","32391","-243","25762","559"
"80019.650","32858","23568","18595","1859","-573","958","-703","579","3677093","-12047956","87240","32391","-186","25755","536"
"80020.650","32854","23569","18579","1857","-574","820","-747","578","3677052","-12048138","87239","32393","-55","25761","557"
"80021.650","32849","23568","18569","1859","-570","987","-655","578","3677011","-12048320","87241","32394","-85","25767","569"
"80022.650","32847","23567","18561","1864","-578","1171","-630","578","3676969","-12048501","87243","32392","-6","25763","545"
"80023.650","32843","23566","18553","1863","-556","1199","-692","579","3676928","-12048683","87249","32392","88","25783","538"
"80024.650","32836","23564","18549","1869","-559","1197","-608","579","3676887","-12048865","87259","32392","205","25802","538"
"80025.650","32834","23564","18538","1866","-544","1204","-629","578","3676846","-12049047","87267","32392","237","25819","537"
"80026.650","32832","23564","18523","1857","-538","1234","-640","578","3676805","-12049227","87274","32393","192","25837","537"
"80027.650","32823","23563","18523","1867","-536","1183","-599","579","3676764","-12049411","87280","32394","176","25837","556"
"80028.650","32821","23561","18513","1868","-532","1318","-617","579","3676725","-12049593","87286","32392","239","25861","548"
"80029.650","32827","23562","18496","1858","-529","1444","-861","578","3676685","-12049775","87294","32391","335","25881","506"
"80030.650","32824","23561","18494","1861","-534","1481","-809","578","3676647","-12049958","87300","32392","334","25903","492"
"80031.650","32830","23563","18487","1854","-532","1342","-615","578","3676608","-12050140","87305","32392","365","25921","467"
"80032.650","32834","23564","18490","1856","-533","1355","-709","578","3676570","-12050320","87308","32392","340","25942","458"
"80033.650","32839","23565","18500","1863","-537","1018","-693","578","3676533","-12050502","87307","32392","392","25968","478"
"80034.650","32840","23564","18503","1871","-533","717","-673","578","3676496","-12050686","87299","32391","313","25987","537"
"80035.650","32836","23564","18497","1874","-538","836","-777","578","3676460","-12050867","87285","32392","239","25998","559"
"80036.650","32832","23563","18486","1877","-536","858","-602","579","3676425","-12051051","87277","32392","274","26016","589"
"80037.650","32837","23563","18463","1871","-545","1113","-679","578","3676390","-12051232","87269","32391","320","26041","567"
"80038.650","32837","23563","18446","1869","-552","1186","-669","579","3676356","-12051416","87265","32390","287","26059","544"
"80039.650","32843","23564","18432","1862","-543","964","-826","578","3676323","-12051596","87263","32390","129","26061","514"
"80040.650","32837","23563","18425","1866","-559","638","-761","579","3676289","-12051780","87264","32391","43","26057","549"
"80041.650","32839","23563","18411","1862","-564","760","-610","578","3676256","-12051962","87270","32390","-109","26054","520"
"80042.650","32835","23563","18409","1866","-563","616","-830","579","3676224","-12052145","87275","32390","-115","26039","529"
"80043.650","32841","23563","18401","1864","-578","721","-631","578","3676191","-12052327","87275","32389","-35","26049","511"
"80044.650","32845","23564","18408","1860","-566","698","-932","578","3676159","-12052507","87275","32389","182","26067","500"
"80045.650","32847","23564","18419","1862","-568","676","-748","578","3676126","-12052691","87273","32389","306","26095","509"
"80046.650","32853","23565","18424","1853","-553","770","-649","579","3676093","-12052872","87270","32389","363","26123","501"
"80047.650","32854","23565","18430","1848","-537","741","-609","578","3676062","-12053056","87264","32388","439","26145","507"
"80048.650","32858","23566","18433","1845","-550","836","-740","578","3676030","-12053237","87255","32388","512","26187","504"
"80049.650","32864","23567","18435","1839","-554","876","-708","578","3676000","-12053421","87247","32388","604","26222","503"
"80050.650","32865","23567","18441","1838","-554","754","-802","578","3675970","-12053605","87238","32388","623","26266","522"
"80051.650","32869","23569","18433","1825","-561","830","-806","578","3675941","-12053788","87230","32389","561","26297","532"
"80052.650","32868","23567","18447","1833","-561","1049","-574","578","3675913","-12053972","87225","32387","554","26322","514"
"80053.650","32870","23568","18448","1828","-562","1043","-686","578","3675887","-12054155","87221","32387","670","26366","513"
"80054.650","32870","23568","18474","1844","-544","1052","-729","578","3675861","-12054340","87218","32388","767","26415","506"
"80055.650","32869","23567","18479","1843","-533","1013","-623","578","3675835","-12054525","87214","32386","735","26458","533"
"80056.650","32867","23566","18478","1835","-526","1296","-619","577","3675812","-12054710","87211","32385","518","26484","521"
"80057.650","32879","23568","18482","1832","-537","955","-582","578","3675789","-12054895","87211","32385","400","26489","510"
"80058.650","32873","23569","18501","1847","-542","696","-671","578","3675768","-12055079","87211","32388","420","26519","530"
"80059.650","32871","23567","18503","1843","-533","899","-698","578","3675748","-12055265","87210","32386","365","26537","541"
"80060.650","32872","23566","18498","1838","-547","850","-698","578","3675728","-12055451","87211","32384","160","26540","544"
"80061.650","32871","23567","18500","1840","-557","757","-637","578","3675708","-12055636","87213","32386","3","26534","550"
"80062.650","32867","23566","18505","1845","-545","884","-658","578","3675689","-12055822","87218","32385","-17","26528","551"
"80063.650","32866","23565","18499","1838","-548","988","-511","578","3675671","-12056008","87224","32384","33","26537","549"
"80064.650","32860","23564","18503","1843","-541","869","-779","578","3675652","-12056194","87232","32385","63","26544","564"
"80065.650","32856","23562","18500","1842","-544","864","-585","578","3675633","-12056380","87241","32383","56","26554","563"
"80066.650","32853","23561","18506","1850","-537","828","-668","578","3675615","-12056564","87252","32383","49","26554","574"
"80067.650","32846","23560","18506","1855","-546","855","-593","578","3675597","-12056751","87264","32383","35","26560","569"
"80068.650","32842","23559","18510","1861","-535","1028","-623","579","3675578","-12056935","87278","32383","14","26562","538"
"80069.650","32841","23559","18512","1860","-524","931","-691","578","3675560","-12057121","87294","32384","-64","26557","531"
"80070.650","32837","23558","18516","1862","-529","910","-588","578","3675543","-12057306","87306","32384","-127","26547","513"
"80071.650","32840","23560","18526","1865","-519","900","-497","579","3675525","-12057492","87317","32385","-195","26536","496"
"80072.650","32839","23560","18541","1871","-517","978","-610","578","3675507","-12057679","87327","32386","-358","26513","485"
"80073.650","32841","23561","18547","1867","-534","953","-736","578","3675489","-12057865","87334","32386","-483","26485","473"
"80074.650","32841","23562","18565","1875","-529","854","-567","579","3675470","-12058050","87338","32387","-592","26450","492"
"80075.650","32845","23562","18586","1886","-514","879","-559","578","3675451","-12058235","87336","32386","-412","26433","494"
"80076.650","32853","23564","18594","1888","-526","927","-657","579","3675432","-12058422","87328","32387","-164","26441","497"
"80077.650","32849","23564","18618","1906","-515","897","-1118","579","3675411","-12058607","87316","32388","96","26465","521"
"80078.650","32852","23564","18613","1898","-503","979","-803","579","3675390","-12058795","87301","32387","333","26497","530"
"80079.650","32858","23567","18602","1883","-483","1084","-933","578","3675369","-12058980","87293","32389","410","26532","520"
"80080.650","32861","23566","18601","1878","-492","1230","-598","578","3675349","-12059166","87286","32388","381","26549","499"
"80081.650","32860","23567","18601","1872","-498","1289","-757","578","3675329","-12059350","87281","32389","429","26574","472"
"80082.650","32868","23568","18606","1867","-489","1200","-659","578","3675310","-12059537","87278","32388","557","26608","466"
"80083.650","32873","23569","18611","1862","-490","1195","-758","578","3675293","-12059725","87270","32388","627","26654","454"
"80084.650","32875","23569","18619","1859","-500","1268","-720","578","3675275","-12059910","87261","32388","638","26682","459"
"80085.650","32880","23569","18633","1865","-507","1255","-702","578","3675258","-12060097","87248","32386","528","26717","462"
"80086.650","32885","23569","18635","1864","-504","1285","-650","578","3675243","-12060286","87232","32385","418","26733","469"
"80087.650","32889","23569","18631","1859","-508","1089","-846","578","3675229","-12060472","87216","32384","304","26746","481"
"80088.650","32885","23570","18628","1858","-503","1000","-911","578","3675216","-12060659","87202","32386","194","26753","537"
"80089.650","32892","23571","18628","1864","-498","1028","-627","578","3675203","-12060847","87190","32385","114","26751","537"
"80090.650","32891","23570","18609","1852","-487","1001","-601","578","3675190","-12061035","87179","32385","42","26754","547"
"80091.650","32888","23572","18602","1854","-500","937","-604","578","3675178","-12061220","87170","32387","-27","26746","550"
"80092.650","32892","23571","18593","1854","-507","859","-735","578","3675166","-12061407","87166","32386","-197","26739","543"
"80093.650","32891","23571","18603","1870","-499","766","-606","579","3675154","-12061595","87167","32386","-248","26718","537"
"80094.650","32884","23569","18602","1879","-500","678","-786","579","3675142","-12061782","87172","32384","-248","26701","551"
"80095.650","32881","23569","18592","1878","-495","778","-725","579","3675129","-12061969","87181","32386","-132","26707","538"
"80096.650","32882","23568","18597","1889","-480","805","-635","579","3675117","-12062156","87192","32384","43","26720","528"
"80097.650","32884","23568","18594","1890","-475","765","-820","579","3675104","-12062342","87208","32383","111","26736","500"
"80098.650","32886","23567","18585","1883","-469","698","-835","579","3675091","-12062529","87216","32382","230","26749","496"
"80099.650","32887","23569","18589","1886","-471","724","-773","578","3675078","-12062716","87222","32384","296","26776","486"
"80100.650","32888","23568","18597","1895","-482","771","-787","579","3675066","-12062902","87226","32383","310","26790","496"
"80101.650","32889","23568","18585","1883","-482","788","-702","579","3675054","-12063089","87227","32382","145","26806","511"
"80102.650","32895","23570","18590","1888","-481","729","-678","579","3675043","-12063276","87225","32383","-102","26783","514"
"80103.650","32898","23570","18600","1899","-477","646","-686","579","3675032","-12063462","87219","32382","-101","26773","503"
"80104.650","32900","23570","18604","1903","-466","616","-781","579","3675021","-12063649","87214","32383","17","26781","520"
"80105.650","32897","23569","18620","1920","-440","726","-655","579","3675010","-12063836","87210","32382","46","26791","532"
"80106.650","32891","23568","18619","1925","-439","883","-668","579","3675000","-12064022","87206","32382","37","26794","549"
"80107.650","32893","23568","18610","1923","-444","814","-759","579","3674989","-12064209","87205","32381","-18","26799","542"
"80108.650","32886","23567","18608","1928","-449","721","-701","579","3674978","-12064395","87204","32382","-122","26786","572"
"80109.650","32879","23565","18607","1940","-466","745","-644","579","3674968","-12064582","87204","32381","-291","26769","583"
"80110.650","32878","23566","18593","1936","-463","719","-634","579","3674958","-12064769","87208","32383","-409","26745","557"
"80111.650","32879","23570","18575","1927","-479","755","-607","579","3674947","-12064955","87215","32387","-549","26719","535"
"80112.650","32865","23565","18597","1951","-482","688","-682","579","3674936","-12065140","87225","32384","-502","26686","539"
"80113.650","32863","23566","18581","1944","-479","630","-669","579","3674923","-12065325","87236","32387","-401","26676","556"
"80114.650","32869","23565","18578","1944","-461","792","-639","580","3674911","-12065513","87246","32384","-387","26667","522"
"80115.650","32860","23568","18550","1921","-485","726","-821","579","3674898","-12065699","87255","32391","-402","26644","526"
"80116.650","32863","23570","18545","1917","-485","854","-1004","579","3674884","-12065884","87261","32393","-422","26641","501"
"80117.650","32864","23570","18559","1929","-482","950","-677","579","3674870","-12066070","87265","32392","-397","26618","482"
"80118.650","32870","23572","18557","1923","-479","890","-664","579","3674854","-12066255","87268","32393","-437","26606","475"
"80119.650","32877","23572","18564","1926","-496","921","-566","580","3674839","-12066441","87268","32391","-553","26564","465"
"80120.650","32888","23574","18564","1917","-504","937","-736","579","3674823","-12066626","87265","32391","-697","26538","450"
"80121.650","32865","23571","18580","1931","-495","618","-686","579","3674807","-12066811","87256","32394","-578","26485","557"
"80122.650","32870","23572","18569","1929","-495","892","-650","579","3674789","-12066998","87243","32394","-368","26494","562"
"80123.650","32879","23571","18563","1929","-485","1098","-498","580","3674771","-12067183","87235","32389","-80","26503","569"
"80124.650","32877","23569","18553","1927","-459","1143","-727","579","3674752","-12067368","87228","32388","129","26526","550"
"80125.650","32878","23569","18545","1928","-451","1002","-606","579","3674733","-12067554","87224","32387","186","26539","560"
"80126.650","32875","23571","18522","1918","-473","791","-663","579","3674713","-12067738","87223","32390","92","26553","571"
"80127.650","32867","23569","18518","1933","-487","1181","-576","580","3674695","-12067923","87225","32389","131","26562","538"
"80128.650","32871","23570","18504","1939","-489","1130","-696","580","3674677","-12068106","87230","32390","153","26580","494"
"80129.650","32873","23571","18497","1946","-514","986","-601","580","3674658","-12068293","87240","32391","88","26590","475"
"80130.650","32874","23571","18479","1935","-506","902","-668","580","3674641","-12068476","87244","32391","-70","26582","470"
"80131.650","32869","23572","18472","1934","-481","908","-561","579","3674623","-12068661","87245","32393","-134","26556","497"
"80132.650","32862","23572","18471","1947","-504","1149","-691","580","3674606","-12068846","87242","32396","-160","26569","520"
"80133.650","32869","23571","18471","1957","-492","1232","-837","580","3674588","-12069030","87237","32392","-65","26566","506"
"80134.650","32873","23571","18440","1941","-489","1271","-758","580","3674571","-12069214","87227","32391","-193","26561","538"
"80135.650","32876","23573","18416","1931","-478","1185","-650","579","3674553","-12069399","87218","32393","-193","26539","538"
"80136.650","32882","23572","18406","1940","-490","1124","-647","580","3674534","-12069583","87213","32390","-233","26529","541"
"80137.650","32883","23573","18388","1938","-493","1239","-923","579","3674517","-12069765","87210","32391","-260","26528","533"
"80138.650","32878","23572","18379","1947","-528","1151","-614","580","3674498","-12069950","87209","32391","-254","26507","539"
"80139.650","32880","23571","18377","1964","-553","1065","-908","581","3674480","-12070133","87208","32388","-234","26515","546"
"80140.650","32881","23569","18363","1967","-565","1001","-598","581","3674461","-12070315","87209","32386","-133","26504","545"
"80141.650","32872","23569","18332","1956","-585","973","-723","581","3674442","-12070497","87211","32389","-90","26513","554"
"80142.650","32870","23570","18305","1944","-567","819","-612","580","3674423","-12070680","87215","32390","-4","26523","558"
"80143.650","32872","23569","18290","1947","-560","710","-1098","581","3674403","-12070862","87219","32389","38","26521","560"
"80144.650","32864","23569","18264","1938","-570","822","-641","580","3674383","-12071045","87224","32391","37","26532","574"
"80145.650","32854","23569","18249","1948","-585","815","-704","581","3674365","-12071228","87230","32393","-3","26541","588"
"80146.650","32860","23567","18206","1933","-573","979","-677","580","3674345","-12071408","87238","32389","86","26545","563"
"80147.650","32860","23566","18172","1918","-521","1031","-600","579","3674326","-12071588","87247","32388","131","26550","534"
"80148.650","32841","23562","18162","1929","-481","1040","-682","580","3674308","-12071770","87255","32387","83","26543","579"
"80149.650","32847","23564","18133","1928","-515","967","-571","580","3674289","-12071950","87261","32388","69","26551","553"
"80150.650","32842","23561","18139","1960","-555","894","-768","581","3674271","-12072132","87267","32385","198","26582","569"
"80151.650","32839","23560","18109","1953","-522","905","-744","580","3674253","-12072311","87273","32385","272","26600","567"
"80152.650","32835","23560","18080","1950","-533","785","-667","580","3674236","-12072493","87278","32387","239","26619","582"
"80153.650","32834","23561","18042","1938","-538","815","-591","580","3674218","-12072673","87284","32388","137","26632","581"
"80154.650","32823","23560","18032","1953","-523","780","-772","580","3674202","-12072853","87290","32390","12","26616","589"
"80155.650","32820","23558","18012","1964","-570","834","-604","581","3674186","-12073030","87298","32388","-257","26604","590"
"80156.650","32821","23559","17971","1944","-553","861","-726","580","3674170","-12073210","87307","32389","-183","26598","561"
"80157.650","32813","23558","17955","1954","-576","863","-641","580","3674153","-12073391","87314","32390","-47","26599","575"
"80158.650","32819","23558","17906","1930","-614","897","-584","580","3674137","-12073568","87319","32388","-160","26626","561"
"80159.650","32816","23559","17878","1920","-592","841","-792","580","3674120","-12073748","87323","32391","-434","26572","561"
"80160.650","32808","23555","17887","1952","-608","547","-838","581","3674104","-12073925","87326","32387","-830","26501","565"
"80161.650","32807","23556","17851","1938","-613","559","-547","581","3674087","-12074104","87327","32389","-737","26460","564"
"80162.650","32814","23556","17838","1945","-618","737","-753","581","3674069","-12074279","87326","32387","-807","26434","546"
"80163.650","32817","23557","17797","1926","-645","762","-771","581","3674050","-12074456","87324","32387","-990","26377","522"
"80164.650","32827","23561","17774","1931","-654","543","-537","581","3674029","-12074633","87318","32390","-1044","26324","507"
"80165.650","32827","23561","17762","1941","-663","506","-655","582","3674008","-12074810","87311","32390","-920","26291","499"
"80166.650","32837","23560","17744","1937","-609","804","-499","580","3673985","-12074986","87299","32387","-811","26241","498"
"80167.650","32867","23564","17711","1923","-636","696","-712","581","3673961","-12075161","87280","32383","-894","26198","422"
"80168.650","32868","23566","17701","1921","-651","602","-712","580","3673935","-12075335","87255","32386","-984","26157","443"
"80169.650","32893","23570","17710","1937","-641","506","-641","580","3673908","-12075510","87221","32384","-938","26098","407"
"80170.650","32927","23573","17707","1938","-654","518","-869","581","3673880","-12075685","87179","32379","-966","26067","371"
"80171.650","32955","23580","17686","1911","-661","466","-666","580","3673851","-12075859","87126","32380","-1038","26014","324"
"80172.650","32982","23583","17711","1929","-648","387","-676","580","3673820","-12076034","87065","32377","-1233","25942","318"
"80173.650","33014","23588","17706","1923","-626","427","-642","581","3673788","-12076206","86996","32374","-1422","25852","295"
"80174.650","33049","23597","17707","1932","-651","299","-598","581","3673754","-12076379","86918","32377","-1916","25730","283"
"80175.650","33071","23598","17741","1962","-639","233","-686","581","3673718","-12076553","86832","32373","-2198","25567","306"
"80176.650","33099","23604","17752","1979","-635","122","-672","581","3673681","-12076724","86738","32372","-2243","25424","318"
"80177.650","33140","23609","17758","1987","-620","64","-759","581","3673639","-12076895","86640","32369","-2373","25288","331"
"80178.650","33162","23614","17771","2010","-613","163","-647","582","3673594","-12077065","86549","32369","-2667","25090","345"
"80179.650","33174","23615","17788","2045","-611","-195","-696","583","3673546","-12077234","86455","32367","-2687","24905","394"
"80180.650","33165","23616","17791","2071","-589","-430","-738","583","3673493","-12077402","86357","32371","-2437","24737","469"
"80181.650","33198","23623","17737","2052","-577","-229","-688","583","3673436","-12077567","86251","32372","-2311","24596","548"
"80182.650","33224","23624","17714","2070","-575","-247","-838","583","3673375","-12077729","86152","32366","-2373","24455","578"
"80183.650","33239","23629","17653","2053","-562","-108","-770","582","3673309","-12077890","86068","32367","-2429","24297","589"
"80184.650","33252","23631","17603","2053","-566","-216","-779","583","3673241","-12078047","85996","32367","-2598","24141","603"
"80185.650","33256","23633","17546","2053","-570","-221","-721","583","3673169","-12078203","85951","32369","-2549","23978","591"
"80186.650","33269","23637","17495","2050","-570","-176","-687","583","3673093","-12078354","85921","32371","-2510","23856","600"
"80187.650","33269","23637","17453","2069","-587","-212","-1006","583","3673012","-12078504","85907","32371","-2461","23709","584"
"80188.650","33276","23641","17393","2064","-602","-129","-678","583","3672929","-12078649","85887","32374","-2634","23570","592"
"80189.650","33275","23640","17365","2080","-595","-169","-801","584","3672843","-12078793","85869","32374","-2896","23379","571"
"80190.650","33274","23639","17325","2092","-595","-196","-704","584","3672752","-12078934","85851","32372","-3112","23178","564"
"80191.650","33274","23640","17291","2106","-597","-375","-865","584","3672659","-12079072","85842","32374","-3248","22979","539"
"80192.650","33289","23640","17260","2113","-581","-493","-766","584","3672562","-12079204","85829","32369","-3193","22781","528"
"80193.650","33299","23642","17223","2110","-571","-628","-933","584","3672461","-12079334","85794","32370","-3386","22584","530"
"80194.650","33306","23645","17193","2133","-581","-709","-971","584","3672356","-12079458","85753","32371","-3669","22342","491"
"80195.650","33309","23649","17158","2147","-587","-919","-724","585","3672248","-12079577","85707","32375","-3779","22088","470"
"80196.650","33319","23648","17142","2169","-566","-908","-707","585","3672136","-12079692","85658","32372","-3746","21851","486"
"80197.650","33338","23658","17059","2143","-593","-838","-678","584","3672020","-12079803","85603","32381","-4001","21592","451"
"80198.650","33345","23665","17002","2146","-602","-785","-662","585","3671900","-12079908","85551","32388","-3930","21323","430"
"80199.650","33438","23672","16977","2145","-584","-582","-611","584","3671776","-12080004","85510","32372","-3796","21191","326"
"80200.650","33457","23676","16981","2147","-552","-528","-818","585","3671646","-12080094","85475","32372","-3842","20938","300"
"80201.650","33492","23681","16982","2145","-527","-535","-662","584","3671511","-12080175","85503","32369","-3873","20703","260"
"80202.650","33539","23690","16972","2153","-528","-545","-750","585","3671375","-12080252","85481","32369","-3783","20490","229"
"80203.650","33598","23698","16988","2168","-511","-550","-672","584","3671236","-12080319","85410","32364","-3916","20255","188"
"80204.650","33645","23707","17014","2195","-491","-812","-699","585","3671095","-12080384","85324","32362","-4144","19982","154"
"80205.650","33699","23711","17063","2224","-449","-884","-769","586","3670952","-12080441","85217","32354","-4310","19700","99"
"80206.650","33757","23730","17033","2191","-473","-797","-631","585","3670807","-12080490","85087","32363","-4233","19421","73"
"80207.650","33833","23745","17040","2179","-471","-776","-740","585","3670660","-12080532","84941","32363","-4163","19167","67"
"80208.650","33914","23756","17081","2178","-440","-872","-673","585","3670510","-12080567","84776","32356","-4239","18891","33"
"80209.650","33977","23778","17061","2163","-473","-798","-776","585","3670358","-12080591","84604","32368","-4252","18590","15"
"80210.650","33977","23794","17072","2127","-465","-734","-810","585","3670205","-12080604","84450","32389","-4090","18242","113"
"80211.650","34023","23806","17078","2131","-449","-785","-641","584","3670049","-12080609","84297","32394","-3859","17960","177"
"80212.650","34096","23816","17079","2115","-428","-738","-763","583","3669892","-12080604","84125","32388","-3624","17674","284"
"80213.650","34165","23828","17059","2107","-416","-682","-756","584","3669735","-12080590","83895","32386","-3415","17435","349"
"80214.650","34234","23838","17029","2081","-408","-526","-634","583","3669578","-12080564","83684","32380","-3280","17200","429"
"80215.650","34285","23847","16979","2069","-410","-425","-897","583","3669420","-12080528","83507","32379","-3245","16953","508"
"80216.650","34338","23853","16934","2065","-398","-340","-788","583","3669262","-12080484","83381","32373","-3317","16717","547"
"80217.650","34382","23859","16875","2073","-391","-415","-782","584","3669105","-12080429","83250","32369","-3471","16461","579"
"80218.650","34421","23863","16819","2094","-376","-609","-613","583","3668951","-12080367","83168","32364","-3574","16213","578"
"80219.650","34455","23867","16771","2080","-360","-547","-639","583","3668797","-12080298","83141","32360","-3687","15964","573"
"80220.650","34478","23872","16711","2099","-350","-727","-725","584","3668646","-12080223","83145","32361","-3887","15706","549"
"80221.650","34501","23874","16675","2097","-325","-752","-738","584","3668497","-12080143","83235","32357","-4088","15432","513"
"80222.650","34518","23878","16626","2102","-314","-826","-712","583","3668350","-12080055","83260","32359","-4297","15144","466"
"80223.650","34554","23883","16586","2122","-292","-1005","-736","584","3668208","-12079959","83244","32356","-4536","14858","403"
"80224.650","34552","23890","16542","2122","-292","-1019","-624","584","3668069","-12079856","83210","32366","-4655","14521","364"
"80225.650","34592","23897","16515","2112","-281","-832","-741","584","3667934","-12079747","83185","32364","-4637","14242","306"
"80226.650","34635","23903","16495","2107","-272","-839","-840","584","3667803","-12079628","83153","32360","-4659","13937","273"
"80227.650","34681","23911","16468","2100","-278","-794","-763","583","3667675","-12079502","83113","32359","-4754","13601","223"
"80228.650","34701","23921","16462","2072","-284","-805","-586","584","3667553","-12079370","83045","32367","-4640","13281","185"
"80229.650","34728","23930","16461","2041","-283","-656","-510","582","3667437","-12079228","82947","32373","-4215","12940","249"
"80230.650","34792","23941","16449","2022","-291","-495","-703","582","3667326","-12079080","82820","32371","-3996","12703","285"
"80231.650","34865","23952","16437","2000","-294","-492","-814","581","3667221","-12078923","82700","32365","-3812","12431","302"
"80232.650","34944","23962","16421","2007","-272","-582","-602","582","3667121","-12078762","82578","32359","-3934","12168","320"
"80233.650","34975","23971","16410","1991","-271","-470","-777","581","3667028","-12078595","82449","32362","-3836","11871","319"
"80234.650","35020","23979","16387","1975","-283","-352","-621","581","3666942","-12078422","82295","32361","-3809","11601","369"
"80235.650","35066","23988","16360","1978","-263","-399","-868","581","3666862","-12078244","82132","32361","-3896","11311","390"
"80236.650","35099","23996","16334","1976","-238","-503","-645","581","3666788","-12078063","81977","32363","-4147","10993","393"
"80237.650","35135","24002","16303","1970","-219","-585","-688","581","3666720","-12077875","81837","32362","-4387","10648","386"
"80238.650","35130","24005","16272","1948","-231","-704","-687","580","3666658","-12077685","81738","32368","-4506","10255","396"
"80239.650","35147","24012","16234","1928","-236","-729","-889","580","3666608","-12077493","81660","32372","-4408","9928","413"
"80240.650","35217","24022","16180","1930","-232","-655","-921","580","3666567","-12077292","81497","32368","-4214","9622","444"
"80241.650","35297","24030","16137","1927","-203","-655","-753","580","3666534","-12077094","81364","32357","-4164","9358","429"
"80242.650","35338","24034","16115","1902","-215","-612","-760","579","3666506","-12076892","81257","32352","-4231","9042","425"
"80243.650","35385","24043","16070","1898","-240","-351","-898","580","3666488","-12076690","81180","32351","-4220","8736","401"
"80244.650","35426","24050","16041","1886","-245","-383","-710","579","3666478","-12076487","81082","32351","-4318","8442","402"
"80245.650","35475","24057","16012","1876","-258","-302","-641","579","3666475","-12076285","81059","32347","-4476","8109","354"
"80246.650","35522","24066","15986","1867","-260","-290","-780","579","3666480","-12076083","81029","32346","-4777","7767","297"
"80247.650","35566","24074","15980","1847","-269","-322","-603","578","3666491","-12075884","80977","32346","-4901","7409","224"
"80248.650","35625","24084","15976","1827","-261","-379","-578","578","3666510","-12075684","80933","32344","-4935","7076","173"
"80249.650","35661","24092","16009","1782","-270","-567","-732","577","3666538","-12075488","80849","32345","-4895","6724","141"
"80250.650","35690","24097","16044","1740","-304","-558","-702","576","3666573","-12075293","80743","32345","-4729","6342","138"
"80251.650","35787","24108","16029","1744","-294","-439","-596","577","3666616","-12075103","80634","32335","-4528","6058","131"
"80252.650","35833","24118","16051","1727","-323","-390","-683","576","3666668","-12074918","80533","32336","-4310","5721","168"
"80253.650","35909","24128","16054","1718","-335","-374","-754","576","3666727","-12074736","80441","32331","-4152","5419","194"
"80254.650","35977","24139","16049","1709","-332","-361","-635","576","3666794","-12074559","80350","32327","-4016","5131","231"
"80255.650","36055","24149","16040","1711","-340","-243","-607","576","3666869","-12074389","80247","32320","-3857","4839","266"
"80256.650","36128","24159","16029","1701","-342","-353","-549","576","3666950","-12074223","80139","32315","-3778","4569","312"
"80257.650","36189","24168","16012","1719","-369","-237","-820","576","3667037","-12074060","80084","32312","-3810","4273","334"
"80258.650","36242","24175","16006","1712","-395","-351","-569","576","3667130","-12073904","79991","32308","-3753","3965","377"
"80259.650","36248","24182","15998","1699","-422","-510","-642","576","3667230","-12073755","79907","32316","-3599","3687","453"
"80260.650","36272","24187","15971","1706","-459","-495","-742","576","3667333","-12073613","79824","32316","-3395","3408","550"
"80261.650","36308","24192","15909","1715","-470","-473","-678","577","3667439","-12073477","79749","32314","-3236","3164","641"
"80262.650","36429","24202","15801","1734","-442","-298","-812","577","3667550","-12073349","79686","32296","-3373","2960","617"
"80263.650","36477","24207","15730","1725","-434","-319","-770","577","3667665","-12073228","79622","32290","-3625","2676","600"
"80264.650","36525","24207","15693","1719","-466","-316","-674","577","3667782","-12073114","79582","32278","-3701","2443","536"
"80265.650","36568","24211","15646","1713","-473","-328","-860","577","3667901","-12073008","79560","32273","-3502","2254","482"
"80266.650","36602","24211","15633","1706","-511","-325","-859","577","3668023","-12072908","79537","32265","-3204","2066","463"
"80267.650","36632","24216","15598","1716","-521","-250","-672","577","3668146","-12072814","79500","32264","-2971","1905","446"
"80268.650","36665","24225","15546","1730","-511","-154","-794","578","3668271","-12072725","79445","32267","-2776","1740","438"
"80269.650","36709","24228","15536","1720","-532","-137","-606","578","3668397","-12072644","79376","32260","-2606","1597","424"
"80270.650","36745","24234","15502","1720","-527","45","-720","578","3668525","-12072567","79301","32260","-2449","1452","422"
"80271.650","36826","24234","15533","1696","-575","34","-927","578","3668652","-12072494","79220","32239","-2297","1369","326"
"80272.650","36863","24240","15532","1697","-589","10","-725","578","3668781","-12072425","79134","32238","-2170","1226","339"
"80273.650","36926","24249","15513","1707","-581","82","-569","577","3668911","-12072362","79053","32234","-2294","1103","295"
"80274.650","36974","24253","15523","1688","-591","2","-887","578","3669042","-12072303","78964","32227","-2343","946","270"
"80275.650","37014","24270","15447","1722","-525","74","-751","578","3669174","-12072245","78868","32240","-2302","784","285"
"80276.650","37054","24288","15386","1739","-473","122","-800","578","3669305","-12072194","78763","32253","-2226","645","321"
"80277.650","37096","24297","15380","1725","-476","98","-695","578","3669438","-12072148","78649","32256","-2237","482","358"
"80278.650","37106","24307","15345","1751","-468","113","-944","579","3669570","-12072104","78535","32266","-2257","285","466"
"80279.650","37210","24310","15358","1732","-508","115","-685","578","3669703","-12072065","78424","32244","-2297","172","382"
"80280.650","37253","24320","15332","1724","-504","125","-759","578","3669837","-12072029","78328","32247","-2433","35991","418"
"80281.650","37291","24326","15315","1728","-515","102","-708","579","3669971","-12072000","78239","32245","-2477","35813","415"
"80282.650","37333","24333","15286","1710","-515","104","-746","578","3670104","-12071978","78152","32244","-2527","35645","431"
"80283.650","37375","24339","15255","1708","-514","94","-684","578","3670237","-12071955","78067","32242","-2747","35456","433"
"80284.650","37414","24344","15235","1703","-525","69","-658","578","3670370","-12071943","77986","32240","-2909","35231","414"
"80285.650","37441","24351","15205","1715","-525","10","-675","578","3670502","-12071931","77906","32242","-3014","35015","424"
"80286.650","37487","24357","15176","1711","-528","47","-825","578","3670635","-12071928","77815","32239","-3061","34805","412"
"80287.650","37524","24363","15156","1717","-536","97","-617","578","3670765","-12071930","77721","32238","-3172","34579","398"
"80288.650","37575","24370","15141","1702","-555","-3","-675","578","3670896","-12071939","77625","32234","-3105","34368","380"
"80289.650","37634","24378","15121","1712","-556","6","-634","579","3671024","-12071952","77528","32230","-3108","34186","359"
"80290.650","37670","24388","15097","1717","-552","-19","-748","578","3671153","-12071971","77428","32234","-3093","33953","356"
"80291.650","37737","24395","15090","1725","-565","-110","-728","579","3671278","-12071999","77323","32228","-3081","33755","333"
"80292.650","37787","24404","15081","1745","-564","-102","-771","579","3671404","-12072029","77215","32227","-2982","33560","321"
"80293.650","37855","24411","15088","1775","-573","-62","-977","580","3671526","-12072068","77103","32219","-2699","33391","300"
"80294.650","37935","24418","15092","1774","-585","-65","-706","581","3671648","-12072110","76987","32210","-2541","33277","267"
"80295.650","38006","24422","15130","1791","-616","-17","-721","581","3671768","-12072158","76867","32198","-2378","33136","243"
"80296.650","38075","24429","15152","1806","-628","-1","-870","581","3671885","-12072208","76741","32190","-2152","33014","224"
"80297.650","38135","24446","15124","1791","-595","62","-1033","581","3672002","-12072264","76608","32198","-1807","32929","224"
"80298.650","38230","24452","15167","1804","-625","97","-798","581","3672116","-12072322","76471","32183","-1869","32832","223"
"80299.650","38304","24464","15184","1805","-624","6","-684","582","3672230","-12072384","76331","32180","-2145","32692","158"
"80300.650","38313","24486","15117","1775","-554","-39","-509","580","3672342","-12072449","76188","32208","-2431","32447","276"
"80301.650","38410","24494","15141","1787","-571","19","-663","581","3672452","-12072518","76042","32195","-2411","32292","230"
"80302.650","38443","24508","15122","1769","-562","-32","-631","580","3672561","-12072590","75897","32206","-2474","32104","297"
"80303.650","38534","24516","15135","1785","-574","-22","-831","581","3672667","-12072667","75755","32195","-2686","31914","287"
"80304.650","38560","24528","15133","1787","-581","-252","-740","581","3672771","-12072747","75619","32203","-2932","31670","304"
"80305.650","38632","24535","15139","1802","-602","-267","-643","581","3672872","-12072832","75486","32196","-2969","31443","315"
"80306.650","38731","24545","15142","1803","-621","-281","-839","581","3672970","-12072924","75357","32186","-3083","31267","280"
"80307.650","38785","24556","15145","1803","-639","-328","-643","581","3673065","-12073016","75230","32187","-3250","31030","252"
"80308.650","38908","24555","15228","1866","-697","-404","-595","584","3673156","-12073114","75100","32157","-3491","30832","142"
"80309.650","38992","24564","15255","1879","-698","-349","-705","584","3673243","-12073219","74967","32149","-3433","30632","40"
"80310.650","39078","24577","15281","1884","-691","-309","-904","584","3673327","-12073326","74830","32145","-3157","30466","-24"
"80311.650","39172","24592","15329","1896","-693","-259","-632","585","3673407","-12073437","74696","32143","-2865","30316","-56"
"80312.650","39280","24606","15380","1909","-683","-291","-614","585","3673483","-12073555","74560","32135","-2594","30179","-105"
"80313.650","39377","24619","15436","1929","-665","-370","-962","585","3673557","-12073674","74423","32130","-2222","30040","-81"
"80314.650","39509","24638","15466","1921","-631","-114","-790","585","3673627","-12073796","74314","32125","-1672","29984","-106"
"80315.650","39629","24656","15522","1920","-634","-130","-661","585","3673694","-12073925","74269","32120","-1519","29922","-86"
"80316.650","39736","24672","15560","1910","-625","-261","-803","585","3673760","-12074054","74186","32116","-1587","29806","-56"
"80317.650","39837","24689","15595","1910","-603","-202","-781","584","3673823","-12074187","74030","32115","-1743","29673","-19"
"80318.650","39958","24705","15635","1910","-596","-109","-802","585","3673885","-12074319","73838","32107","-1855","29543","-21"
"80319.650","40065","24720","15662","1903","-588","-193","-649","585","3673943","-12074456","73631","32103","-1974","29395","-1"
"80320.650","40170","24735","15680","1899","-556","-219","-662","584","3673998","-12074593","73417","32098","-2079","29252","8"
"80321.650","40277","24746","15719","1910","-548","-167","-794","584","3674051","-12074733","73194","32088","-2062","29085","2"
"80322.650","40361","24764","15710","1877","-532","-209","-638","584","3674102","-12074874","72967","32093","-1887","28973","56"
"80323.650","40434","24784","15687","1842","-503","-178","-788","583","3674149","-12075018","72755","32101","-1675","28865","125"
"80324.650","40543","24782","15771","1915","-524","-161","-847","585","3674194","-12075164","72568","32074","-1562","28769","160"
"80325.650","40632","24791","15781","1916","-533","-169","-676","585","3674237","-12075309","72371","32066","-1616","28673","183"
"80326.650","40709","24805","15768","1899","-542","-153","-610","585","3674277","-12075457","72195","32066","-1728","28549","217"
"80327.650","40790","24817","15756","1888","-557","-200","-879","585","3674315","-12075605","72034","32065","-1849","28421","230"
"80328.650","40878","24832","15729","1874","-526","-148","-651","584","3674348","-12075757","71930","32063","-2047","28291","214"
"80329.650","40946","24840","15743","1887","-558","-181","-871","584","3674381","-12075908","71793","32059","-2371","28116","215"
"80330.650","41024","24852","15731","1878","-574","-267","-671","584","3674410","-12076059","71654","32057","-2701","27938","179"
"80331.650","41098","24864","15724","1872","-588","-292","-728","585","3674436","-12076212","71510","32056","-2893","27738","153"
"80332.650","41169","24876","15730","1879","-590","-385","-707","585","3674457","-12076364","71367","32055","-3013","27547","123"
"80333.650","41252","24889","15730","1876","-595","-409","-701","585","3674474","-12076518","71231","32054","-2921","27365","90"
"80334.650","41333","24902","15735","1874","-584","-348","-680","585","3674486","-12076672","71097","32052","-2951","27190","80"
"80335.650","41423","24915","15737","1867","-578","-350","-847","585","3674494","-12076828","70942","32050","-2980","26992","55"
"80336.650","41512","24928","15749","1864","-590","-334","-681","584","3674497","-12076983","70773","32047","-2861","26818","39"
"80337.650","41610","24943","15764","1865","-583","-385","-650","584","3674495","-12077139","70605","32044","-2619","26665","39"
"80338.650","41711","24958","15785","1868","-589","-326","-688","585","3674489","-12077297","70433","32041","-2429","26530","28"
"80339.650","41793","24967","15818","1887","-602","-393","-736","586","3674479","-12077450","70256","32035","-2319","26376","73"
"80340.650","41919","24984","15793","1846","-595","-283","-736","584","3674466","-12077607","70081","32030","-2221","26262","30"
"80341.650","42005","24995","15820","1854","-596","-319","-535","584","3674449","-12077760","69896","32025","-2318","26112","43"
"80342.650","42090","25001","15849","1869","-606","-272","-695","585","3674429","-12077917","69714","32014","-2477","25931","55"
"80343.650","42198","25016","15852","1859","-617","-268","-671","585","3674405","-12078070","69509","32009","-2410","25784","39"
"80344.650","42296","25026","15868","1862","-617","-315","-729","585","3674378","-12078224","69322","32001","-2196","25659","42"
"80345.650","42393","25039","15876","1855","-618","-250","-640","585","3674345","-12078377","69142","31997","-2209","25530","57"
"80346.650","42471","25049","15916","1884","-610","-326","-774","586","3674310","-12078531","68973","31993","-2250","25361","100"
"80347.650","42574","25063","15913","1872","-598","-231","-824","586","3674273","-12078681","68806","31988","-2388","25205","100"
"80348.650","42660","25073","15932","1892","-607","-355","-870","586","3674230","-12078833","68646","31983","-2660","25012","105"
"80349.650","42706","25082","15950","1914","-597","-579","-757","587","3674184","-12078980","68493","31984","-2863","24764","164"
"80350.650","42771","25096","15928","1907","-594","-583","-699","587","3674133","-12079128","68343","31988","-2726","24561","221"
"80351.650","42842","25107","15897","1898","-590","-516","-592","587","3674078","-12079274","68198","31987","-2538","24389","285"
"80352.650","42899","25121","15836","1877","-608","-473","-859","585","3674019","-12079416","68068","31992","-2379","24220","355"
"80353.650","42970","25122","15845","1927","-593","-549","-710","587","3673954","-12079557","67971","31978","-2299","24073","406"
"80354.650","43023","25125","15814","1940","-579","-534","-572","588","3673885","-12079695","67875","31972","-2291","23913","445"
"80355.650","43055","25133","15745","1924","-581","-526","-740","587","3673813","-12079830","67773","31975","-2401","23732","501"
"80356.650","43076","25141","15667","1905","-575","-518","-669","586","3673738","-12079962","67680","31981","-2375","23544","553"
"80357.650","43098","25148","15582","1895","-582","-536","-887","586","3673660","-12080091","67594","31985","-2281","23390","606"
"80358.650","43123","25151","15506","1890","-568","-519","-746","586","3673578","-12080215","67537","31984","-2301","23232","653"
"80359.650","43121","25156","15417","1880","-559","-506","-702","586","3673492","-12080338","67487","31991","-2286","23049","704"
"80360.650","43123","25158","15333","1892","-558","-508","-799","586","3673405","-12080458","67455","31993","-2253","22893","746"
"80361.650","43125","25160","15241","1896","-555","-460","-617","586","3673314","-12080572","67425","31995","-2189","22744","786"
"80362.650","43130","25155","15182","1940","-542","-557","-717","586","3673221","-12080683","67408","31987","-2129","22601","803"
"80363.650","43137","25147","15136","1971","-493","-594","-814","587","3673125","-12080789","67408","31976","-1914","22491","795"
"80364.650","43112","25153","14995","1942","-522","-421","-691","587","3673027","-12080893","67424","31988","-1754","22383","837"
"80365.650","43103","25153","14898","1933","-507","-405","-621","586","3672928","-12080994","67438","31990","-1707","22279","849"
"80366.650","43088","25152","14814","1939","-488","-374","-678","587","3672827","-12081092","67461","31992","-1757","22153","857"
"80367.650","43070","25154","14715","1941","-484","-370","-705","587","3672725","-12081184","67491","31998","-1858","22018","858"
"80368.650","43045","25158","14583","1926","-511","-319","-680","586","3672622","-12081275","67497","32009","-1935","21883","865"
"80369.650","42995","25163","14444","1900","-533","-236","-913","586","3672517","-12081362","67520","32025","-1900","21729","930"
"80370.650","42974","25160","14346","1914","-526","-249","-630","586","3672412","-12081444","67549","32026","-1824","21609","949"
"80371.650","42954","25159","14224","1904","-531","-203","-609","586","3672306","-12081523","67588","32030","-1858","21491","974"
"80372.650","42923","25158","14127","1913","-519","-238","-684","586","3672199","-12081602","67650","32035","-1926","21339","985"
"80373.650","42915","25155","14034","1940","-514","-294","-753","586","3672090","-12081673","67701","32033","-1969","21203","958"
"80374.650","42886","25155","13917","1928","-518","-243","-630","587","3671981","-12081742","67746","32039","-2003","21077","956"
"80375.650","42869","25154","13813","1947","-528","-179","-658","587","3671871","-12081805","67789","32040","-2054","20930","933"
"80376.650","42853","25152","13711","1954","-538","-284","-675","586","3671761","-12081868","67838","32041","-2573","20750","899"
"80377.650","42824","25151","13618","1957","-540","-309","-678","587","3671649","-12081923","67873","32047","-2881","20497","843"
"80378.650","42820","25148","13548","1967","-526","-359","-704","587","3671537","-12081977","67903","32044","-3136","20271","781"
"80379.650","42810","25147","13481","1967","-518","-373","-826","587","3671423","-12082024","67918","32044","-3171","20044","715"
"80380.650","42826","25147","13429","1978","-507","-359","-779","587","3671309","-12082067","67918","32041","-3166","19826","642"
"80381.650","42847","25149","13382","1987","-505","-421","-640","587","3671193","-12082104","67903","32040","-3254","19632","571"
"80382.650","42911","25150","13377","1982","-473","-350","-581","587","3671076","-12082136","67871","32027","-3278","19447","422"
"80383.650","42945","25156","13352","1983","-482","-371","-870","587","3670958","-12082163","67825","32028","-3337","19228","333"
"80384.650","42985","25165","13331","1978","-501","-396","-719","587","3670839","-12082185","67760","32030","-3337","18991","277"
"80385.650","43008","25174","13332","1960","-500","-417","-641","587","3670718","-12082202","67670","32037","-3197","18731","281"
"80386.650","43072","25181","13348","1965","-489","-479","-541","588","3670596","-12082214","67564","32032","-3020","18529","250"
"80387.650","43168","25189","13374","1967","-478","-398","-635","587","3670475","-12082218","67446","32022","-2842","18351","237"
"80388.650","43247","25194","13387","1952","-482","-461","-784","587","3670351","-12082218","67321","32012","-2772","18162","195"
"80389.650","43322","25204","13383","1928","-508","-447","-633","586","3670228","-12082214","67189","32009","-2772","17934","199"
"80390.650","43373","25216","13402","1914","-509","-539","-751","586","3670104","-12082202","67050","32013","-2637","17708","226"
"80391.650","43456","25225","13409","1903","-520","-479","-843","586","3669978","-12082186","66908","32007","-2498","17542","244"
"80392.650","43545","25234","13421","1890","-525","-522","-721","586","3669853","-12082164","66754","32000","-2283","17364","269"
"80393.650","43584","25244","13435","1871","-521","-540","-603","585","3669728","-12082138","66617","32004","-2133","17189","345"
"80394.650","43680","25252","13454","1855","-507","-353","-598","586","3669603","-12082106","66484","31994","-1985","17058","375"
"80395.650","43743","25261","13466","1865","-490","-505","-680","585","3669478","-12082070","66355","31993","-2359","16873","416"
"80396.650","43792","25266","13488","1879","-454","-580","-854","586","3669353","-12082032","66233","31989","-2447","16615","446"
"80397.650","43891","25275","13475","1860","-454","-424","-595","585","3669228","-12081984","66120","31979","-2541","16436","418"
"80398.650","43919","25283","13466","1866","-445","-579","-770","585","3669105","-12081934","66019","31983","-2462","16221","487"
"80399.650","43998","25289","13454","1858","-433","-466","-665","585","3668982","-12081879","65937","31975","-2491","16036","479"
"80400.650","44036","25298","13434","1868","-427","-517","-645","585","3668861","-12081819","65853","31979","-2676","15820","523"
"80401.650","44103","25304","13422","1857","-412","-499","-661","585","3668741","-12081753","65775","31973","-2815","15577","497"
"80402.650","44145","25312","13393","1856","-410","-454","-822","585","3668623","-12081684","65696","31974","-2934","15334","505"
"80403.650","44240","25320","13372","1867","-399","-437","-672","585","3668506","-12081607","65614","31963","-2936","15131","448"
"80404.650","44289","25327","13342","1865","-409","-439","-691","585","3668392","-12081527","65529","31963","-3351","14866","430"
"80405.650","44333","25333","13342","1859","-390","-525","-749","585","3668279","-12081439","65440","31960","-3682","14537","355"
"80406.650","44398","25339","13341","1850","-379","-534","-573","584","3668170","-12081349","65344","31955","-3813","14227","286"
"80407.650","44450","25347","13337","1847","-377","-497","-558","585","3668063","-12081253","65237","31954","-3928","13931","249"
"80408.650","44519","25354","13350","1857","-354","-609","-878","585","3667960","-12081147","65115","31949","-3892","13598","209"
"80409.650","44562","25364","13360","1852","-341","-748","-571","585","3667860","-12081037","64984","31952","-3792","13296","216"
"80410.650","44643","25374","13370","1839","-343","-694","-843","585","3667765","-12080920","64839","31948","-3637","13022","222"
"80411.650","44709","25381","13381","1831","-338","-686","-860","584","3667674","-12080799","64692","31945","-3453","12718","259"
"80412.650","44767","25390","13383","1819","-341","-626","-695","584","3667586","-12080670","64544","31944","-3333","12453","304"
"80413.650","44864","25400","13381","1824","-325","-663","-677","584","3667503","-12080538","64399","31937","-3169","12205","332"
"80414.650","44896","25408","13368","1822","-323","-660","-732","584","3667426","-12080400","64261","31940","-3027","11931","421"
"80415.650","44992","25420","13341","1823","-326","-580","-732","584","3667352","-12080258","64131","31936","-2960","11710","456"
"80416.650","45089","25428","13320","1817","-330","-502","-675","584","3667283","-12080112","64011","31927","-3075","11455","467"
"80417.650","45149","25436","13296","1808","-337","-523","-778","584","3667219","-12079962","63891","31925","-3280","11159","465"
"80418.650","45208","25443","13275","1802","-328","-555","-946","584","3667161","-12079808","63766","31921","-3369","10863","462"
"80419.650","45271","25449","13250","1794","-327","-557","-806","584","3667107","-12079653","63636","31917","-3516","10574","461"
"80420.650","45292","25454","13237","1776","-324","-645","-679","583","3667059","-12079492","63499","31918","-3691","10234","466"
"80421.650","45348","25460","13220","1754","-320","-676","-697","583","3667017","-12079332","63344","31915","-3625","9913","446"
"80422.650","45448","25469","13185","1758","-328","-588","-626","583","3666982","-12079167","63075","31905","-3664","9650","436"
"80423.650","45479","25473","13179","1736","-326","-657","-815","582","3666951","-12079001","62892","31905","-3665","9327","416"
"80424.650","45557","25480","13156","1732","-312","-601","-671","583","3666927","-12078837","62764","31897","-3641","9044","398"
"80425.650","45616","25486","13140","1726","-307","-631","-620","582","3666910","-12078670","62673","31893","-3662","8760","395"
"80426.650","45666","25492","13129","1714","-312","-688","-855","582","3666899","-12078502","62602","31890","-3693","8433","378"
"80427.650","45755","25499","13108","1715","-315","-578","-765","582","3666895","-12078335","62531","31882","-3770","8135","346"
"80428.650","45813","25505","13105","1703","-313","-641","-821","582","3666898","-12078168","62444","31878","-3720","7828","327"
"80429.650","45895","25512","13106","1693","-330","-570","-842","582","3666906","-12078002","62349","31871","-3573","7543","308"
"80430.650","45968","25518","13103","1690","-334","-543","-757","582","3666921","-12077837","62237","31863","-3426","7283","312"
"80431.650","46043","25522","13113","1675","-343","-493","-933","582","3666941","-12077673","62111","31853","-3263","7029","321"
"80432.650","46111","25529","13108","1672","-339","-505","-858","581","3666967","-12077510","61985","31849","-3169","6782","339"
"80433.650","46176","25535","13119","1648","-329","-520","-988","581","3666995","-12077350","61914","31844","-3033","6536","368"
"80434.650","46249","25542","13117","1644","-346","-467","-831","581","3667032","-12077192","61785","31837","-2903","6310","400"
"80435.650","46326","25548","13104","1657","-376","-417","-871","581","3667074","-12077035","61661","31830","-2823","6076","432"
"80436.650","46392","25556","13093","1659","-402","-431","-744","582","3667120","-12076880","61542","31827","-2796","5832","447"
"80437.650","46495","25563","13088","1648","-407","-257","-699","582","3667171","-12076729","61433","31816","-2837","5624","425"
"80438.650","46534","25570","13087","1633","-417","-343","-762","581","3667226","-12076580","61330","31817","-2871","5372","455"
"80439.650","46565","25572","13087","1622","-448","-448","-771","581","3667284","-12076434","61271","31813","-2932","5104","489"
"80440.650","46640","25581","13063","1612","-443","-394","-829","581","3667346","-12076290","61176","31810","-2903","4868","490"
"80441.650","46723","25586","13056","1605","-463","-281","-822","581","3667414","-12076149","61060","31799","-2624","4683","465"
"80442.650","46774","25590","13048","1599","-487","-238","-842","581","3667485","-12076014","60964","31795","-2397","4513","519"
"80443.650","46887","25597","13026","1601","-489","-150","-733","582","3667558","-12075885","60882","31782","-2287","4397","467"
"80444.650","46918","25603","13013","1605","-497","-166","-713","581","3667634","-12075758","60806","31783","-2445","4177","488"
"80445.650","46952","25610","12993","1601","-495","-213","-843","581","3667711","-12075634","60735","31785","-2467","3970","478"
"80446.650","47016","25614","12975","1589","-489","-247","-913","581","3667791","-12075515","60671","31778","-2393","3792","501"
"80447.650","47070","25619","12939","1581","-463","-196","-730","581","3667874","-12075400","60618","31774","-2339","3638","495"
"80448.650","47126","25627","12915","1565","-443","-196","-827","580","3667960","-12075288","60572","31772","-2334","3466","498"
"80449.650","47193","25632","12892","1576","-446","-190","-750","580","3668047","-12075180","60523","31766","-2338","3292","474"
"80450.650","47244","25637","12865","1563","-424","-195","-822","580","3668137","-12075076","60472","31762","-2211","3125","474"
"80451.650","47293","25643","12840","1558","-409","-156","-873","580","3668229","-12074977","60409","31761","-2071","2996","481"
"80452.650","47340","25647","12817","1566","-403","-114","-931","580","3668323","-12074879","60340","31756","-1932","2857","504"
"80453.650","47389","25652","12779","1567","-380","-116","-852","580","3668419","-12074787","60276","31752","-1934","2712","515"
"80454.650","47442","25656","12748","1560","-360","-152","-724","579","3668516","-12074695","60205","31748","-1984","2562","528"
"80455.650","47508","25660","12727","1538","-346","-107","-831","579","3668615","-12074610","60130","31740","-2133","2406","507"
"80456.650","47542","25662","12709","1526","-339","-158","-818","579","3668715","-12074525","60046","31736","-2366","2202","515"
"80457.650","47587","25663","12698","1496","-336","-188","-940","578","3668818","-12074447","59953","31729","-2406","2000","506"
"80458.650","47648","25666","12674","1488","-325","-217","-901","577","3668921","-12074370","59879","31721","-2314","1846","497"
"80459.650","47707","25669","12653","1481","-318","-224","-804","577","3669026","-12074299","59813","31714","-2157","1687","498"
"80460.650","47763","25672","12636","1496","-320","-238","-883","578","3669131","-12074233","59754","31706","-2198","1536","494"
"80461.650","47812","25675","12615","1541","-326","-144","-805","579","3669238","-12074169","59694","31701","-2226","1327","494"
"80462.650","47873","25682","12603","1536","-329","-189","-926","579","3669345","-12074110","59624","31698","-2283","1135","469"
"80463.650","47927","25687","12591","1544","-330","-142","-800","580","3669454","-12074055","59545","31694","-2324","965","472"
"80464.650","47983","25693","12569","1547","-318","-165","-805","579","3669563","-12074004","59494","31691","-2453","760","452"
"80465.650","48044","25700","12543","1552","-301","-152","-909","579","3669672","-12073960","59418","31688","-2717","527","430"
"80466.650","48050","25707","12532","1537","-296","-307","-756","579","3669781","-12073919","59342","31696","-2888","241","450"
"80467.650","48102","25714","12537","1531","-318","-333","-781","579","3669891","-12073883","59257","31694","-2782","2","454"
"80468.650","48201","25720","12534","1500","-326","-361","-895","578","3670001","-12073854","59172","31683","-2675","35834","441"
"80469.650","48252","25727","12527","1513","-329","-271","-918","579","3670111","-12073832","59084","31682","-2744","35605","443"
"80470.650","48308","25736","12519","1523","-331","-223","-692","579","3670221","-12073813","58995","31682","-2948","35337","437"
"80471.650","48351","25741","12511","1512","-338","-401","-717","579","3670331","-12073802","58906","31681","-2974","35066","436"
"80472.650","48407","25748","12495","1537","-332","-285","-727","579","3670440","-12073795","58815","31679","-2842","34824","454"
"80473.650","48483","25757","12493","1532","-346","-301","-670","579","3670549","-12073793","58743","31675","-2688","34630","462"
"80474.650","48534","25762","12493","1551","-357","-342","-734","580","3670658","-12073798","58675","31673","-2544","34428","497"
"80475.650","48589","25768","12469","1564","-350","-305","-1005","580","3670766","-12073809","58597","31670","-2502","34214","524"
"80476.650","48642","25777","12455","1553","-361","-367","-763","580","3670873","-12073822","58517","31670","-2490","34007","543"
"80477.650","48694","25784","12454","1566","-383","-328","-856","580","3670977","-12073843","58450","31670","-2393","33813","571"
"80478.650","48724","25790","12429","1576","-383","-340","-686","581","3671081","-12073867","58385","31671","-2225","33634","617"
"80479.650","48786","25797","12399","1575","-390","-344","-696","581","3671184","-12073899","58243","31668","-2073","33480","653"
"80480.650","48858","25802","12358","1567","-385","-285","-880","581","3671286","-12073932","58143","31661","-2007","33348","650"
"80481.650","48915","25806","12336","1564","-401","-269","-713","581","3671385","-12073970","58044","31656","-1951","33192","655"
"80482.650","48978","25810","12307","1565","-404","-263","-803","581","3671483","-12074009","57969","31649","-1983","33057","627"
"80483.650","49007","25813","12294","1580","-416","-359","-682","582","3671580","-12074053","57896","31648","-1763","32908","636"
"80484.650","49051","25816","12269","1595","-417","-331","-822","582","3671675","-12074101","57798","31643","-1446","32814","644"
"80485.650","49095","25820","12229","1602","-400","-300","-657","582","3671768","-12074150","57705","31640","-1118","32778","648"
"80486.650","49175","25824","12212","1608","-407","-129","-1026","582","3671860","-12074202","57631","31630","-673","32750","619"
"80487.650","49217","25829","12184","1604","-402","-82","-1007","582","3671951","-12074254","57558","31628","-549","32766","593"
"80488.650","49261","25834","12167","1604","-401","-59","-707","582","3672041","-12074310","57489","31626","-440","32744","605"
"80489.650","49327","25837","12151","1594","-403","-48","-622","582","3672131","-12074364","57419","31618","-591","32702","553"
"80490.650","49361","25842","12141","1593","-395","-151","-689","582","3672220","-12074419","57341","31617","-597","32657","561"
"80491.650","49398","25848","12128","1591","-392","-167","-768","582","3672308","-12074475","57239","31618","-453","32612","576"
"80492.650","49445","25855","12102","1583","-378","-170","-732","582","3672397","-12074533","57162","31618","-494","32607","595"
"80493.650","49491","25861","12093","1575","-384","-194","-805","582","3672484","-12074588","57083","31617","-507","32564","604"
"80494.650","49548","25865","12085","1584","-385","-205","-852","581","3672572","-12074648","57006","31612","-576","32509","607"
"80495.650","49597","25871","12066","1579","-382","-252","-940","582","3672658","-12074704","56930","31610","-683","32461","610"
"80496.650","49641","25876","12046","1564","-385","-277","-898","581","3672744","-12074765","56855","31608","-847","32382","618"
"80497.650","49698","25882","12034","1562","-390","-314","-859","581","3672830","-12074825","56782","31605","-1135","32277","616"
"80498.650","49767","25886","12033","1553","-410","-365","-877","581","3672914","-12074887","56709","31598","-1427","32144","563"
"80499.650","49811","25891","12029","1556","-415","-450","-788","581","3672998","-12074949","56634","31596","-1727","31974","548"
"80500.650","49865","25896","12020","1547","-420","-526","-643","581","3673081","-12075013","56552","31592","-2083","31797","504"
"80501.650","49934","25902","12020","1526","-435","-571","-1007","581","3673161","-12075080","56464","31587","-2609","31566","435"
"80502.650","49988","25906","12035","1525","-448","-708","-799","581","3673240","-12075150","56369","31581","-3118","31282","338"
"80503.650","50052","25911","12057","1528","-451","-732","-955","581","3673316","-12075224","56270","31576","-3327","30975","267"
"80504.650","50121","25919","12086","1523","-465","-864","-723","581","3673388","-12075303","56167","31574","-3431","30705","210"
"80505.650","50191","25930","12123","1524","-472","-925","-661","581","3673456","-12075387","56129","31575","-3485","30407","178"
"80506.650","50297","25940","12183","1528","-511","-1020","-699","581","3673521","-12075475","56078","31568","-3525","30126","113"
"80507.650","50401","25951","12234","1534","-511","-894","-742","582","3673581","-12075568","55981","31562","-3560","29838","67"
"80508.650","50483","25962","12289","1544","-511","-959","-818","582","3673637","-12075663","55847","31561","-3442","29526","55"
"80509.650","50600","25972","12362","1569","-514","-939","-658","582","3673687","-12075765","55682","31552","-3209","29275","45"
"80510.650","50714","25979","12430","1584","-520","-891","-919","583","3673734","-12075869","55548","31541","-2961","29046","74"
"80511.650","50859","25989","12500","1608","-511","-743","-945","584","3673777","-12075977","55382","31527","-2735","28842","79"
"80512.650","50993","26001","12562","1620","-505","-693","-740","584","3673816","-12076087","55199","31517","-2784","28625","82"
"80513.650","51102","26011","12610","1613","-521","-676","-738","584","3673850","-12076200","55005","31511","-2857","28370","79"
"80514.650","51226","26021","12639","1593","-510","-628","-816","584","3673879","-12076315","54814","31501","-2921","28131","71"
"80515.650","51333","26032","12668","1573","-513","-692","-889","583","3673905","-12076435","54626","31496","-2834","27885","82"
"80516.650","51480","26046","12700","1552","-526","-596","-722","583","3673925","-12076554","54438","31486","-2758","27695","52"
"80517.650","51563","26054","12751","1551","-548","-627","-776","583","3673942","-12076677","54244","31483","-2485","27488","105"
"80518.650","51705","26067","12802","1559","-558","-511","-609","584","3673954","-12076800","54041","31473","-2388","27340","128"
"80519.650","51833","26079","12840","1551","-568","-477","-781","584","3673963","-12076924","53868","31465","-2487","27142","129"
"80520.650","51932","26089","12878","1552","-566","-508","-899","584","3673968","-12077050","53695","31460","-2615","26899","135"
"80521.650","52030","26099","12927","1569","-565","-589","-822","584","3673969","-12077175","53524","31455","-2610","26677","167"
"80522.650","52149","26109","12974","1590","-542","-549","-821","584","3673966","-12077303","53359","31447","-2532","26462","190"
"80523.650","52274","26121","13003","1592","-540","-461","-818","585","3673958","-12077432","53177","31439","-2677","26260","184"
"80524.650","52378","26129","13030","1594","-554","-531","-858","585","3673947","-12077558","53014","31432","-2799","26028","160"
"80525.650","52489","26136","13062","1599","-535","-558","-742","585","3673931","-12077684","52856","31421","-2655","25807","146"
"80526.650","52593","26142","13080","1590","-529","-485","-729","585","3673910","-12077812","52703","31410","-2546","25630","160"
"80527.650","52686","26149","13091","1576","-528","-579","-679","584","3673885","-12077938","52554","31403","-2563","25429","172"
"80528.650","52766","26156","13117","1585","-524","-512","-696","585","3673857","-12078063","52408","31398","-2454","25202","214"
"80529.650","52856","26168","13110","1572","-546","-485","-759","585","3673823","-12078187","52268","31396","-2679","25003","256"
"80530.650","52962","26176","13116","1580","-578","-675","-694","585","3673787","-12078309","52135","31389","-2799","24759","242"
"80531.650","53064","26185","13099","1566","-610","-538","-724","585","3673745","-12078433","52008","31382","-2943","24536","220"
"80532.650","53118","26188","13083","1565","-664","-614","-625","586","3673699","-12078552","51882","31377","-3334","24243","260"
"80533.650","53233","26192","13076","1568","-705","-674","-604","587","3673648","-12078670","51755","31362","-3362","23982","168"
"80534.650","53328","26201","13073","1561","-715","-651","-658","586","3673592","-12078784","51626","31357","-3285","23725","179"
"80535.650","53431","26209","13087","1559","-714","-633","-897","586","3673531","-12078897","51493","31349","-3545","23467","140"
"80536.650","53483","26215","13117","1550","-672","-808","-682","586","3673466","-12079004","51357","31347","-3396","23099","147"
"80537.650","53525","26221","13124","1543","-648","-714","-695","585","3673396","-12079109","51215","31348","-2930","22850","244"
"80538.650","53598","26225","13117","1518","-623","-679","-870","584","3673321","-12079209","51066","31340","-2732","22640","356"
"80539.650","53750","26230","13087","1495","-622","-513","-683","583","3673241","-12079307","50916","31321","-2603","22425","361"
"80540.650","53788","26236","13047","1467","-629","-542","-705","583","3673157","-12079402","50787","31321","-2928","22162","421"
"80541.650","53882","26240","13027","1452","-606","-396","-836","583","3673070","-12079489","50664","31311","-2832","21880","418"
"80542.650","53965","26246","12995","1449","-616","-474","-629","583","3672979","-12079573","50554","31305","-3039","21659","413"
"80543.650","54007","26251","12967","1441","-613","-503","-792","582","3672884","-12079653","50452","31303","-3052","21363","426"
"80544.650","54070","26257","12931","1427","-612","-455","-779","582","3672787","-12079729","50363","31300","-3370","21082","424"
"80545.650","54088","26260","12916","1415","-587","-468","-671","582","3672686","-12079798","50264","31300","-3588","20713","437"
"80546.650","54139","26265","12880","1418","-588","-531","-752","582","3672583","-12079859","50168","31298","-3930","20359","414"
"80547.650","54177","26270","12864","1429","-573","-704","-745","582","3672476","-12079917","50078","31297","-3993","19971","397"
"80548.650","54234","26272","12845","1397","-539","-613","-675","581","3672366","-12079967","49979","31291","-3744","19642","398"
"80549.650","54330","26276","12816","1370","-526","-603","-646","579","3672254","-12080007","49861","31280","-3604","19357","401"
"80550.650","54435","26281","12798","1358","-518","-475","-746","579","3672140","-12080038","49808","31268","-3598","19070","359"
"80551.650","54476","26285","12786","1350","-509","-603","-694","579","3672024","-12080062","49799","31267","-4012","18718","336"
"80552.650","54524","26285","12793","1312","-479","-629","-590","577","3671907","-12080080","49748","31258","-4266","18288","277"
"80553.650","54588","26285","12776","1296","-477","-815","-621","577","3671788","-12080089","49674","31248","-4247","17899","238"
"80554.650","54642","26292","12742","1287","-498","-954","-688","578","3671669","-12080091","49561","31247","-4155","17539","246"
"80555.650","54722","26297","12721","1254","-511","-802","-708","576","3671550","-12080083","49411","31240","-4129","17159","238"
"80556.650","54773","26302","12721","1246","-501","-986","-723","576","3671430","-12080065","49275","31238","-4049","16763","255"
"80557.650","54894","26310","12717","1236","-495","-892","-581","576","3671311","-12080038","49146","31228","-3876","16444","259"
"80558.650","54982","26317","12715","1238","-489","-938","-716","576","3671193","-12080002","49023","31222","-4034","16102","270"
"80559.650","55052","26321","12731","1234","-464","-987","-610","575","3671077","-12079957","48892","31215","-4118","15690","248"
"80560.650","55116","26324","12725","1216","-465","-994","-658","576","3670962","-12079904","48745","31209","-4032","15313","258"
"80561.650","55217","26333","12701","1215","-477","-933","-796","576","3670851","-12079841","48537","31203","-3894","14972","283"
"80562.650","55327","26341","12687","1233","-474","-1028","-642","576","3670743","-12079769","48332","31195","-4261","14595","272"
"80563.650","55409","26348","12686","1234","-466","-1120","-553","576","3670638","-12079690","48138","31189","-4369","14173","206"
"80564.650","55479","26354","12698","1218","-454","-1020","-894","576","3670537","-12079600","47896","31186","-4374","13765","195"
"80565.650","55562","26362","12700","1221","-444","-1090","-981","575","3670438","-12079505","47763","31182","-4443","13368","188"
"80566.650","55661","26369","12695","1227","-444","-1088","-803","575","3670345","-12079399","47535","31174","-4394","12947","154"
"80567.650","55762","26377","12687","1226","-454","-1068","-550","576","3670256","-12079286","47354","31168","-4343","12563","145"
"80568.650","55861","26385","12704","1210","-456","-1046","-818","575","3670174","-12079167","47169","31161","-4237","12175","152"
"80569.650","55966","26392","12713","1184","-481","-947","-597","575","3670098","-12079043","46993","31153","-4224","11779","151"
"80570.650","56046","26401","12728","1174","-475","-1036","-724","574","3670028","-12078909","46783","31150","-4340","11366","161"
"80571.650","56153","26412","12733","1172","-469","-981","-723","574","3669965","-12078772","46578","31147","-4480","10926","143"
"80572.650","56260","26421","12747","1157","-477","-966","-581","573","3669909","-12078629","46394","31140","-4690","10476","100"
"80573.650","56366","26429","12766","1144","-466","-1048","-727","574","3669861","-12078482","46235","31133","-4683","10025","54"
"80574.650","56476","26435","12786","1131","-475","-931","-584","573","3669818","-12078333","46165","31123","-4739","9591","43"
"80575.650","56594","26441","12800","1132","-463","-924","-575","573","3669785","-12078179","46054","31111","-4749","9147","2"
"80576.650","56737","26447","12825","1125","-459","-1014","-555","574","3669762","-12078023","45922","31096","-4810","8706","-44"
"80577.650","56848","26449","12846","1127","-459","-989","-702","573","3669749","-12077864","45784","31081","-4796","8253","-76"
"80578.650","57006","26452","12863","1142","-486","-814","-840","574","3669744","-12077707","45632","31060","-4745","7829","-111"
"80579.650","57155","26462","12892","1152","-505","-802","-662","575","3669747","-12077549","45466","31048","-4724","7389","-143"
"80580.650","57291","26470","12939","1152","-534","-772","-682","575","3669758","-12077392","45301","31036","-4728","6936","-174"
"80581.650","57454","26477","12981","1161","-562","-726","-688","576","3669779","-12077237","45133","31019","-4785","6482","-204"
"80582.650","57621","26487","13040","1147","-554","-826","-728","576","3669808","-12077084","44954","31006","-4843","6041","-259"
"80583.650","57772","26496","13095","1150","-574","-883","-742","576","3669845","-12076935","44775","30992","-4883","5574","-286"
"80584.650","57930","26505","13133","1184","-594","-838","-660","577","3669891","-12076790","44593","30979","-4849","5101","-319"
"80585.650","58103","26516","13175","1213","-606","-628","-782","578","3669947","-12076652","44469","30965","-4771","4638","-331"
"80586.650","58289","26524","13259","1218","-644","-731","-623","579","3670013","-12076518","44265","30946","-4690","4207","-339"
"80587.650","58502","26537","13358","1214","-685","-577","-695","581","3670088","-12076390","44121","30929","-3660","3881","-321"
"80588.650","58630","26550","13440","1179","-687","-530","-618","579","3670168","-12076272","43996","30925","-3349","3624","-126"
"80589.650","58747","26560","13514","1145","-703","-656","-771","579","3670253","-12076157","43912","30919","-3148","3322","27"
"80590.650","58808","26571","13516","1143","-698","-763","-680","579","3670345","-12076050","43815","30923","-2971","2979","246"
"80591.650","58931","26581","13480","1142","-679","-720","-640","578","3670439","-12075949","43656","30917","-2788","2736","387"
"80592.650","59160","26590","13402","1163","-645","-469","-692","579","3670537","-12075857","43529","30892","-2637","2509","476"
"80593.650","59301","26594","13346","1153","-617","-402","-616","578","3670638","-12075770","43437","30876","-2961","2283","475"
"80594.650","59355","26596","13299","1126","-603","-480","-704","577","3670743","-12075688","43356","30870","-3191","1982","490"
"80595.650","59376","26599","13237","1131","-593","-675","-618","576","3670849","-12075612","43297","30871","-3442","1677","519"
"80596.650","59307","26605","13176","1125","-599","-871","-750","577","3670956","-12075544","43235","30888","-3804","1242","635"
"80597.650","59366","26608","13101","1120","-601","-830","-527","578","3671065","-12075485","43167","30882","-4150","850","613"
"80598.650","59376","26611","13023","1136","-609","-787","-684","577","3671175","-12075434","43101","30885","-4178","439","611"
"80599.650","59405","26615","12934","1129","-601","-813","-682","577","3671286","-12075394","43066","30885","-4173","72","638"
"80600.650","59430","26619","12861","1129","-610","-893","-569","576","3671397","-12075362","43043","30886","-4090","35695","640"
"80601.650","59509","26622","12781","1113","-610","-816","-765","576","3671509","-12075343","43001","30878","-4126","35379","596"
"80602.650","59527","26624","12722","1098","-620","-944","-695","576","3671620","-12075329","42958","30877","-4232","35010","578"
"80603.650","59553","26626","12656","1095","-622","-851","-633","576","3671729","-12075325","42911","30876","-4246","34643","524"
"80604.650","59599","26629","12603","1093","-627","-948","-746","576","3671837","-12075330","42854","30872","-4342","34286","482"
"80605.650","59657","26631","12567","1110","-632","-755","-596","577","3671945","-12075344","42788","30866","-4405","33916","397"
"80606.650","59719","26634","12524","1107","-627","-813","-668","577","3672049","-12075367","42708","30860","-4486","33548","326"
"80607.650","59776","26639","12509","1109","-632","-861","-682","577","3672152","-12075400","42609","30858","-4529","33177","247"
"80608.650","59865","26642","12524","1105","-663","-818","-906","578","3672252","-12075438","42509","30849","-4544","32808","158"
"80609.650","59968","26650","12529","1128","-649","-699","-693","578","3672348","-12075485","42379","30842","-4336","32492","72"
"80610.650","60060","26656","12553","1123","-664","-837","-670","578","3672441","-12075543","42168","30836","-4179","32143","50"
"80611.650","60194","26659","12582","1119","-664","-719","-607","578","3672531","-12075604","41973","30820","-4307","31808","-14"
"80612.650","60297","26655","12587","1106","-633","-509","-792","577","3672618","-12075673","41785","30800","-4463","31421","-91"
"80613.650","60449","26633","12624","1081","-642","-664","-651","577","3672702","-12075750","41607","30753","-4390","31060","-176"
"80614.650","60595","26627","12700","1095","-656","-598","-679","577","3672779","-12075835","41417","30724","-4083","30743","-209"
"80615.650","60743","26641","12779","1092","-687","-742","-650","578","3672851","-12075927","41211","30719","-4058","30427","-214"
"80616.650","60892","26656","12849","1104","-675","-628","-711","578","3672918","-12076023","41005","30715","-4143","30039","-236"
"80617.650","61062","26665","12931","1121","-681","-669","-621","578","3672981","-12076125","40796","30701","-4016","29692","-288"
"80618.650","61258","26671","13035","1153","-691","-628","-631","580","3673038","-12076235","40567","30680","-3883","29386","-289"
"80619.650","61407","26683","13124","1151","-737","-775","-505","580","3673089","-12076347","40340","30672","-4246","29010","-306"
"80620.650","61567","26695","13223","1172","-764","-894","-559","582","3673135","-12076465","40123","30663","-4174","28632","-337"
"80621.650","61671","26708","13288","1184","-742","-769","-558","582","3673173","-12076589","39915","30664","-3689","28253","-207"
"80622.650","61842","26719","13345","1186","-752","-728","-836","582","3673205","-12076715","39707","30652","-3439","27980","-143"
"80623.650","61983","26721","13356","1154","-754","-519","-701","581","3673230","-12076847","39497","30634","-3147","27660","-18"
"80624.650","62083","26722","13371","1142","-811","-574","-767","582","3673249","-12076979","39300","30621","-2671","27430","150"
"80625.650","62238","26726","13354","1125","-845","-476","-656","583","3673261","-12077114","39120","30604","-2443","27255","295"
"80626.650","62384","26738","13326","1113","-847","-454","-545","583","3673268","-12077248","38970","30597","-2256","27074","381"
"80627.650","62512","26744","13284","1102","-850","-300","-616","582","3673269","-12077387","38863","30586","-2438","26880","433"
"80628.650","62576","26751","13258","1111","-836","-285","-629","583","3673266","-12077524","38810","30585","-2881","26603","483"
"80629.650","62589","26752","13223","1129","-846","-557","-763","582","3673256","-12077662","38808","30585","-3573","26238","505"
"80630.650","62616","26770","13177","1143","-860","-876","-590","583","3673241","-12077799","38804","30602","-3831","25836","514"
"80631.650","62641","26776","13112","1142","-825","-585","-636","584","3673220","-12077934","38801","30604","-3976","25464","516"
"80632.650","62663","26774","13056","1153","-829","-628","-679","583","3673192","-12078068","38796","30600","-4096","25074","521"
"80633.650","62702","26785","12995","1165","-836","-763","-645","584","3673156","-12078199","38786","30606","-4195","24717","525"
"80634.650","62736","26773","12923","1163","-851","-824","-564","584","3673113","-12078327","38788","30588","-4209","24336","501"
"80635.650","62782","26780","12848","1161","-870","-676","-632","584","3673063","-12078452","38790","30589","-4231","23985","487"
"80636.650","62773","26782","12813","1185","-868","-812","-550","585","3673005","-12078570","38802","30593","-4209","23599","477"
"80637.650","62829","26787","12746","1186","-868","-816","-557","584","3672941","-12078687","38784","30591","-4050","23230","508"
"80638.650","62961","26800","12742","1209","-828","-765","-619","585","3672871","-12078797","38752","30587","-4108","22961","421"
"80639.650","62968","26798","12681","1185","-822","-540","-841","583","3672795","-12078902","38711","30584","-4229","22560","374"
"80640.650","63045","26801","12609","1189","-877","-503","-940","585","3672714","-12078999","38661","30576","-4332","22230","297"
"80641.650","63092","26805","12591","1212","-879","-710","-699","586","3672627","-12079093","38636","30574","-4217","21887","265"
"80642.650","63165","26811","12560","1206","-874","-726","-761","586","3672536","-12079183","38669","30572","-4249","21515","230"
"80643.650","63210","26821","12542","1215","-874","-720","-640","586","3672440","-12079262","38576","30577","-4401","21122","198"
"80644.650","63220","26826","12538","1253","-865","-909","-669","586","3672340","-12079334","38427","30581","-4478","20650","219"
"80645.650","63370","26832","12517","1254","-857","-787","-583","587","3672233","-12079397","38260","30568","-4344","20305","166"
"80646.650","63471","26838","12501","1262","-856","-813","-625","587","3672123","-12079452","38058","30560","-4262","19928","163"
"80647.650","63558","26848","12482","1272","-865","-701","-543","588","3672010","-12079498","37844","30560","-4498","19531","129"
"80648.650","63643","26858","12511","1272","-821","-565","-750","587","3671893","-12079537","37631","30559","-4510","19073","84"
"80649.650","63757","26871","12499","1265","-817","-564","-677","586","3671776","-12079566","37355","30559","-4453","18668","67"
"80650.650","63829","26879","12496","1286","-811","-908","-701","587","3671657","-12079592","37078","30557","-4279","18251","99"
"80651.650","63946","26887","12494","1288","-795","-973","-704","586","3671537","-12079598","36901","30551","-4220","17865","128"
"80652.650","64010","26895","12508","1266","-762","-1112","-676","586","3671415","-12079592","36761","30551","-4215","17434","177"
"80653.650","64097","26908","12493","1265","-746","-1178","-639","586","3671292","-12079574","36647","30554","-4027","17010","224"
"80654.650","64228","26920","12459","1253","-748","-1081","-786","585","3671170","-12079548","36545","30550","-3892","16650","279"
"80655.650","64328","26929","12419","1240","-756","-945","-552","585","3671050","-12079513","36437","30546","-3960","16266","305"
"80656.650","64421","26936","12385","1245","-747","-1078","-775","584","3670930","-12079471","36370","30542","-4114","15844","319"
"80657.650","64495","26942","12346","1242","-742","-1053","-961","585","3670813","-12079418","36287","30538","-4140","15434","329"
"80658.650","64584","26953","12282","1246","-762","-934","-615","585","3670700","-12079357","36178","30539","-4083","15042","342"
"80659.650","64655","26958","12233","1260","-756","-1075","-636","586","3670591","-12079288","36062","30535","-4122","14644","365"
"80660.650","64735","26965","12184","1267","-755","-842","-967","585","3670486","-12079209","35952","30533","-4239","14245","360"
"80661.650","64830","26970","12097","1250","-817","-892","-773","586","3670386","-12079124","35834","30526","-4295","13798","325"
"80662.650","64907","26978","12047","1224","-843","-921","-849","586","3670290","-12079029","35722","30524","-4322","13366","311"
"80663.650","65011","26985","12050","1187","-826","-798","-728","585","3670201","-12078929","35602","30518","-4361","12964","265"
"80664.650","65113","26996","12020","1190","-809","-1140","-631","585","3670116","-12078822","35484","30516","-4420","12555","222"
"80665.650","65212","27003","11999","1170","-834","-1097","-688","584","3670036","-12078705","35381","30512","-4410","12156","201"
"80666.650","65314","27015","11966","1176","-849","-889","-560","585","3669964","-12078585","35269","30511","-4435","11719","138"
"80667.650","65390","27026","12001","1161","-787","-898","-561","584","3669898","-12078459","35147","30513","-4704","11307","82"
"80668.650","65460","27035","11990","1145","-824","-871","-689","584","3669838","-12078329","35014","30515","-4583","10802","68"
"80669.650","65587","27051","11993","1129","-846","-710","-599","585","3669787","-12078193","34848","30516","-4513","10386","51"
"80670.650","65716","27065","12012","1108","-851","-612","-714","583","3669742","-12078054","34689","30514","-4416","9956","36"
"80671.650","65821","27075","12042","1081","-830","-757","-655","582","3669705","-12077912","34552","30511","-4531","9495","44"
"80672.650","65959","27095","12052","1072","-832","-598","-545","582","3669676","-12077767","34410","30516","-4450","9066","7"
"80673.650","66069","27103","12094","1030","-832","-693","-692","581","3669655","-12077619","34290","30510","-4355","8603","34"
"80674.650","66187","27119","12111","1009","-847","-778","-765","580","3669643","-12077472","34123","30512","-4159","8198","76"
"80675.650","66323","27134","12122","987","-821","-828","-646","580","3669639","-12077324","33959","30512","-4301","7778","108"
"80676.650","66412","27149","12163","936","-827","-788","-670","578","3669645","-12077178","33829","30517","-4427","7285","111"
"80677.650","66469","27161","12219","861","-864","-788","-603","578","3669660","-12077033","33725","30522","-4355","6784","164"
"80678.650","66594","27174","12196","845","-849","-813","-923","578","3669682","-12076892","33603","30521","-4317","6357","226"
"80679.650","66743","27191","12162","852","-863","-637","-633","578","3669711","-12076753","33492","30521","-4229","5922","228"
"80680.650","66876","27202","12160","810","-856","-545","-738","577","3669750","-12076618","33404","30516","-4254","5522","240"
"80681.650","67004","27216","12131","810","-854","-446","-646","577","3669795","-12076490","33327","30515","-4203","5131","237"
"80682.650","67094","27225","12146","784","-898","-278","-907","578","3669847","-12076367","33272","30514","-4192","4707","236"
"80683.650","67204","27236","12108","807","-922","-686","-645","580","3669907","-12076249","33219","30511","-4149","4302","248"
"80684.650","67291","27250","12095","765","-905","-467","-968","576","3669973","-12076138","33155","30515","-3991","3922","265"
"80685.650","67398","27258","12128","672","-904","-171","-658","575","3670044","-12076034","33093","30510","-3797","3622","285"
"80686.650","67495","27268","12087","672","-895","-507","-639","576","3670119","-12075935","33023","30509","-3800","3286","304"
"80687.650","67597","27280","12056","640","-877","-474","-751","573","3670198","-12075845","32949","30509","-3903","2919","301"
"80688.650","67685","27291","12026","681","-909","-658","-723","577","3670281","-12075762","32874","30510","-4046","2531","309"
"80689.650","67763","27298","11997","667","-911","-783","-655","576","3670367","-12075685","32785","30509","-4093","2119","272"
"80690.650","67852","27307","11967","629","-895","-713","-682","574","3670456","-12075618","32688","30506","-4268","1745","258"
"80691.650","67950","27314","11978","588","-918","-644","-742","574","3670546","-12075559","32581","30503","-4307","1362","196"
"80692.650","68048","27326","11969","602","-932","-605","-890","575","3670640","-12075507","32485","30503","-4228","980","162"
"80693.650","68168","27324","11988","556","-956","-643","-952","574","3670736","-12075465","32396","30486","-3964","641","122"
"80694.650","68272","27325","11985","537","-957","-747","-809","574","3670834","-12075432","32303","30474","-3864","322","147"
"80695.650","68359","27322","12001","535","-979","-524","-855","575","3670932","-12075407","32200","30459","-3602","35985","162"
"80696.650","68487","27314","11990","515","-978","-648","-1022","575","3671032","-12075390","32082","30434","-3466","35698","189"
"80697.650","68601","27312","11945","511","-942","-720","-941","573","3671131","-12075383","31971","30417","-3430","35380","202"
"80698.650","68707","27317","11913","521","-920","-723","-981","573","3671231","-12075383","31861","30409","-3560","35045","200"
"80699.650","68767","27325","11898","538","-918","-878","-671","573","3671330","-12075387","31795","30410","-3560","34664","240"
"80700.650","68906","27334","11890","556","-925","-894","-743","574","3671428","-12075402","31745","30403","-3221","34393","225"
"80701.650","68995","27341","11872","565","-922","-816","-705","574","3671526","-12075420","31679","30400","-2778","34155","318"
"80702.650","69097","27350","11824","553","-900","-734","-854","573","3671621","-12075447","31603","30397","-3032","33906","361"
"80703.650","69176","27357","11801","556","-901","-729","-668","572","3671714","-12075480","31523","30394","-3296","33551","356"
"80704.650","69259","27365","11758","549","-895","-677","-953","573","3671807","-12075519","31434","30393","-3308","33226","349"
"80705.650","69331","27373","11727","542","-899","-743","-879","573","3671896","-12075565","31346","30392","-3511","32902","371"
"80706.650","69416","27379","11704","558","-902","-701","-739","574","3671983","-12075620","31272","30389","-3667","32537","339"
"80707.650","69498","27388","11676","586","-889","-583","-991","573","3672067","-12075680","31230","30388","-4013","32159","311"
"80708.650","69572","27394","11666","591","-904","-743","-808","574","3672147","-12075747","31160","30386","-4250","31732","232"
"80709.650","69643","27402","11654","613","-906","-831","-804","575","3672223","-12075823","31068","30386","-4191","31304","202"
"80710.650","69767","27413","11647","626","-903","-718","-900","575","3672294","-12075904","30960","30383","-4094","30961","159"
"80711.650","69873","27418","11665","644","-920","-666","-834","576","3672360","-12075990","30837","30376","-4089","30584","122"
"80712.650","69983","27426","11685","681","-908","-602","-866","576","3672421","-12076083","30702","30370","-4144","30186","74"
"80713.650","70099","27438","11711","713","-903","-545","-936","577","3672475","-12076182","30534","30369","-3994","29800","42"
"80714.650","70224","27450","11734","733","-895","-450","-990","577","3672525","-12076287","30356","30367","-3791","29462","45"
"80715.650","70358","27462","11753","739","-900","-366","-880","577","3672568","-12076395","30167","30364","-3555","29138","54"
"80716.650","70501","27476","11767","734","-910","-307","-934","578","3672604","-12076507","29979","30361","-3647","28814","49"
"80717.650","70638","27488","11794","746","-904","-157","-871","578","3672636","-12076622","29797","30358","-3597","28470","21"
"80718.650","70770","27498","11824","760","-909","-96","-943","578","3672662","-12076740","29613","30353","-3673","28129","14"
"80719.650","70911","27510","11863","783","-893","-26","-931","579","3672682","-12076860","29441","30349","-3705","27781","-11"
"80720.650","71030","27523","11900","803","-891","-50","-731","579","3672696","-12076982","29266","30349","-3769","27411","-13"
"80721.650","71159","27534","11932","820","-876","-59","-986","579","3672704","-12077104","29088","30346","-3698","27058","-13"
"80722.650","71294","27536","11965","838","-873","-96","-1020","580","3672706","-12077230","28925","30331","-3667","26712","-4"
"80723.650","71429","27542","11988","844","-888","-70","-775","580","3672701","-12077356","28779","30321","-3698","26374","0"
"80724.650","71559","27554","12012","857","-892","-245","-856","581","3672690","-12077479","28619","30319","-3734","26015","9"
"80725.650","71675","27567","12022","864","-908","-461","-892","582","3672672","-12077604","28468","30319","-3630","25660","41"
"80726.650","71795","27580","12031","872","-902","-644","-895","582","3672649","-12077729","28295","30318","-3407","25342","96"
"80727.650","71925","27593","12026","875","-907","-722","-865","581","3672619","-12077850","28142","30317","-3278","25037","162"
"80728.650","72030","27605","12026","887","-907","-746","-988","582","3672583","-12077970","28004","30318","-3745","24676","197"
"80729.650","72107","27614","12031","906","-884","-686","-892","582","3672542","-12078089","27867","30319","-4081","24208","200"
"80730.650","72151","27620","12047","961","-880","-1015","-844","583","3672493","-12078203","27735","30320","-4211","23735","237"
"80731.650","72246","27628","12018","971","-868","-1102","-994","582","3672435","-12078314","27635","30317","-4023","23320","278"
"80732.650","72398","27638","11965","962","-871","-1032","-785","584","3672369","-12078414","27565","30310","-3878","22971","305"
"80733.650","72471","27647","11913","952","-868","-1107","-718","583","3672297","-12078512","27486","30311","-4179","22543","337"
"80734.650","72527","27653","11878","950","-842","-1366","-829","582","3672220","-12078607","27399","30311","-4560","22040","308"
"80735.650","72584","27659","11851","952","-802","-1532","-999","581","3672138","-12078692","27284","30311","-4475","21530","301"
"80736.650","72705","27665","11805","923","-770","-1418","-682","579","3672049","-12078770","27136","30303","-4314","21119","314"
"80737.650","72814","27665","11747","905","-769","-1555","-896","580","3671955","-12078839","26919","30289","-4278","20697","316"
"80738.650","72905","27661","11678","866","-772","-1559","-874","578","3671858","-12078902","26720","30275","-4435","20241","300"
"80739.650","72994","27660","11641","840","-753","-1580","-728","577","3671756","-12078953","26530","30263","-4499","19773","252"
"80740.650","73066","27662","11598","839","-752","-1765","-811","577","3671653","-12078995","26382","30256","-4525","19302","258"
"80741.650","73166","27665","11565","842","-749","-1786","-922","577","3671546","-12079028","26252","30248","-4768","18841","210"
"80742.650","73249","27667","11523","813","-751","-1851","-759","577","3671438","-12079053","26103","30241","-4727","18312","161"
"80743.650","73317","27675","11507","801","-732","-1933","-739","575","3671327","-12079067","25958","30241","-4599","17826","187"
"80744.650","73439","27683","11511","795","-696","-1929","-843","575","3671216","-12079068","25828","30235","-4403","17353","205"
"80745.650","73531","27689","11480","802","-689","-1985","-711","575","3671102","-12079057","25727","30231","-4476","16881","258"
"80746.650","73636","27699","11437","796","-695","-1919","-623","574","3670991","-12079035","25603","30231","-4599","16356","264"
"80747.650","73713","27706","11423","797","-662","-1985","-897","574","3670881","-12079003","25416","30228","-4668","15816","257"
"80748.650","73845","27718","11370","802","-669","-1836","-704","574","3670774","-12078959","25230","30226","-4624","15335","253"
"80749.650","73984","27729","11340","797","-662","-1681","-829","574","3670671","-12078905","25027","30222","-4752","14832","239"
"80750.650","74075","27737","11313","791","-656","-1522","-842","574","3670571","-12078842","24895","30220","-4808","14292","188"
"80751.650","74206","27743","11289","775","-658","-1249","-917","574","3670477","-12078768","24768","30212","-4814","13775","157"
"80752.650","74320","27745","11244","765","-695","-976","-792","574","3670388","-12078685","24640","30201","-4882","13240","126"
"80753.650","74445","27750","11218","757","-709","-896","-876","574","3670306","-12078594","24508","30192","-4967","12685","53"
"80754.650","74572","27752","11193","758","-729","-853","-956","575","3670230","-12078493","24375","30179","-5038","12130","8"
"80755.650","74678","27758","11175","759","-747","-948","-773","576","3670160","-12078388","24244","30173","-4971","11568","-28"
"80756.650","74835","27765","11161","767","-758","-874","-829","577","3670100","-12078272","24091","30163","-4964","11035","-57"
"80757.650","74986","27778","11170","767","-765","-937","-779","576","3670048","-12078150","23931","30159","-4930","10491","-84"
"80758.650","75123","27781","11196","751","-786","-845","-923","577","3670005","-12078023","23768","30146","-4770","9937","-101"
"80759.650","75288","27776","11161","798","-826","-747","-925","579","3669969","-12077894","23595","30122","-4954","9384","-94"
"80760.650","75442","27780","11172","802","-875","-677","-1147","580","3669943","-12077760","23427","30109","-4970","8780","-150"
"80761.650","75599","27761","11196","793","-861","-876","-1051","579","3669927","-12077625","23268","30071","-4921","8207","-159"
"80762.650","75794","27742","11246","759","-770","-1132","-707","577","3669922","-12077490","23110","30028","-4720","7757","-144"
"80763.650","75981","27748","11287","743","-741","-1010","-645","575","3669927","-12077355","22958","30013","-4691","7266","-115"
"80764.650","76129","27751","11328","722","-734","-1047","-940","575","3669940","-12077219","22813","30000","-4760","6712","-105"
"80765.650","76295","27744","11349","718","-728","-916","-636","576","3669961","-12077089","22652","29974","-4696","6174","-101"
"80766.650","76445","27734","11378","686","-697","-877","-857","573","3669992","-12076964","22493","29946","-4643","5645","-71"
"80767.650","76612","27719","11383","642","-606","-877","-631","570","3670033","-12076843","22372","29911","-4687","5150","-53"
"80768.650","76754","27701","11396","594","-548","-830","-781","566","3670082","-12076727","22260","29876","-4638","4637","-18"
"80769.650","76916","27702","11363","570","-466","-893","-802","561","3670140","-12076618","22151","29859","-4607","4157","26"
"80770.650","77061","27693","11351","536","-428","-1145","-610","559","3670206","-12076518","22071","29833","-4479","3648","99"
"80771.650","77226","27676","11310","448","-320","-1429","-654","550","3670278","-12076423","21993","29797","-4551","3206","118"
"80772.650","77427","27675","11235","434","-234","-1613","-735","546","3670355","-12076339","21914","29774","-4538","2746","152"
"80773.650","77549","27679","11184","457","-200","-1438","-615","549","3670436","-12076262","21819","29764","-4458","2283","132"
"80774.650","77769","27686","11144","450","-163","-1436","-748","545","3670523","-12076197","21669","29748","-4318","1864","110"
"80775.650","77975","27691","11116","433","-118","-1353","-686","539","3670613","-12076139","21532","29731","-4605","1463","38"
"80776.650","78060","27687","11190","465","-201","-1781","-683","546","3670706","-12076092","21377","29717","-4678","924","-4"
"80777.650","78206","27685","11156","462","-157","-1747","-834","542","3670802","-12076053","21189","29699","-4781","416","-58"
"80778.650","78360","27691","11088","429","-67","-2275","-609","542","3670900","-12076024","21031","29689","-4914","35929","-136"
"80779.650","78492","27701","11008","300","68","-1399","-651","534","3670999","-12076008","20906","29685","-4967","35471","-198"
"80780.650","78721","27718","11005","300","131","-1187","-608","518","3671098","-12076004","20789","29679","-4610","35017","-302"
"80781.650","78863","27727","11031","284","166","-823","-649","530","3671199","-12076013","20638","29674","-4273","34566","-263"
"80782.650","79182","27739","11086","260","199","-14","-688","516","3671299","-12076029","20443","29652","-4000","34258","-353"
"80783.650","79385","27755","11142","418","242","-1028","-616","543","3671398","-12076058","20247","29648","-4167","33728","-313"
"80784.650","79580","27763","11287","370","146","-966","-552","527","3671496","-12076094","20011","29636","-4081","33324","-378"
"80785.650","79756","27770","11407","442","89","-2378","-561","541","3671593","-12076139","19755","29624","-3931","32917","-236"
"80786.650","79983","27794","11380","431","214","-674","-620","543","3671687","-12076193","19500","29626","-3610","32531","-231"
"80787.650","80260","27814","11424","341","191","-545","-642","535","3671777","-12076254","19252","29618","-3619","32224","-337"
"80788.650","80301","27827","11495","346","156","-1344","-653","535","3671864","-12076320","19016","29627","-3850","31765","-97"
"80789.650","80468","27838","11529","358","150","-1721","-730","535","3671948","-12076395","18796","29621","-4052","31279","-40"
"80790.650","80688","27853","11596","444","144","-2132","-672","543","3672026","-12076478","18608","29614","-4164","30780","1"
"80791.650","80903","27867","11638","462","113","-1903","-622","548","3672100","-12076567","18420","29607","-3730","30418","-3"
"80792.650","81067","27882","11670","487","92","-1997","-703","547","3672167","-12076664","18236","29605","-3809","30040","92"
"80793.650","81210","27875","11721","507","-2","-2493","-794","546","3672229","-12076764","18064","29583","-3994","29619","141"
"80794.650","81207","27881","11727","529","-23","-1943","-673","548","3672286","-12076872","17894","29590","-3999","29144","255"
"80795.650","81357","27891","11716","535","-88","-1548","-661","549","3672333","-12076982","17763","29584","-4014","28695","298"
"80796.650","81454","27893","11696","561","-134","-2096","-642","552","3672374","-12077097","17663","29576","-4060","28243","402"
"80797.650","81645","27905","11620","555","-118","-1919","-796","551","3672406","-12077214","17581","29569","-3915","27868","419"
"80798.650","81746","27910","11572","563","-143","-1520","-785","552","3672431","-12077335","17498","29564","-4018","27470","416"
"80799.650","81799","27913","11492","551","-167","-1604","-628","553","3672448","-12077455","17421","29562","-4326","27000","426"
"80800.650","81840","27917","11419","549","-187","-1903","-654","550","3672457","-12077579","17351","29562","-4592","26520","423"
"80801.650","81847","27926","11363","575","-145","-2181","-718","554","3672458","-12077700","17292","29571","-4570","25961","462"
"80802.650","81917","27936","11265","563","-164","-2054","-936","554","3672450","-12077822","17273","29574","-4461","25508","477"
"80803.650","82011","27944","11213","587","-153","-1748","-910","555","3672432","-12077942","17267","29573","-4473","25039","483"
"80804.650","82060","27954","11127","574","-138","-1683","-738","553","3672406","-12078058","17256","29578","-4617","24515","462"
"80805.650","82132","27961","11083","608","-126","-1748","-644","556","3672372","-12078170","17220","29578","-4548","24012","454"
"80806.650","82271","27973","11018","621","-149","-1416","-714","555","3672330","-12078279","17217","29577","-4692","23582","393"
"80807.650","82322","27982","10987","609","-76","-1626","-761","555","3672278","-12078383","17303","29581","-4674","23048","343"
"80808.650","82341","27988","10899","608","-119","-1396","-739","556","3672223","-12078478","17320","29586","-4912","22499","329"
"80809.650","82448","27994","10891","629","-88","-1477","-620","557","3672161","-12078568","17294","29581","-5031","21948","252"
"80810.650","82503","28001","10896","648","-30","-1819","-601","559","3672093","-12078649","17227","29583","-5103","21340","218"
"80811.650","82622","28012","10856","656","-46","-1456","-1096","559","3672018","-12078723","17133","29582","-5154","20797","162"
"80812.650","82754","28026","10798","604","-46","-1559","-705","555","3671935","-12078792","16938","29583","-5111","20225","80"
"80813.650","82892","28040","10795","612","-32","-1834","-635","556","3671849","-12078847","16781","29585","-5230","19659","33"
"80814.650","83030","28047","10818","606","-6","-1453","-781","555","3671759","-12078890","16599","29578","-5250","19068","-50"
"80815.650","83193","28067","10765","654","-84","-1240","-669","561","3671665","-12078920","16378","29582","-5223","18524","-173"
"80816.650","83374","28081","10832","648","-40","-1268","-925","558","3671568","-12078942","16107","29578","-5274","17960","-216"
"80817.650","83492","28108","10924","644","26","-1252","-612","561","3671471","-12078953","15835","29595","-5203","17322","-276"
"80818.650","83659","28136","10981","616","58","-1519","-705","556","3671372","-12078953","15528","29607","-5115","16696","-249"
"80819.650","83853","28147","11022","613","73","-1509","-560","555","3671275","-12078935","15318","29600","-4826","16143","-239"
"80820.650","84037","28173","10995","609","11","-1288","-823","557","3671180","-12078902","15119","29608","-4918","15532","-180"
"80821.650","84217","28185","11025","603","17","-1154","-707","553","3671086","-12078853","14925","29603","-4884","14910","-196"
"80822.650","84391","28203","11035","607","6","-998","-597","554","3670996","-12078792","14737","29604","-5025","14292","-156"
"80823.650","84523","28213","11109","551","57","-1366","-709","551","3670907","-12078720","14532","29601","-5077","13579","-128"
"80824.650","84660","28221","11141","527","88","-1713","-548","550","3670824","-12078639","14376","29596","-5240","12878","-91"
"80825.650","84831","28236","11140","498","69","-1691","-811","549","3670746","-12078543","14199","29595","-5283","12155","-46"
"80826.650","84988","28254","11115","487","55","-2277","-650","550","3670677","-12078439","14024","29598","-5281","11436","-17"
"80827.650","85176","28276","11077","487","30","-2044","-688","541","3670620","-12078329","13872","29602","-5155","10783","34"
"80828.650","85415","28295","11088","441","-5","-1752","-718","543","3670572","-12078208","13711","29599","-5106","10140","39"
"80829.650","85607","28318","11047","463","0","-1598","-692","545","3670537","-12078083","13527","29603","-5255","9509","9"
"80830.650","85740","28333","11050","448","25","-1690","-695","541","3670513","-12077954","13328","29606","-5268","8853","-11"
"80831.650","85877","28348","11081","395","57","-1582","-1061","538","3670501","-12077822","13067","29609","-5203","8207","11"
"80832.650","86030","28360","11027","433","99","-1305","-864","537","3670505","-12077690","12854","29606","-5083","7611","24"
"80833.650","86142","28381","10983","451","104","-1119","-639","549","3670520","-12077559","12691","29617","-5015","6944","88"
"80834.650","86323","28390","10960","427","145","-1597","-638","543","3670546","-12077432","12583","29609","-5120","6330","133"
"80835.650","86416","28387","11002","408","-9","-1241","-749","535","3670582","-12077307","12495","29596","-4879","5643","197"
"80836.650","86585","28400","10974","411","-56","-1151","-682","541","3670628","-12077187","12348","29593","-4802","5005","227"
"80837.650","86761","28409","10964","383","-74","-724","-880","536","3670684","-12077075","12253","29585","-4683","4475","260"
"80838.650","86945","28416","10974","348","-114","-781","-677","533","3670747","-12076973","12194","29575","-4553","3954","286"
"80839.650","86994","28426","10901","394","-126","-918","-831","541","3670817","-12076879","12168","29581","-4702","3364","351"
"80840.650","87099","28433","10849","400","-128","-1014","-624","543","3670893","-12076799","12101","29578","-4671","2777","371"
"80841.650","87223","28434","10818","419","-166","-1042","-875","542","3670975","-12076727","12037","29567","-4691","2247","380"
"80842.650","87291","28433","10858","349","-243","-1330","-612","538","3671062","-12076664","12015","29559","-4841","1670","380"
"80843.650","87360","28433","10851","303","-289","-1765","-715","538","3671153","-12076610","11948","29552","-5080","1087","393"
"80844.650","87514","28427","10860","267","-349","-2142","-913","544","3671245","-12076569","11924","29531","-5017","554","327"
"80845.650","87617","28431","10810","323","-342","-1783","-675","542","3671338","-12076540","11894","29525","-4860","17","313"
"80846.650","87667","28438","10772","381","-340","-2060","-635","548","3671432","-12076523","11852","29528","-4715","35425","319"
"80847.650","87676","28449","10805","373","-405","-1736","-602","553","3671526","-12076518","11782","29538","-4653","34846","394"
"80848.650","87752","28454","10810","360","-445","-1311","-626","554","3671621","-12076523","11727","29536","-4406","34313","428"
"80849.650","87777","28465","10756","393","-427","-2012","-806","553","3671714","-12076547","11659","29545","-4242","33722","612"
"80850.650","87804","28465","10751","414","-473","-2044","-653","560","3671803","-12076579","11599","29543","-4155","33205","752"
"80851.650","87908","28471","10619","343","-434","-1697","-669","552","3671890","-12076619","11590","29539","-4089","32725","837"
"80852.650","87900","28479","10484","329","-373","-1964","-770","548","3671972","-12076670","11588","29548","-4101","32174","999"
"80853.650","87947","28480","10364","342","-335","-2015","-731","546","3672048","-12076733","11586","29544","-3951","31675","1071"
"80854.650","87957","28478","10320","370","-361","-2113","-522","547","3672118","-12076803","11587","29541","-3848","31235","1165"
"80855.650","87967","28457","10352","376","-468","-2274","-782","557","3672184","-12076879","11590","29519","-3720","30820","1210"
"80856.650","87948","28451","10335","307","-525","-1665","-834","557","3672246","-12076962","11624","29515","-3613","30474","1269"
"80857.650","87878","28455","10444","351","-521","-2176","-725","556","3672301","-12077050","11662","29525","-3376","30054","1404"
"80858.650","87925","28447","10549","338","-535","-1994","-634","559","3672352","-12077142","11724","29512","-2994","29796","1388"
"80859.650","87889","28433","10666","319","-584","-2108","-670","558","3672398","-12077239","11803","29501","-2004","29652","1433"
"80860.650","87793","28393","10806","303","-709","-1549","-644","562","3672441","-12077339","11892","29469","-1168","29678","1501"
"80861.650","87711","28387","10819","231","-660","-735","-782","562","3672483","-12077442","11992","29470","-544","29747","1421"
"80862.650","87579","28374","10966","312","-593","-334","-710","561","3672523","-12077548","12103","29470","-25","29729","1453"
"80863.650","87460","28358","11056","346","-493","-108","-562","554","3672564","-12077654","12222","29465","273","29732","1406"
"80864.650","87306","28340","11231","358","-610","-614","-546","567","3672604","-12077760","12331","29460","289","29746","1453"
"80865.650","87159","28331","11282","286","-656","44","-450","564","3672647","-12077867","12459","29466","429","29890","1441"
"80866.650","87016","28324","11396","382","-496","-170","-570","558","3672689","-12077974","12590","29472","785","29931","1438"
"80867.650","86862","28323","11456","383","-458","303","-668","558","3672733","-12078083","12740","29486","929","29936","1445"
"80868.650","86711","28314","11519","387","-400","372","-756","556","3672779","-12078189","12906","29492","940","30044","1474"
"80869.650","86547","28303","11610","395","-423","1188","-704","554","3672826","-12078298","13085","29496","1099","30117","1416"
"80870.650","86388","28286","11688","396","-398","719","-592","553","3672875","-12078405","13263","29493","1227","30245","1449"
"80871.650","86210","28259","11745","347","-432","216","-601","552","3672927","-12078512","13437","29482","1380","30368","1495"
"80872.650","86015","28243","11778","282","-467","-208","-603","551","3672980","-12078615","13611","29485","1384","30543","1557"
"80873.650","85840","28244","11797","312","-359","-41","-646","547","3673036","-12078719","13787","29503","1494","30673","1524"
"80874.650","85668","28237","11849","353","-299","164","-753","544","3673094","-12078822","13965","29513","1633","30705","1464"
"80875.650","85479","28219","11911","392","-240","-42","-708","544","3673155","-12078924","14147","29513","1601","30840","1445"
"80876.650","85292","28200","11981","412","-228","360","-642","546","3673217","-12079024","14324","29512","1676","30909","1432"
"80877.650","85118","28185","12018","359","-253","856","-724","538","3673282","-12079124","14501","29513","1230","31052","1405"
"80878.650","84945","28162","12045","251","-298","596","-780","533","3673349","-12079222","14677","29506","1282","31153","1407"
"80879.650","84761","28140","12004","120","-271","346","-873","523","3673418","-12079319","14853","29502","1025","31314","1417"
"80880.650","84587","28107","12094","105","-308","405","-589","527","3673488","-12079416","15030","29484","980","31376","1366"
"80881.650","84414","28094","12127","93","-253","92","-645","519","3673560","-12079510","15203","29488","1115","31469","1370"
"80882.650","84255","28082","12205","96","-251","-27","-624","521","3673634","-12079608","15375","29491","612","31485","1373"
"80883.650","84063","28056","12305","120","-268","327","-822","526","3673710","-12079702","15546","29482","98","31500","1379"
"80884.650","83889","28051","12388","161","-241","54","-889","523","3673785","-12079795","15720","29495","209","31467","1403"
"80885.650","83731","28038","12501","279","-196","-133","-760","532","3673862","-12079892","15895","29497","346","31480","1355"
"80886.650","83555","28014","12593","307","-218","-62","-799","536","3673940","-12079986","16070","29490","418","31475","1305"
"80887.650","83375","27991","12652","289","-237","-118","-667","530","3674018","-12080080","16243","29483","175","31535","1313"
"80888.650","83207","27979","12627","265","-149","706","-616","523","3674097","-12080175","16414","29488","-45","31493","1257"
"80889.650","83046","27967","12699","287","-127","553","-692","527","3674176","-12080271","16582","29492","-230","31466","1226"
"80890.650","82877","27960","12715","273","-56","177","-564","525","3674256","-12080367","16748","29501","-427","31408","1287"
"80891.650","82706","27948","12866","303","-150","-63","-589","530","3674336","-12080464","16913","29506","-695","31335","1289"
"80892.650","82545","27927","12922","259","-182","-316","-668","530","3674416","-12080564","17081","29501","-884","31318","1269"
"80893.650","82372","27918","12878","225","-64","-881","-759","508","3674495","-12080662","17250","29509","-794","31224","1335"
"80894.650","82193","27908","12946","280","-47","-780","-743","521","3674574","-12080763","17421","29516","-726","31150","1350"
"80895.650","82011","27894","12989","296","-39","-645","-635","524","3674652","-12080865","17596","29520","-694","31088","1374"
"80896.650","81842","27878","13057","280","-106","-797","-852","522","3674729","-12080969","17774","29520","-726","31066","1370"
"80897.650","81652","27864","13092","328","-46","-1036","-718","534","3674807","-12081073","17955","29526","-719","31021","1410"
"80898.650","81455","27852","13112","348","-40","42","-599","535","3674883","-12081179","18142","29533","-550","30931","1385"
"80899.650","81258","27829","13158","330","-101","626","-596","529","3674959","-12081287","18338","29529","-456","30945","1390"
"80900.650","81053","27801","13176","306","-130","1502","-631","528","3675034","-12081394","18542","29521","-451","30932","1409"
"80901.650","80840","27779","13205","302","-140","1623","-659","529","3675108","-12081502","18755","29520","-475","30924","1422"
"80902.650","80636","27759","13334","380","-199","1319","-606","544","3675183","-12081612","18975","29519","-466","30893","1337"
"80903.650","80437","27749","13361","338","-208","-143","-630","536","3675258","-12081721","19193","29530","-329","30913","1319"
"80904.650","80243","27738","13392","360","-166","-213","-625","538","3675332","-12081832","19404","29538","-101","30891","1259"
"80905.650","80066","27747","13424","305","-229","362","-704","541","3675406","-12081942","19609","29566","-255","30894","1237"
"80906.650","79900","27746","13550","323","-331","482","-652","543","3675480","-12082054","19805","29583","-580","30913","1206"
"80907.650","79720","27746","13594","361","-286","-338","-587","541","3675555","-12082167","19992","29602","-302","30850","1257"
"80908.650","79538","27740","13715","424","-373","-320","-639","551","3675629","-12082279","20171","29615","-333","30857","1288"
"80909.650","79362","27754","13831","537","-399","-58","-606","557","3675704","-12082392","20345","29649","-205","30829","1300"
"80910.650","79182","27742","13841","542","-392","-333","-742","558","3675777","-12082508","20531","29655","-146","30810","1316"
"80911.650","78980","27720","13914","570","-472","-104","-692","562","3675851","-12082619","20717","29654","-434","30805","1344"
"80912.650","78781","27747","13942","584","-509","266","-730","563","3675924","-12082736","20906","29704","-633","30763","1369"
"80913.650","78583","27771","13973","601","-559","190","-664","567","3675996","-12082849","21102","29751","-532","30729","1386"
"80914.650","78371","27786","13997","612","-628","262","-699","569","3676069","-12082964","21307","29790","-431","30730","1407"
"80915.650","78151","27783","13954","552","-686","-1","-701","570","3676139","-12083079","21522","29811","-362","30731","1456"
"80916.650","77929","27769","13916","506","-739","-439","-638","570","3676209","-12083194","21749","29820","-481","30753","1485"
"80917.650","77701","27746","13885","513","-739","-890","-644","570","3676279","-12083309","21984","29820","-393","30721","1515"
"80918.650","77467","27735","13840","496","-779","-776","-594","571","3676347","-12083424","22224","29834","-251","30719","1544"
"80919.650","77242","27716","13786","493","-778","-721","-646","571","3676415","-12083538","22468","29838","-160","30748","1536"
"80920.650","77012","27700","13738","470","-817","-584","-819","572","3676484","-12083654","22712","29846","-103","30735","1507"
"80921.650","76799","27696","13732","482","-871","-452","-637","575","3676551","-12083768","22955","29865","-289","30760","1497"
"80922.650","76591","27695","13735","525","-892","-270","-754","576","3676618","-12083882","23191","29888","-276","30734","1421"
"80923.650","76379","27700","13742","570","-921","-279","-663","577","3676685","-12083995","23425","29917","-235","30732","1351"
"80924.650","76195","27715","13747","606","-957","-298","-759","579","3676751","-12084108","23653","29954","-119","30723","1273"
"80925.650","76023","27751","13781","649","-1010","-466","-766","582","3676817","-12084223","23872","30012","-39","30737","1202"
"80926.650","75863","27754","13779","665","-1022","-551","-782","582","3676884","-12084337","24075","30033","38","30749","1127"
"80927.650","75724","27746","13753","673","-988","-501","-822","581","3676950","-12084449","24262","30040","29","30746","1075"
"80928.650","75600","27739","13749","667","-995","-534","-832","581","3677016","-12084565","24439","30047","-82","30740","1054"
"80929.650","75477","27729","13750","656","-1012","-546","-697","581","3677083","-12084678","24625","30050","-59","30743","1081"
"80930.650","75354","27718","13758","669","-1018","-493","-895","582","3677149","-12084792","24808","30052","-41","30748","1112"
"80931.650","75226","27707","13759","678","-1023","-382","-933","582","3677216","-12084906","24984","30055","-109","30742","1127"
"80932.650","75094","27704","13733","665","-1019","27","-963","582","3677283","-12085018","25151","30067","-160","30730","1123"
"80933.650","74968","27702","13688","629","-1007","126","-821","581","3677283","-12085018","25151","30078","-132","30743","1123"
"80934.650","74834","27694","13655","605","-999","367","-761","580","3677349","-12085133","25309","30085","-30","30742","1126"
"80935.650","74703","27696","13589","548","-976","218","-943","577","3677415","-12085247","25457","30102","-7","30761","1112"
"80936.650","74567","27665","13616","572","-994","32","-737","579","3677480","-12085358","25595","30085","-213","30758","1129"
"80937.650","74428","27656","13585","561","-974","443","-732","578","3677546","-12085472","25722","30090","-297","30716","1102"
"80938.650","74296","27661","13545","512","-977","410","-807","577","3677612","-12085585","25842","30112","-255","30713","1101"
"80939.650","74169","27654","13534","503","-971","336","-968","576","3677677","-12085698","25954","30119","-230","30716","1098"
"80940.650","74043","27649","13522","493","-965","216","-962","576","3677742","-12085812","26059","30128","-355","30687","1092"
"80941.650","73916","27648","13497","477","-942","171","-891","575","3677807","-12085927","26111","30142","-451","30649","1087"
"80942.650","73791","27645","13471","468","-910","89","-798","573","3677873","-12086039","26151","30153","-369","30618","1088"
"80943.650","73672","27648","13445","455","-881","14","-799","572","3677938","-12086153","26248","30170","-275","30598","1086"
"80944.650","73560","27649","13417","449","-838","-92","-924","570","3678002","-12086268","26362","30184","-275","30579","1084"
"80945.650","73449","27645","13413","445","-832","-225","-838","570","3678066","-12086383","26481","30193","-339","30556","1083"
"80946.650","73337","27660","13436","473","-825","-154","-593","570","3678130","-12086499","26600","30223","-368","30526","1069"
"80947.650","73224","27655","13448","498","-808","-32","-740","570","3678193","-12086615","26720","30230","-343","30481","1054"
"80948.650","73117","27652","13461","522","-788","83","-738","569","3678256","-12086730","26838","30240","-296","30469","1046"
"80949.650","73009","27643","13469","534","-774","27","-760","569","3678319","-12086849","26955","30243","-195","30442","1041"
"80950.650","72907","27635","13487","551","-769","21","-858","570","3678381","-12086963","27070","30246","-100","30462","1043"
"80951.650","72807","27628","13494","559","-756","160","-769","570","3678444","-12087081","27184","30250","-140","30433","1026"
"80952.650","72703","27615","13503","550","-767","-53","-782","570","3678506","-12087198","27298","30248","-173","30438","1021"
"80953.650","72601","27606","13500","548","-749","246","-779","568","3678569","-12087317","27411","30250","-26","30425","1014"
"80954.650","72504","27600","13513","541","-764","192","-880","569","3678631","-12087434","27521","30255","-3","30449","1010"
"80955.650","72402","27587","13513","519","-772","171","-824","568","3678693","-12087552","27631","30254","-3","30469","1010"
"80956.650","72306","27585","13536","508","-810","202","-827","570","3678756","-12087669","27740","30263","-110","30462","1015"
"80957.650","72213","27577","13594","526","-858","-206","-804","572","3678819","-12087787","27849","30265","-203","30474","1000"
"80958.650","72116","27572","13598","503","-875","-388","-731","572","3678881","-12087904","27958","30271","-120","30471","1002"
"80959.650","72024","27569","13600","482","-892","-385","-837","573","3678944","-12088023","28064","30279","-37","30497","990"
"80960.650","71933","27570","13638","520","-877","-309","-846","572","3679006","-12088143","28169","30291","93","30507","964"
"80961.650","71847","27573","13645","504","-885","-326","-852","572","3679069","-12088262","28272","30305","171","30512","949"
"80962.650","71766","27554","13669","511","-882","-376","-711","573","3679131","-12088378","28374","30293","158","30547","943"
"80963.650","71687","27533","13709","529","-893","-462","-869","573","3679195","-12088497","28473","30280","-81","30520","932"
"80964.650","71615","27524","13726","514","-906","-585","-970","573","3679258","-12088616","28568","30278","-272","30515","923"
"80965.650","71534","27514","13746","515","-902","-507","-840","573","3679321","-12088736","28659","30278","-280","30482","912"
"80966.650","71459","27512","13766","508","-907","-312","-860","573","3679386","-12088854","28747","30285","-254","30481","899"
"80967.650","71384","27514","13797","520","-901","-25","-851","574","3679449","-12088974","28831","30295","-183","30460","888"
"80968.650","71311","27498","13809","509","-895","299","-1013","573","3679512","-12089094","28911","30287","-162","30462","873"
"80969.650","71239","27490","13839","518","-883","198","-742","573","3679576","-12089215","28988","30287","-178","30451","876"
"80970.650","71163","27498","13823","479","-864","-137","-798","571","3679640","-12089335","29068","30305","-206","30431","909"
"80971.650","71080","27501","13820","431","-890","-303","-757","571","3679702","-12089456","29149","30319","-244","30438","941"
"80972.650","71008","27493","13885","461","-931","-242","-774","573","3679766","-12089577","29234","30318","-205","30442","938"
"80973.650","70927","27483","13901","431","-956","-95","-864","573","3679829","-12089700","29319","30317","-151","30447","940"
"80974.650","70843","27472","13889","410","-912","-172","-986","571","3679892","-12089821","29405","30315","-74","30463","949"
"80975.650","70754","27463","13913","413","-905","-232","-947","571","3679956","-12089944","29493","30317","35","30452","957"
"80976.650","70657","27455","13960","431","-922","-273","-885","572","3680019","-12090067","29584","30320","71","30471","962"
"80977.650","70566","27447","13996","440","-934","-69","-733","573","3680082","-12090190","29678","30322","97","30488","964"
"80978.650","70479","27436","14048","477","-942","144","-753","573","3680146","-12090313","29774","30320","119","30493","957"
"80979.650","70391","27424","14079","490","-960","165","-918","574","3680210","-12090436","29874","30317","141","30521","936"
"80980.650","70307","27416","14083","492","-946","186","-838","574","3680274","-12090558","29977","30319","226","30540","923"
"80981.650","70215","27407","14104","499","-951","135","-787","574","3680338","-12090682","30081","30320","269","30562","933"
"80982.650","70125","27397","14122","501","-962","385","-701","575","3680403","-12090803","30187","30320","329","30586","930"
"80983.650","70037","27388","14135","494","-972","363","-659","575","3680469","-12090927","30291","30322","349","30630","926"
"80984.650","69948","27381","14138","485","-969","327","-661","574","3680535","-12091049","30394","30324","440","30673","924"
"80985.650","69860","27373","14167","500","-977","379","-885","575","3680601","-12091171","30498","30327","571","30704","912"
"80986.650","69784","27364","14190","496","-999","522","-786","575","3680669","-12091292","30600","30327","622","30764","894"
"80987.650","69706","27359","14191","485","-987","429","-793","575","3680736","-12091413","30702","30331","237","30787","890"
"80988.650","69617","27346","14205","476","-1012","395","-812","576","3680806","-12091534","30802","30327","-34","30778","866"
"80989.650","69539","27339","14214","483","-1008","499","-786","576","3680875","-12091653","30899","30329","5","30775","860"
"80990.650","69465","27328","14219","502","-1002","481","-810","576","3680945","-12091773","30997","30327","28","30785","818"
"80991.650","69391","27322","14221","497","-1013","333","-784","576","3681015","-12091892","31091","30328","-153","30779","825"
"80992.650","69316","27316","14191","470","-1000","210","-688","575","3681084","-12092012","31183","30332","-255","30746","837"
"80993.650","69242","27308","14187","461","-1014","383","-655","575","3681154","-12092131","31270","30332","-223","30751","859"
"80994.650","69172","27299","14204","482","-1019","269","-727","576","3681224","-12092251","31353","30330","-150","30750","867"
"80995.650","69100","27292","14202","498","-1009","409","-745","576","3681293","-12092372","31431","30332","-91","30742","880"
"80996.650","69026","27284","14183","501","-990","534","-677","575","3681363","-12092491","31516","30332","-139","30728","886"
"80997.650","68949","27278","14156","496","-965","509","-829","574","3681432","-12092612","31601","30335","-205","30726","881"
"80998.650","68863","27269","14144","489","-968","384","-770","574","3681501","-12092731","31688","30337","-161","30702","904"
"80999.650","68782","27263","14101","462","-948","477","-723","572","3681570","-12092852","31776","30339","-148","30712","897"
"81000.650","68703","27255","14106","459","-951","544","-740","573","3681639","-12092971","31866","30341","-135","30700","894"
"81001.650","68623","27247","14123","463","-960","237","-768","573","3681707","-12093090","31957","30342","-219","30705","907"
"81002.650","68538","27238","14137","469","-969","212","-691","573","3681776","-12093212","32051","30342","-156","30689","913"
"81003.650","68459","27228","14146","483","-961","261","-716","573","3681844","-12093331","32148","30341","-97","30691","906"
"81004.650","68374","27219","14131","459","-964","149","-747","572","3681912","-12093451","32244","30342","-62","30694","922"
"81005.650","68291","27211","14145","467","-980","239","-796","574","3681981","-12093573","32340","30344","-44","30698","930"
"81006.650","68211","27201","14167","503","-968","84","-610","573","3682049","-12093692","32437","30343","-27","30706","916"
"81007.650","68120","27193","14161","506","-957","107","-633","574","3682117","-12093814","32535","30346","-9","30692","928"
"81008.650","68042","27185","14165","507","-967","163","-814","575","3682186","-12093933","32632","30347","-76","30701","925"
"81009.650","67967","27178","14164","527","-942","214","-842","574","3682255","-12094055","32731","30348","-15","30697","876"
"81010.650","67889","27173","14189","554","-946","49","-553","575","3682322","-12094175","32827","30352","57","30703","851"
"81011.650","67821","27164","14187","546","-944","256","-652","574","3682391","-12094295","32923","30352","267","30724","812"
"81012.650","67759","27156","14199","558","-928","393","-830","574","3682460","-12094416","33016","30350","540","30774","791"
"81013.650","67695","27151","14205","550","-928","386","-710","574","3682529","-12094535","33104","30353","758","30830","792"
"81014.650","67638","27147","14241","584","-931","452","-682","575","3682599","-12094654","33184","30355","747","30905","769"
"81015.650","67586","27141","14263","610","-919","383","-645","574","3682669","-12094773","33253","30356","806","30936","764"
"81016.650","67525","27135","14272","602","-930","261","-686","575","3682740","-12094891","33310","30356","707","31000","793"
"81017.650","67472","27128","14270","576","-943","346","-663","574","3682814","-12095008","33361","30355","529","31040","804"
"81018.650","67409","27121","14279","560","-963","113","-627","575","3682887","-12095124","33420","30356","402","31085","827"
"81019.650","67339","27116","14270","563","-943","396","-764","574","3682962","-12095240","33483","30359","325","31094","860"
"81020.650","67279","27109","14279","589","-927","308","-686","573","3683038","-12095353","33548","30359","171","31093","864"
"81021.650","67209","27103","14281","585","-935","-3","-711","573","3683114","-12095467","33616","30361","180","31114","889"
"81022.650","67148","27100","14288","608","-920","96","-774","573","3683189","-12095581","33686","30366","241","31126","861"
"81023.650","67084","27091","14311","643","-903","223","-630","574","3683266","-12095694","33762","30364","201","31142","789"
"81024.650","67011","27084","14304","606","-916","156","-757","573","3683343","-12095808","33841","30366","193","31152","806"
"81025.650","66952","27077","14338","621","-932","92","-576","575","3683421","-12095921","33918","30366","150","31181","809"
"81026.650","66893","27069","14349","641","-909","12","-728","574","3683498","-12096032","33993","30365","198","31173","816"
"81027.650","66831","27067","14394","659","-941","207","-725","577","3683576","-12096145","34067","30370","171","31209","802"
"81028.650","66771","27058","14419","672","-944","296","-708","576","3683655","-12096257","34140","30368","228","31214","804"
"81029.650","66713","27057","14416","667","-928","21","-814","576","3683733","-12096368","34214","30374","280","31251","804"
"81030.650","66651","27049","14448","671","-961","119","-594","577","3683813","-12096481","34287","30374","335","31271","811"
"81031.650","66595","27043","14470","695","-959","136","-708","578","3683892","-12096592","34358","30374","336","31311","818"
"81032.650","66543","27035","14480","723","-933","59","-726","576","3683972","-12096702","34431","30371","405","31316","787"
"81033.650","66481","27033","14452","677","-931","237","-575","577","3684052","-12096814","34505","30377","274","31366","801"
"81034.650","66418","27026","14493","725","-927","226","-625","575","3684133","-12096923","34577","30378","338","31375","820"
"81035.650","66355","27018","14492","710","-938","139","-825","578","3684214","-12097032","34650","30377","387","31402","836"
"81036.650","66283","27014","14515","746","-928","72","-995","577","3684296","-12097142","34725","30382","232","31420","854"
"81037.650","66213","27003","14511","748","-925","205","-672","577","3684379","-12097250","34803","30379","81","31419","851"
"81038.650","66143","27005","14513","749","-925","232","-724","577","3684462","-12097357","34882","30390","-13","31426","849"
"81039.650","66077","26998","14545","796","-922","219","-614","578","3684544","-12097466","34963","30391","54","31412","835"
"81040.650","66010","26994","14539","803","-904","288","-557","578","3684627","-12097572","35047","30395","100","31432","823"
"81041.650","65950","26989","14566","841","-896","256","-811","579","3684710","-12097680","35133","30398","84","31429","801"
"81042.650","65888","26984","14572","838","-899","248","-1009","578","3684794","-12097788","35214","30400","-165","31417","795"
"81043.650","65823","26977","14598","848","-915","327","-723","579","3684878","-12097895","35294","30401","-120","31404","791"
"81044.650","65769","26971","14605","859","-901","201","-907","579","3684962","-12098001","35373","30402","-48","31410","778"
"81045.650","65705","26965","14609","858","-894","284","-646","579","3685045","-12098110","35450","30403","23","31420","780"
"81046.650","65652","26960","14609","860","-878","423","-659","579","3685129","-12098216","35524","30404","31","31425","755"
"81047.650","65588","26969","14619","858","-873","451","-567","578","3685213","-12098323","35595","30423","-9","31425","763"
"81048.650","65532","26979","14639","913","-826","509","-622","579","3685297","-12098430","35664","30441","49","31394","748"
"81049.650","65475","26960","14662","914","-842","545","-723","579","3685381","-12098538","35730","30427","51","31408","764"
"81050.650","65421","26964","14676","903","-857","614","-690","578","3685466","-12098645","35793","30440","-13","31428","754"
"81051.650","65370","26960","14723","970","-836","461","-688","580","3685551","-12098751","35859","30442","71","31409","749"
"81052.650","65320","26957","14681","925","-806","470","-587","578","3685636","-12098860","35925","30444","35","31425","750"
"81053.650","65268","26972","14707","995","-745","216","-768","579","3685721","-12098967","35991","30469","4","31417","742"
"81054.650","65210","26965","14745","1047","-734","534","-951","580","3685806","-12099073","36055","30469","0","31364","741"
"81055.650","65161","26962","14758","1037","-742","407","-754","580","3685892","-12099180","36119","30472","-67","31396","737"
"81056.650","65105","26957","14796","1064","-750","508","-684","580","3685978","-12099286","36182","30473","-4","31378","740"
"81057.650","65055","26952","14798","1089","-709","473","-684","580","3686064","-12099395","36245","30475","63","31381","745"
"81058.650","64997","26949","14822","1106","-711","471","-654","581","3686149","-12099502","36308","30479","40","31378","761"
"81059.650","64945","26936","14827","1097","-714","513","-745","581","3686235","-12099610","36372","30471","48","31388","745"
"81060.650","64887","26938","14824","1093","-699","614","-661","580","3686322","-12099716","36437","30481","3","31405","753"
"81061.650","64833","26936","14896","1172","-707","381","-797","583","3686408","-12099824","36504","30486","-2","31381","773"
"81062.650","64770","26928","14895","1181","-690","300","-762","583","3686495","-12099930","36572","30486","-73","31373","787"
"81063.650","64710","26925","14902","1189","-687","260","-952","582","3686582","-12100035","36642","30490","-76","31365","796"
"81064.650","64662","26918","14914","1214","-677","206","-850","583","3686669","-12100142","36712","30489","-64","31370","791"
"81065.650","64610","26914","14918","1227","-673","317","-700","584","3686756","-12100250","36783","30491","-77","31361","724"
"81066.650","64556","26916","14935","1226","-691","270","-662","584","3686843","-12100356","36858","30501","-353","31345","692"
"81067.650","64511","26918","14954","1232","-694","103","-760","584","3686930","-12100464","36929","30509","-335","31316","660"
"81068.650","64464","26920","14958","1210","-707","45","-736","583","3687017","-12100571","36997","30518","-242","31318","702"
"81069.650","64418","26925","14980","1214","-723","160","-641","584","3687103","-12100679","37060","30530","-129","31318","720"
"81070.650","64377","26920","15004","1239","-724","187","-668","584","3687190","-12100785","37119","30530","-44","31326","727"
"81071.650","64324","26920","15014","1242","-731","160","-850","584","3687276","-12100894","37172","30537","16","31336","748"
"81072.650","64278","26931","15017","1258","-722","59","-564","584","3687363","-12101002","37228","30556","33","31338","762"
"81073.650","64233","26928","15008","1240","-730","-101","-853","584","3687449","-12101110","37287","30559","-79","31357","754"
"81074.650","64174","26925","15011","1228","-748","-209","-719","584","3687536","-12101218","37347","30563","-112","31345","771"
"81075.650","64128","26915","15009","1239","-740","-307","-713","584","3687623","-12101326","37410","30557","-121","31351","740"
"81076.650","64081","26906","15003","1251","-730","-360","-803","585","3687709","-12101435","37474","30554","-112","31337","699"
"81077.650","64041","26899","14998","1235","-739","-417","-690","584","3687796","-12101541","37535","30552","-87","31338","684"
"81078.650","63999","26889","15030","1239","-744","-476","-629","584","3687882","-12101650","37595","30546","-31","31340","687"
"81079.650","63963","26882","15067","1239","-736","-506","-813","584","3687969","-12101757","37651","30542","-2","31346","694"
"81080.650","63931","26879","15115","1226","-739","-409","-607","584","3688055","-12101866","37703","30544","26","31350","671"
"81081.650","63900","26877","15163","1222","-732","-484","-716","584","3688142","-12101974","37751","30545","36","31363","661"
"81082.650","63869","26872","15212","1210","-726","-536","-660","583","3688230","-12102082","37794","30545","-46","31356","650"
"81083.650","63841","26861","15304","1247","-722","-576","-575","584","3688318","-12102191","37833","30536","-68","31353","614"
"81084.650","63814","26856","15369","1246","-722","-545","-775","584","3688406","-12102301","37868","30534","-38","31344","616"
"81085.650","63793","26852","15437","1239","-726","-486","-918","584","3688495","-12102412","37899","30532","-77","31349","555"
"81086.650","63772","26849","15509","1228","-732","-452","-878","584","3688584","-12102523","37927","30532","-38","31344","529"
"81087.650","63766","26847","15593","1234","-732","-461","-641","584","3688674","-12102635","37950","30530","-31","31348","504"
"81088.650","63757","26842","15689","1252","-746","-429","-828","585","3688765","-12102745","37966","30526","-93","31346","456"
"81089.650","63760","26840","15758","1257","-733","-364","-646","585","3688855","-12102859","37975","30523","-205","31333","417"
"81090.650","63768","26839","15840","1267","-735","-354","-771","585","3688947","-12102972","37976","30521","-328","31319","387"
"81091.650","63780","26838","15911","1268","-738","-393","-779","585","3689039","-12103086","37968","30518","-269","31299","415"
"81092.650","63795","26838","15984","1266","-743","-126","-783","585","3689130","-12103202","37950","30515","-201","31301","362"
"81093.650","63817","26840","16054","1272","-727","-48","-563","585","3689222","-12103316","37928","30515","-178","31294","318"
"81094.650","63841","26841","16126","1271","-721","-43","-603","585","3689315","-12103432","37899","30513","-280","31280","318"
"81095.650","63866","26843","16206","1275","-719","4","-631","585","3689408","-12103550","37865","30512","-251","31266","346"
"81096.650","63872","26845","16272","1272","-727","-4","-724","585","3689501","-12103669","37827","30514","-211","31260","467"
"81097.650","63867","26848","16327","1269","-740","95","-697","585","3689594","-12103787","37801","30517","-156","31258","537"
"81098.650","63853","26850","16360","1279","-727","171","-731","586","3689687","-12103907","37778","30522","-112","31258","601"
"81099.650","63832","26850","16393","1280","-738","278","-594","585","3689781","-12104029","37768","30524","-45","31267","575"
"81100.650","63793","26848","16426","1273","-756","447","-638","585","3689874","-12104148","37773","30527","63","31277","557"
"81101.650","63759","26847","16449","1271","-753","589","-680","585","3689968","-12104270","37796","30531","174","31297","551"
"81102.650","63729","26850","16475","1253","-756","558","-688","585","3690062","-12104390","37832","30539","255","31324","568"
"81103.650","63695","26848","16524","1244","-767","616","-871","585","3690157","-12104510","37878","30541","297","31350","576"
"81104.650","63661","26845","16573","1247","-770","618","-743","585","3690252","-12104631","37930","30542","300","31374","577"
"81105.650","63617","26845","16613","1239","-765","669","-700","585","3690348","-12104753","37987","30548","269","31392","589"
"81106.650","63576","26843","16659","1232","-757","653","-677","585","3690445","-12104872","38045","30552","226","31409","595"
"81107.650","63534","26840","16711","1225","-757","639","-656","584","3690542","-12104995","38106","30554","235","31422","579"
"81108.650","63488","26836","16769","1220","-769","683","-594","584","3690640","-12105114","38166","30556","300","31448","556"
"81109.650","63450","26833","16842","1227","-780","655","-680","585","3690738","-12105233","38229","30558","112","31460","442"
"81110.650","63434","26831","16909","1223","-775","463","-602","584","3690838","-12105355","38283","30558","3","31452","360"
"81111.650","63450","26834","16976","1204","-772","353","-575","584","3690938","-12105475","38331","30558","-60","31451","341"
"81112.650","63465","26836","17051","1197","-764","257","-741","584","3691038","-12105597","38366","30558","-117","31447","357"
"81113.650","63472","26836","17133","1203","-759","321","-931","584","3691139","-12105719","38387","30558","-36","31445","371"
"81114.650","63478","26837","17209","1206","-753","293","-1009","583","3691241","-12105841","38399","30558","13","31456","387"
"81115.650","63478","26837","17282","1200","-759","267","-637","583","3691343","-12105964","38399","30558","53","31463","409"
"81116.650","63475","26836","17349","1197","-757","250","-736","583","3691445","-12106086","38392","30557","95","31476","392"
"81117.650","63476","26835","17413","1188","-755","237","-699","583","3691549","-12106211","38379","30556","-23","31477","375"
"81118.650","63473","26834","17483","1180","-759","153","-829","583","3691652","-12106339","38373","30555","-185","31468","363"
"81119.650","63478","26834","17551","1179","-754","122","-741","583","3691757","-12106461","38365","30555","-129","31464","355"
"81120.650","63485","26836","17622","1172","-760","84","-832","583","3691861","-12106588","38358","30557","-24","31467","350"
"81121.650","63493","26839","17700","1177","-763","90","-713","583","3691966","-12106715","38349","30558","-17","31476","348"
"81122.650","63491","26838","17776","1176","-772","121","-668","583","3692072","-12106842","38336","30558","-21","31476","348"
"81123.650","63494","26838","17843","1176","-770","112","-705","583","3692178","-12106969","38320","30557","-50","31480","361"
"81124.650","63492","26838","17908","1173","-775","85","-664","583","3692285","-12107098","38304","30558","-92","31478","384"
"81125.650","63490","26840","17977","1189","-772","97","-787","583","3692392","-12107227","38293","30560","-144","31466","401"
"81126.650","63482","26843","18034","1209","-754","94","-682","584","3692499","-12107356","38285","30564","-195","31449","417"
"81127.650","63467","26843","18078","1214","-741","137","-699","584","3692606","-12107486","38280","30566","-194","31441","430"
"81128.650","63451","26844","18113","1201","-734","129","-778","583","3692715","-12107616","38282","30570","-160","31432","443"
"81129.650","63433","26844","18156","1185","-741","-7","-757","583","3692822","-12107748","38291","30572","-188","31436","443"
"81130.650","63405","26841","18213","1192","-749","7","-620","583","3692931","-12107879","38308","30572","-237","31426","442"
"81131.650","63384","26838","18270","1204","-753","-19","-588","583","3693039","-12108011","38332","30572","-258","31412","436"
"81132.650","63364","26836","18323","1189","-779","-52","-573","583","3693147","-12108145","38361","30573","-269","31411","433"
"81133.650","63339","26832","18372","1175","-797","-43","-713","583","3693256","-12108279","38392","30571","-250","31404","430"
"81134.650","63323","26828","18412","1183","-782","-139","-604","584","3693364","-12108411","38423","30569","-283","31390","425"
"81135.650","63304","26826","18459","1175","-794","-134","-618","583","3693472","-12108548","38450","30570","-318","31375","420"
"81136.650","63288","26824","18506","1173","-797","-177","-649","583","3693581","-12108682","38475","30569","-292","31368","417"
"81137.650","63272","26820","18556","1180","-798","-180","-771","584","3693690","-12108819","38498","30567","-276","31355","411"
"81138.650","63262","26818","18575","1170","-767","-204","-602","583","3693798","-12108955","38520","30566","-310","31350","384"
"81139.650","63251","26818","18639","1189","-769","-190","-757","583","3693907","-12109094","38539","30568","-371","31323","370"
"81140.650","63251","26821","18684","1178","-774","-154","-679","583","3694016","-12109230","38556","30571","-350","31315","356"
"81141.650","63259","26821","18709","1142","-770","-350","-603","582","3694124","-12109369","38571","30570","-995","31266","353"
"81142.650","63257","26820","18756","1122","-787","-817","-582","582","3694233","-12109509","38582","30569","-1906","31152","359"
"81143.650","63251","26817","18797","1126","-785","-952","-612","582","3694341","-12109651","38588","30567","-2352","31010","372"
"81144.650","63251","26812","18842","1137","-779","-1004","-596","582","3694447","-12109794","38587","30561","-2333","30892","344"
"81145.650","63245","26808","18885","1133","-783","-875","-626","582","3694552","-12109941","38583","30557","-2312","30780","315"
"81146.650","63252","26806","18934","1130","-791","-807","-722","582","3694653","-12110090","38576","30554","-2362","30669","295"
"81147.650","63267","26803","18983","1127","-794","-793","-798","582","3694752","-12110245","38563","30548","-2372","30545","293"
"81148.650","63286","26803","19030","1124","-795","-679","-840","582","3694849","-12110401","38545","30546","-2254","30424","302"
"81149.650","63294","26802","19074","1132","-785","-532","-603","582","3694944","-12110559","38524","30544","-2171","30306","337"
"81150.650","63294","26800","19113","1125","-792","-545","-763","582","3695036","-12110721","38509","30541","-2213","30197","327"
"81151.650","63292","26798","19152","1119","-797","-412","-781","582","3695125","-12110888","38499","30540","-2290","30074","334"
"81152.650","63294","26798","19193","1123","-800","-361","-537","582","3695210","-12111056","38493","30539","-2165","29957","346"
"81153.650","63288","26797","19232","1125","-802","-289","-675","582","3695294","-12111228","38488","30539","-2063","29863","340"
"81154.650","63287","26797","19263","1127","-786","-264","-791","582","3695374","-12111400","38485","30539","-2060","29766","320"
"81155.650","63295","26798","19299","1122","-786","-199","-751","582","3695452","-12111575","38486","30539","-2008","29677","300"
"81156.650","63300","26798","19333","1107","-800","-180","-611","582","3695527","-12111754","38486","30538","-2107","29567","300"
"81157.650","63305","26799","19365","1107","-777","-115","-660","581","3695601","-12111935","38479","30539","-2027","29472","287"
"81158.650","63314","26800","19408","1112","-764","17","-593","581","3695670","-12112116","38471","30538","-1967","29384","269"
"81159.650","63328","26800","19448","1104","-768","-16","-775","581","3695738","-12112303","38462","30537","-1812","29294","264"
"81160.650","63345","26802","19485","1105","-745","43","-609","581","3695803","-12112488","38449","30537","-1743","29216","259"
"81161.650","63363","26804","19519","1086","-759","17","-834","581","3695866","-12112676","38434","30536","-1845","29127","254"
"81162.650","63384","26806","19553","1077","-754","-12","-686","580","3695927","-12112866","38414","30536","-1715","29039","257"
"81163.650","63404","26808","19586","1074","-729","45","-591","579","3695985","-12113058","38394","30535","-1571","28970","259"
"81164.650","63420","26810","19620","1069","-711","177","-829","580","3696041","-12113251","38369","30535","-1546","28898","259"
"81165.650","63437","26817","19666","1076","-699","247","-708","579","3696094","-12113447","38340","30541","-1659","28814","253"
"81166.650","63454","26817","19713","1076","-709","263","-747","580","3696146","-12113642","38311","30538","-1584","28735","261"
"81167.650","63467","26815","19735","1054","-719","188","-613","579","3696195","-12113840","38283","30535","-1442","28656","298"
"81168.650","63475","26817","19784","1096","-620","410","-686","578","3696243","-12114038","38256","30536","-1315","28607","269"
"81169.650","63482","26816","19818","1089","-633","316","-651","578","3696288","-12114241","38235","30533","-1155","28549","284"
"81170.650","63494","26818","19850","1095","-595","252","-543","577","3696331","-12114440","38216","30534","-707","28519","291"
"81171.650","63496","26818","19883","1091","-619","374","-755","578","3696373","-12114645","38199","30534","-585","28497","317"
"81172.650","63494","26817","19910","1107","-552","335","-852","578","3696413","-12114847","38185","30534","-488","28481","330"
"81173.650","63480","26817","19946","1143","-443","362","-865","577","3696453","-12115052","38173","30535","-479","28466","279"
"81174.650","63491","26821","19986","1144","-468","266","-796","578","3696492","-12115254","38163","30538","-387","28447","266"
"81175.650","63503","26821","20007","1134","-458","288","-752","577","3696530","-12115460","38154","30537","-409","28431","265"
"81176.650","63516","26830","20049","1119","-552","260","-724","578","3696568","-12115665","38142","30545","-351","28413","297"
"81177.650","63522","26836","20096","1150","-518","223","-681","578","3696606","-12115872","38130","30552","-238","28406","319"
"81178.650","63512","26842","20134","1176","-474","110","-610","579","3696644","-12116078","38121","30559","-163","28406","308"
"81179.650","63509","26843","20158","1177","-474","84","-794","579","3696681","-12116285","38113","30561","-113","28404","310"
"81180.650","63510","26845","20178","1181","-453","62","-711","579","3696717","-12116494","38107","30562","-4","28405","310"
"81181.650","63510","26845","20207","1194","-433","-25","-746","579","3696754","-12116700","38105","30563","26","28407","309"
"81182.650","63504","26848","20235","1205","-419","-105","-630","579","3696790","-12116909","38107","30567","13","28409","307"
"81183.650","63501","26845","20254","1207","-402","-211","-744","579","3696827","-12117115","38114","30564","76","28414","297"
"81184.650","63504","26842","20263","1198","-387","-323","-676","578","3696864","-12117325","38127","30560","102","28421","284"
"81185.650","63506","26842","20286","1198","-382","-403","-1071","578","3696901","-12117534","38131","30560","116","28427","269"
"81186.650","63512","26842","20301","1189","-378","-458","-743","578","3696938","-12117742","38139","30559","120","28435","255"
"81187.650","63527","26843","20322","1185","-362","-515","-930","578","3696976","-12117952","38149","30558","136","28442","244"
"81188.650","63549","26842","20333","1163","-383","-416","-998","577","3697013","-12118161","38165","30554","-9","28442","259"
"81189.650","63558","26834","20358","1162","-375","-365","-761","577","3697052","-12118370","38174","30543","-211","28438","247"
"81190.650","63575","26831","20378","1161","-343","-500","-758","577","3697090","-12118580","38179","30538","-3","28429","240"
"81191.650","63595","26832","20392","1150","-329","-546","-835","576","3697128","-12118792","38177","30536","168","28438","237"
"81192.650","63616","26832","20402","1127","-352","-394","-688","576","3697166","-12119002","38170","30533","-13","28443","275"
"81193.650","63623","26832","20421","1126","-334","-332","-678","575","3697205","-12119213","38165","30533","-15","28436","296"
"81194.650","63623","26832","20446","1140","-307","-298","-1185","576","3697243","-12119425","38149","30533","10","28443","296"
"81195.650","63620","26830","20463","1135","-318","-155","-847","576","3697283","-12119635","38140","30531","-124","28438","302"
"81196.650","63620","26830","20474","1133","-305","-189","-908","575","3697321","-12119847","38131","30531","-48","28433","308"
"81197.650","63609","26829","20490","1132","-309","-137","-840","576","3697360","-12120059","38124","30531","-42","28443","296"
"81198.650","63607","26832","20502","1124","-323","-116","-830","575","3697399","-12120270","38111","30535","-43","28441","300"
"81199.650","63604","26834","20516","1117","-344","-230","-655","575","3697437","-12120482","38104","30538","99","28458","311"
"81200.650","63600","26835","20533","1123","-336","-296","-862","575","3697477","-12120694","38102","30539","262","28473","321"
"81201.650","63594","26835","20543","1126","-322","-330","-887","575","3697517","-12120905","38105","30540","315","28486","328"
"81202.650","63578","26835","20564","1138","-321","-314","-825","575","3697557","-12121118","38124","30542","249","28501","338"
"81203.650","63562","26836","20593","1159","-325","-345","-742","577","3697598","-12121330","38141","30546","261","28513","338"
"81204.650","63548","26832","20614","1175","-318","-296","-770","577","3697639","-12121543","38156","30543","160","28520","333"
"81205.650","63534","26833","20630","1186","-309","-235","-946","577","3697681","-12121754","38173","30546","-49","28514","331"
"81206.650","63523","26836","20657","1204","-312","-176","-878","578","3697723","-12121964","38196","30551","-44","28509","322"
"81207.650","63514","26839","20693","1233","-306","-132","-785","579","3697765","-12122177","38214","30556","-29","28507","317"
"81208.650","63502","26843","20716","1249","-303","-119","-940","579","3697808","-12122388","38229","30561","13","28506","311"
"81209.650","63496","26844","20728","1253","-295","-111","-952","579","3697851","-12122599","38242","30563","66","28514","303"
"81210.650","63484","26842","20744","1261","-287","-67","-978","579","3697892","-12122812","38254","30563","93","28513","297"
"81211.650","63480","26842","20758","1266","-282","4","-756","580","3697935","-12123023","38264","30563","102","28521","291"
"81212.650","63478","26843","20779","1279","-271","74","-859","580","3697978","-12123236","38272","30565","111","28524","283"
"81213.650","63476","26845","20796","1285","-268","141","-835","580","3698021","-12123448","38279","30568","132","28530","281"
"81214.650","63472","26847","20797","1272","-273","184","-893","580","3698065","-12123659","38284","30570","145","28541","275"
"81215.650","63472","26848","20809","1271","-270","237","-912","580","3698108","-12123871","38289","30571","159","28550","273"
"81216.650","63470","26855","20819","1263","-291","305","-957","580","3698152","-12124083","38292","30580","170","28561","269"
"81217.650","63468","26860","20829","1250","-327","353","-969","579","3698196","-12124296","38295","30586","172","28583","267"
"81218.650","63467","26863","20835","1236","-350","425","-736","579","3698241","-12124507","38297","30589","66","28597","267"
"81219.650","63468","26870","20844","1222","-387","469","-707","579","3698285","-12124719","38299","30597","-74","28602","266"
"81220.650","63463","26874","20852","1206","-424","420","-766","579","3698330","-12124932","38300","30603","-170","28608","265"
"81221.650","63464","26874","20873","1206","-450","293","-724","579","3698375","-12125144","38301","30603","-238","28600","268"
"81222.650","63465","26875","20884","1194","-487","383","-864","579","3698420","-12125357","38302","30603","-349","28600","265"
"81223.650","63466","26879","20885","1179","-493","366","-887","579","3698465","-12125571","38301","30608","-395","28580","268"
"81224.650","63467","26888","20883","1166","-482","324","-913","578","3698509","-12125783","38300","30618","-439","28557","268"
"81225.650","63472","26889","20878","1146","-487","200","-890","578","3698554","-12125997","38298","30618","-429","28545","273"
"81226.650","63474","26887","20876","1131","-490","124","-860","577","3698597","-12126212","38296","30615","-401","28529","275"
"81227.650","63470","26883","20882","1129","-472","8","-874","578","3698639","-12126424","38294","30612","-362","28515","281"
"81228.650","63475","26887","20879","1114","-481","-136","-708","576","3698681","-12126638","38292","30615","-326","28503","285"
"81229.650","63473","26886","20878","1101","-486","-290","-782","576","3698723","-12126854","38291","30615","-289","28497","292"
"81230.650","63472","26883","20877","1094","-477","-445","-726","576","3698764","-12127069","38291","30612","-246","28485","299"
"81231.650","63470","26887","20868","1077","-479","-593","-850","575","3698805","-12127283","38292","30616","-213","28476","300"
"81232.650","63468","26882","20863","1067","-467","-701","-778","575","3698845","-12127499","38293","30611","-182","28473","305"
"81233.650","63469","26874","20865","1068","-445","-845","-1015","575","3698885","-12127716","38295","30602","-135","28461","308"
"81234.650","63464","26868","20867","1069","-426","-947","-769","574","3698926","-12127932","38297","30595","-106","28459","311"
"81235.650","63465","26865","20875","1074","-416","-1019","-837","574","3698966","-12128147","38300","30592","-73","28451","313"
"81236.650","63462","26862","20875","1072","-402","-956","-837","574","3699006","-12128363","38303","30589","-33","28450","314"
"81237.650","63461","26862","20861","1053","-403","-929","-697","574","3699046","-12128578","38306","30589","-24","28451","315"
"81238.650","63458","26859","20866","1053","-400","-976","-811","573","3699085","-12128794","38309","30586","11","28446","316"
"81239.650","63454","26858","20851","1036","-390","-986","-702","572","3699125","-12129012","38314","30585","32","28459","317"
"81240.650","63447","26856","20862","1045","-381","-993","-801","573","3699165","-12129227","38319","30584","84","28456","315"
"81241.650","63445","26855","20858","1035","-387","-1098","-704","572","3699206","-12129443","38324","30583","118","28472","316"
"81242.650","63446","26853","20840","1011","-394","-1014","-982","571","3699246","-12129659","38329","30580","163","28474","312"
"81243.650","63444","26850","20831","996","-395","-867","-762","572","3699287","-12129874","38334","30578","160","28493","308"
"81244.650","63439","26845","20825","991","-362","-856","-743","572","3699328","-12130092","38338","30572","141","28491","308"
"81245.650","63438","26842","20811","970","-363","-681","-726","569","3699369","-12130308","38343","30570","159","28499","305"
"81246.650","63433","26838","20819","973","-355","-615","-742","570","3699410","-12130523","38347","30565","195","28511","307"
"81247.650","63429","26831","20821","966","-362","-522","-929","570","3699452","-12130739","38352","30558","147","28522","304"
"81248.650","63420","26833","20810","941","-386","-318","-1020","569","3699495","-12130956","38357","30561","115","28537","300"
"81249.650","63421","26833","20831","945","-424","-346","-935","570","3699537","-12131172","38363","30562","134","28545","300"
"81250.650","63413","26828","20850","951","-446","-240","-857","570","3699580","-12131387","38369","30557","119","28565","296"
"81251.650","63407","26827","20862","954","-450","-90","-929","571","3699623","-12131603","38375","30556","68","28575","295"
"81252.650","63401","26825","20870","951","-456","-19","-795","571","3699666","-12131820","38381","30555","75","28575","293"
"81253.650","63396","26829","20865","939","-452","5","-847","570","3699709","-12132036","38388","30560","82","28582","290"
"81254.650","63390","26829","20892","953","-470","7","-917","571","3699753","-12132251","38394","30561","74","28592","289"
"81255.650","63383","26828","20925","976","-480","27","-924","572","3699797","-12132467","38400","30560","71","28598","285"
"81256.650","63376","26827","20949","988","-494","-49","-985","573","3699841","-12132683","38406","30561","41","28603","283"
"81257.650","63374","26824","20970","999","-505","66","-879","573","3699885","-12132901","38411","30558","32","28609","277"
"81258.650","63374","26828","20996","1014","-513","149","-971","574","3699930","-12133116","38414","30563","38","28613","274"
"81259.650","63371","26830","21032","1040","-523","257","-927","575","3699974","-12133332","38417","30565","35","28618","273"
"81260.650","63368","26834","21042","1041","-528","361","-1036","575","3700019","-12133548","38420","30570","17","28619","270"
"81261.650","63361","26835","21073","1061","-541","485","-897","576","3700063","-12133766","38423","30572","5","28625","269"
"81262.650","63354","26837","21104","1081","-553","459","-810","577","3700108","-12133982","38426","30575","-5","28628","270"
"81263.650","63353","26839","21117","1087","-558","418","-888","577","3700153","-12134198","38429","30577","-12","28630","269"
"81264.650","63350","26841","21121","1083","-559","439","-776","577","3700198","-12134416","38433","30580","-13","28632","269"
"81265.650","63348","26842","21125","1081","-554","417","-962","577","3700243","-12134632","38437","30581","-14","28630","266"
"81266.650","63342","26844","21136","1086","-554","510","-1009","577","3700288","-12134847","38441","30585","-18","28632","264"
"81267.650","63337","26844","21159","1100","-561","446","-1187","577","3700333","-12135065","38444","30586","-12","28634","264"
"81268.650","63338","26847","21165","1100","-561","335","-869","577","3700379","-12135282","38446","30589","-16","28635","264"
"81269.650","63336","26851","21161","1091","-553","245","-800","577","3700424","-12135498","38448","30594","-50","28631","265"
"81270.650","63335","26857","21158","1085","-538","94","-1013","576","3700469","-12135716","38450","30600","-39","28627","264"
"81271.650","63335","26856","21180","1100","-545","-96","-894","577","3700514","-12135933","38450","30599","-22","28628","267"
"81272.650","63336","26853","21207","1118","-554","-285","-977","577","3700559","-12136148","38449","30596","-16","28632","270"
"81273.650","63338","26857","21221","1128","-550","-381","-797","578","3700604","-12136367","38447","30600","-51","28630","271"
"81274.650","63337","26857","21244","1147","-548","-480","-1024","579","3700650","-12136586","38445","30601","-52","28625","271"
"81275.650","63335","26858","21264","1162","-553","-590","-776","579","3700695","-12136801","38442","30602","-47","28623","275"
"81276.650","63335","26860","21283","1179","-552","-724","-1078","580","3700740","-12137020","38438","30604","-54","28625","277"
"81277.650","63338","26861","21304","1197","-555","-814","-944","580","3700785","-12137236","38434","30604","-54","28621","280"
"81278.650","63344","26862","21322","1214","-555","-779","-916","580","3700830","-12137453","38430","30605","-64","28621","280"
"81279.650","63344","26860","21327","1219","-554","-809","-1040","581","3700875","-12137671","38427","30603","-70","28616","286"
"81280.650","63343","26859","21330","1220","-558","-775","-863","581","3700921","-12137890","38424","30601","-69","28617","286"
"81281.650","63341","26858","21342","1230","-555","-771","-917","581","3700966","-12138107","38422","30601","-71","28612","288"
"81282.650","63337","26855","21346","1234","-556","-725","-997","581","3701011","-12138325","38421","30598","-81","28611","291"
"81283.650","63338","26854","21344","1232","-559","-673","-1044","581","3701056","-12138542","38421","30597","-90","28612","293"
"81284.650","63336","26850","21359","1250","-557","-639","-830","582","3701101","-12138760","38423","30592","-76","28606","294"
"81285.650","63330","26844","21369","1264","-552","-620","-896","582","3701146","-12138977","38425","30587","-72","28603","296"
"81286.650","63325","26842","21362","1260","-552","-573","-954","582","3701190","-12139196","38429","30585","-82","28597","294"
"81287.650","63320","26840","21352","1253","-545","-618","-798","582","3701235","-12139412","38433","30583","-85","28596","296"
"81288.650","63318","26840","21343","1248","-536","-623","-1146","581","3701280","-12139630","38438","30583","-69","28591","296"
"81289.650","63316","26840","21346","1251","-539","-569","-994","582","3701324","-12139847","38444","30584","-83","28589","294"
"81290.650","63312","26840","21346","1253","-535","-608","-928","582","3701368","-12140065","38449","30584","-81","28587","295"
"81291.650","63305","26838","21338","1244","-541","-552","-903","582","3701413","-12140284","38454","30583","-85","28583","293"
"81292.650","63304","26841","21341","1247","-542","-552","-869","581","3701457","-12140501","38458","30587","-81","28581","292"
"81293.650","63307","26841","21347","1255","-540","-501","-886","582","3701502","-12140720","38462","30586","-74","28579","289"
"81294.650","63304","26841","21342","1252","-530","-455","-784","582","3701545","-12140937","38466","30587","-73","28576","289"
"81295.650","63298","26841","21342","1255","-521","-354","-926","581","3701590","-12141155","38470","30587","-65","28571","286"
"81296.650","63298","26841","21326","1240","-512","-344","-858","581","3701633","-12141372","38474","30587","-84","28568","287"
"81297.650","63298","26841","21313","1229","-504","-275","-854","580","3701677","-12141590","38477","30587","-83","28563","285"
"81298.650","63300","26839","21306","1221","-502","-167","-890","580","3701721","-12141809","38481","30585","-77","28560","286"
"81299.650","63292","26840","21296","1213","-493","-97","-722","580","3701765","-12142026","38486","30587","-86","28559","286"
"81300.650","63292","26842","21293","1211","-490","-28","-838","580","3701809","-12142244","38490","30590","-74","28555","285"
"81301.650","63288","26841","21286","1206","-486","-21","-838","579","3701852","-12142462","38496","30589","-80","28553","286"
"81302.650","63285","26841","21274","1196","-478","-77","-952","579","3701896","-12142680","38502","30589","-67","28550","287"
"81303.650","63280","26841","21263","1186","-473","-69","-732","579","3701939","-12142897","38508","30590","-69","28549","287"
"81304.650","63278","26841","21256","1182","-463","-133","-853","578","3701983","-12143116","38514","30591","-79","28544","287"
"81305.650","63265","26841","21261","1188","-461","-76","-875","579","3702026","-12143335","38520","30592","-70","28544","279"
"81306.650","63264","26841","21271","1197","-454","-208","-891","579","3702070","-12143551","38525","30592","-9","28541","252"
"81307.650","63263","26839","21272","1197","-446","-27","-786","579","3702113","-12143770","38529","30591","54","28545","247"
"81308.650","63269","26839","21252","1207","-425","-223","-939","579","3702156","-12143989","38531","30589","81","28549","212"
"81309.650","63200","26829","21239","1265","-421","758","-780","580","3702200","-12144206","38530","30587","105","28549","179"
"81310.650","63230","26833","21133","1255","-408","760","-678","580","3702243","-12144422","38524","30588","145","28554","131"
"81311.650","63332","26846","20984","1211","-381","-91","-802","579","3702287","-12144641","38505","30588","170","28565","123"
"81312.650","63357","26848","20867","1218","-370","139","-872","578","3702331","-12144855","38468","30588","181","28572","112"
"81313.650","63415","26856","20727","1205","-365","21","-980","578","3702374","-12145069","38411","30588","215","28587","81"
"81314.650","63479","26863","20590","1194","-367","161","-799","578","3702418","-12145280","38336","30588","230","28601","78"
"81315.650","63555","26871","20449","1177","-367","104","-759","577","3702461","-12145491","38249","30586","204","28612","80"
"81316.650","63614","26876","20319","1174","-351","290","-765","577","3702506","-12145700","38157","30584","25","28611","69"
"81317.650","63678","26884","20199","1173","-351","339","-859","577","3702549","-12145909","38074","30584","-124","28603","48"
"81318.650","63748","26888","20081","1174","-347","243","-844","577","3702592","-12146115","37989","30579","-57","28599","35"
"81319.650","63823","26893","19956","1161","-352","77","-736","577","3702636","-12146319","37900","30574","-5","28598","31"
"81320.650","63901","26901","19847","1162","-356","-27","-672","577","3702678","-12146522","37807","30573","-29","28599","29"
"81321.650","63979","26904","19746","1165","-376","-25","-713","577","3702721","-12146725","37710","30565","-86","28592","17"
"81322.650","64060","26908","19630","1146","-400","33","-630","577","3702763","-12146926","37610","30559","-137","28585","8"
"81323.650","64145","26913","19529","1119","-501","7","-659","577","3702806","-12147129","37507","30554","-451","28557","31"
"81324.650","64225","26916","19425","1117","-506","-48","-568","577","3702847","-12147325","37402","30546","-491","28526","40"
"81325.650","64306","26923","19313","1113","-484","-18","-755","577","3702888","-12147525","37298","30542","-532","28508","14"
"81326.650","64386","26929","19214","1086","-576","-57","-662","578","3702929","-12147721","37195","30538","-704","28474","13"
"81327.650","64476","26934","19099","1060","-604","-191","-780","577","3702968","-12147917","37089","30532","-663","28436","35"
"81328.650","64561","26940","18999","1056","-613","-239","-896","577","3703006","-12148114","36982","30528","-527","28412","57"
"81329.650","64642","26945","18902","1064","-591","-184","-742","577","3703043","-12148307","36877","30522","-237","28408","63"
"81330.650","64714","26950","18823","1086","-583","-115","-871","578","3703079","-12148500","36775","30518","-130","28401","70"
"81331.650","64782","26954","18722","1087","-584","-42","-720","578","3703115","-12148693","36675","30514","-74","28400","110"
"81332.650","64846","26959","18627","1097","-584","-57","-730","579","3703150","-12148886","36579","30511","-5","28404","136"
"81333.650","64906","26965","18529","1102","-594","19","-977","579","3703185","-12149077","36490","30509","3","28410","129"
"81334.650","64962","26970","18435","1108","-598","42","-707","579","3703220","-12149266","36409","30507","-25","28413","95"
"81335.650","65029","26976","18338","1103","-615","-2","-795","579","3703254","-12149454","36333","30505","-26","28416","95"
"81336.650","65100","26981","18240","1097","-624","37","-817","579","3703288","-12149641","36256","30501","37","28427","101"
"81337.650","65169","26986","18146","1096","-627","130","-845","579","3703323","-12149829","36176","30498","55","28434","112"
"81338.650","65231","26990","18063","1102","-636","210","-847","579","3703357","-12150011","36098","30494","-90","28433","78"
"81339.650","65304","26996","17974","1100","-636","233","-865","579","3703392","-12150196","36017","30492","-35","28429","70"
"81340.650","65382","27005","17881","1091","-640","225","-950","579","3703426","-12150379","35934","30490","-57","28435","90"
"81341.650","65452","27009","17793","1087","-641","300","-908","579","3703461","-12150562","35848","30487","-42","28435","90"
"81342.650","65525","27016","17691","1066","-648","336","-792","579","3703494","-12150743","35762","30484","-24","28440","84"
"81343.650","65600","27023","17605","1058","-652","334","-862","579","3703528","-12150924","35676","30482","-91","28440","66"
"81344.650","65680","27029","17511","1039","-657","320","-914","578","3703562","-12151104","35588","30479","-41","28442","49"
"81345.650","65766","27038","17439","1038","-659","345","-847","578","3703595","-12151281","35496","30477","-27","28450","35"
"81346.650","65852","27045","17367","1033","-663","304","-812","578","3703628","-12151460","35401","30474","-141","28445","18"
"81347.650","65941","27053","17300","1031","-664","301","-926","578","3703661","-12151635","35302","30471","-82","28442","18"
"81348.650","66034","27062","17239","1031","-669","340","-802","578","3703695","-12151812","35198","30469","-7","28451","4"
"81349.650","66131","27072","17182","1033","-675","346","-964","579","3703727","-12151986","35088","30467","19","28460","3"
"81350.650","66226","27082","17127","1039","-671","395","-896","579","3703761","-12152163","34973","30466","32","28463","9"
"81351.650","66320","27091","17074","1047","-665","397","-932","579","3703793","-12152336","34855","30464","54","28470","12"
"81352.650","66411","27098","17012","1047","-653","388","-944","579","3703826","-12152509","34740","30460","54","28473","38"
"81353.650","66500","27106","16944","1043","-644","406","-849","578","3703859","-12152683","34628","30457","33","28478","46"
"81354.650","66587","27112","16879","1038","-648","449","-799","578","3703891","-12152854","34518","30453","-62","28474","29"
"81355.650","66673","27121","16804","1023","-639","429","-854","577","3703925","-12153025","34411","30451","-147","28467","27"
"81356.650","66763","27130","16734","1012","-632","379","-882","577","3703957","-12153195","34304","30450","-148","28461","32"
"81357.650","66854","27138","16672","1006","-634","340","-910","577","3703990","-12153365","34197","30447","-150","28458","33"
"81358.650","66940","27145","16621","1016","-616","335","-832","577","3704022","-12153536","34089","30444","-146","28449","40"
"81359.650","67022","27153","16562","1019","-609","296","-873","577","3704054","-12153704","33982","30442","-144","28440","89"
"81360.650","67104","27161","16502","1022","-609","313","-806","577","3704086","-12153871","33876","30440","-87","28444","89"
"81361.650","67183","27171","16453","1032","-619","325","-894","578","3704118","-12154040","33772","30441","-142","28439","73"
"81362.650","67264","27178","16407","1047","-616","208","-769","579","3704149","-12154206","33671","30438","-248","28425","71"
"81363.650","67347","27184","16352","1052","-607","193","-842","578","3704181","-12154373","33573","30434","-231","28412","74"
"81364.650","67432","27192","16290","1048","-604","195","-1037","578","3704211","-12154539","33477","30433","-175","28407","68"
"81365.650","67518","27200","16228","1041","-603","147","-880","578","3704242","-12154705","33379","30431","-122","28405","61"
"81366.650","67604","27209","16179","1044","-612","145","-812","578","3704272","-12154869","33280","30429","-84","28408","53"
"81367.650","67693","27217","16142","1056","-618","128","-936","579","3704302","-12155033","33178","30427","-55","28413","42"
"81368.650","67786","27226","16095","1060","-611","88","-1138","579","3704332","-12155197","33074","30425","-38","28415","31"
"81369.650","67881","27235","16043","1055","-607","101","-817","579","3704362","-12155359","32967","30423","-22","28414","16"
"81370.650","67980","27246","16000","1055","-608","16","-833","579","3704392","-12155522","32858","30422","-30","28422","4"
"81371.650","68086","27256","15944","1042","-598","-66","-818","578","3704422","-12155685","32745","30420","-61","28419","1"
"81372.650","68189","27266","15881","1020","-596","-111","-881","577","3704451","-12155846","32629","30418","-147","28413","50"
"81373.650","68290","27275","15823","1007","-596","-130","-825","577","3704481","-12156005","32508","30415","-165","28407","55"
"81374.650","68380","27283","15769","999","-596","-168","-828","577","3704511","-12156167","32392","30413","-182","28400","58"
"81375.650","68473","27291","15719","996","-592","-196","-924","577","3704540","-12156328","32279","30410","-149","28396","59"
"81376.650","68569","27299","15675","1000","-585","-215","-944","577","3704569","-12156488","32167","30407","-103","28393","59"
"81377.650","68666","27307","15625","995","-581","-269","-837","576","3704597","-12156646","32056","30404","-83","28392","57"
"81378.650","68761","27317","15575","989","-582","-337","-892","576","3704626","-12156805","31945","30402","-171","28387","70"
"81379.650","68856","27326","15523","976","-607","-418","-790","576","3704654","-12156964","31834","30400","-306","28374","62"
"81380.650","68951","27333","15466","957","-622","-507","-798","576","3704683","-12157120","31724","30396","-354","28361","65"
"81381.650","69032","27334","15405","935","-649","-560","-852","576","3704710","-12157279","31612","30387","-331","28345","131"
"81382.650","69123","27338","15332","912","-651","-524","-832","575","3704738","-12157436","31503","30380","-288","28347","130"
"81383.650","69209","27344","15275","903","-653","-512","-857","575","3704765","-12157593","31396","30376","-221","28341","123"
"81384.650","69299","27350","15209","887","-643","-489","-899","575","3704791","-12157750","31291","30372","-152","28340","112"
"81385.650","69387","27359","15164","885","-656","-480","-836","575","3704817","-12157906","31188","30370","-93","28344","101"
"81386.650","69479","27365","15117","877","-674","-461","-1010","575","3704843","-12158060","31088","30366","-47","28357","89"
"81387.650","69570","27371","15072","870","-677","-434","-1026","575","3704869","-12158216","30985","30361","-8","28365","69"
"81388.650","69661","27375","15024","861","-672","-401","-816","575","3704894","-12158370","30879","30354","-43","28368","82"
"81389.650","69757","27379","14971","843","-672","-314","-884","574","3704920","-12158524","30772","30347","-80","28363","67"
"81390.650","69850","27385","14932","835","-680","-283","-900","574","3704945","-12158678","30663","30341","-94","28363","56"
"81391.650","69946","27385","14920","853","-691","-196","-814","575","3704971","-12158833","30552","30330","99","28380","44"
"81392.650","70047","27388","14914","876","-701","-122","-766","576","3704997","-12158984","30439","30321","145","28411","51"
"81393.650","70147","27393","14889","881","-702","-30","-1049","577","3705023","-12159135","30323","30313","186","28422","43"
"81394.650","70247","27400","14850","864","-725","109","-861","576","3705048","-12159288","30207","30309","207","28454","42"
"81395.650","70343","27407","14810","843","-764","234","-881","577","3705075","-12159439","30092","30305","227","28474","66"
"81396.650","70442","27415","14772","833","-778","292","-913","577","3705101","-12159590","29977","30302","226","28510","75"
"81397.650","70537","27426","14736","829","-779","363","-926","577","3705129","-12159740","29865","30302","251","28529","83"
"81398.650","70630","27436","14690","819","-775","299","-913","576","3705156","-12159890","29754","30301","254","28555","84"
"81399.650","70720","27446","14651","814","-774","246","-862","576","3705184","-12160041","29645","30301","194","28574","87"
"81400.650","70814","27454","14609","802","-790","152","-952","576","3705212","-12160189","29538","30299","-11","28575","100"
"81401.650","70901","27463","14573","798","-794","73","-823","576","3705241","-12160338","29435","30298","-125","28568","88"
"81402.650","70993","27469","14545","800","-808","11","-869","577","3705270","-12160487","29333","30294","-86","28569","91"
"81403.650","71084","27472","14515","798","-831","-68","-992","578","3705298","-12160635","29230","30286","-36","28580","90"
"81404.650","71177","27473","14482","796","-835","-76","-839","578","3705326","-12160782","29125","30276","19","28595","93"
"81405.650","71270","27476","14449","795","-834","-112","-891","578","3705355","-12160929","29020","30268","69","28605","97"
"81406.650","71361","27475","14411","791","-833","-86","-995","578","3705383","-12161075","28915","30256","45","28616","108"
"81407.650","71451","27481","14363","777","-824","-106","-783","577","3705411","-12161223","28811","30251","-195","28601","119"
"81408.650","71537","27488","14333","782","-821","-77","-740","577","3705440","-12161369","28709","30249","-317","28567","120"
"81409.650","71626","27495","14293","778","-816","-45","-862","577","3705468","-12161512","28607","30246","-279","28554","120"
"81410.650","71718","27501","14258","777","-810","33","-788","577","3705496","-12161659","28507","30241","-237","28545","114"
"81411.650","71809","27506","14219","769","-811","77","-903","576","3705523","-12161803","28407","30235","-261","28531","106"
"81412.650","71903","27513","14190","767","-818","109","-941","577","3705550","-12161948","28307","30232","-335","28520","86"
"81413.650","71991","27520","14162","760","-836","126","-722","577","3705577","-12162093","28205","30229","-376","28496","97"
"81414.650","72075","27530","14136","757","-856","196","-776","577","3705603","-12162238","28101","30230","-348","28478","101"
"81415.650","72166","27539","14109","762","-836","276","-927","577","3705629","-12162383","27998","30229","-290","28468","96"
"81416.650","72261","27548","14078","757","-840","258","-822","577","3705655","-12162525","27895","30228","-342","28453","94"
"81417.650","72347","27555","14054","753","-861","282","-769","578","3705679","-12162669","27791","30225","-340","28435","97"
"81418.650","72444","27563","14021","748","-855","246","-917","578","3705704","-12162813","27688","30222","-357","28417","97"
"81419.650","72538","27570","13995","746","-860","191","-844","578","3705728","-12162959","27584","30219","-347","28401","93"
"81420.650","72631","27576","13968","744","-862","183","-1065","577","3705752","-12163102","27480","30214","-300","28389","91"
"81421.650","72725","27580","13951","746","-882","151","-715","579","3705775","-12163244","27374","30207","-242","28384","89"
"81422.650","72817","27583","13940","757","-897","111","-1007","579","3705798","-12163388","27268","30200","-190","28384","100"
"81423.650","72911","27588","13913","755","-899","28","-905","579","3705821","-12163530","27162","30194","-121","28384","111"
"81424.650","73004","27588","13875","745","-899","-14","-767","579","3705842","-12163674","27057","30184","-90","28393","123"
"81425.650","73101","27593","13830","730","-882","31","-672","578","3705864","-12163815","26953","30178","-66","28390","110"
"81426.650","73202","27599","13806","735","-863","-50","-941","578","3705887","-12163958","26849","30171","-85","28392","79"
"81427.650","73300","27601","13766","713","-869","-103","-643","578","3705909","-12164099","26744","30163","-78","28390","67"
"81428.650","73397","27608","13709","670","-879","-144","-727","576","3705930","-12164242","26637","30159","-123","28388","64"
"81429.650","73499","27612","13668","644","-880","-225","-727","577","3705953","-12164382","26528","30151","-179","28383","67"
"81430.650","73602","27610","13602","591","-882","-173","-858","576","3705974","-12164524","26416","30136","-247","28367","70"
"81431.650","73710","27610","13559","550","-924","-164","-726","576","3705996","-12164665","26302","30124","-239","28374","64"
"81432.650","73817","27602","13552","549","-951","-151","-694","576","3706017","-12164807","26186","30103","-204","28385","64"
"81433.650","73923","27599","13567","571","-983","-137","-911","578","3706038","-12164948","26066","30088","-144","28381","66"
"81434.650","74029","27600","13575","585","-1020","-124","-789","580","3706059","-12165087","25946","30076","-186","28392","73"
"81435.650","74137","27593","13600","619","-1051","-94","-856","581","3706080","-12165229","25827","30056","-205","28388","79"
"81436.650","74242","27602","13591","626","-1053","-38","-848","582","3706100","-12165368","25710","30054","-209","28384","81"
"81437.650","74350","27609","13582","634","-1051","-2","-762","582","3706120","-12165510","25595","30049","-197","28373","80"
"81438.650","74451","27614","13577","644","-1065","8","-767","583","3706141","-12165650","25480","30042","-193","28370","81"
"81439.650","74560","27607","13580","657","-1101","1","-737","584","3706160","-12165791","25367","30023","-193","28366","65"
"81440.650","74665","27609","13582","670","-1118","-62","-880","585","3706180","-12165932","25253","30013","-205","28370","37"
"81441.650","74776","27613","13597","692","-1138","-158","-786","585","3706199","-12166071","25136","30004","-165","28379","5"
"81442.650","74894","27608","13631","720","-1201","-303","-943","588","3706218","-12166210","25019","29986","-130","28389","-16"
"81443.650","75004","27602","13674","757","-1267","-471","-859","590","3706237","-12166352","24898","29966","-66","28412","15"
"81444.650","75132","27590","13722","802","-1328","-574","-836","593","3706256","-12166490","24775","29939","2","28435","4"
"81445.650","75249","27593","13739","828","-1343","-723","-810","593","3706275","-12166632","24647","29928","45","28466","31"
"81446.650","75370","27604","13726","833","-1326","-755","-1074","593","3706294","-12166770","24515","29927","140","28467","30"
"81447.650","75489","27615","13705","837","-1290","-771","-822","592","3706313","-12166909","24379","29925","198","28485","44"
"81448.650","75608","27626","13661","815","-1263","-725","-735","591","3706332","-12167047","24247","29924","217","28494","57"
"81449.650","75724","27632","13633","807","-1254","-646","-783","591","3706352","-12167187","24118","29917","90","28506","74"
"81450.650","75835","27632","13605","797","-1256","-570","-792","591","3706372","-12167324","23990","29905","50","28499","85"
"81451.650","75950","27643","13550","762","-1248","-336","-756","590","3706393","-12167462","23864","29903","55","28520","88"
"81452.650","76051","27639","13479","707","-1252","-236","-892","590","3706414","-12167602","23739","29888","-228","28508","98"
"81453.650","76149","27633","13397","640","-1259","-188","-936","589","3706434","-12167739","23617","29870","-323","28485","109"
"81454.650","76248","27640","13340","604","-1249","-86","-809","588","3706455","-12167877","23498","29867","-300","28470","112"
"81455.650","76350","27647","13298","580","-1250","-4","-717","588","3706475","-12168014","23384","29863","-297","28454","108"
"81456.650","76452","27653","13257","560","-1242","29","-968","587","3706495","-12168151","23274","29857","-326","28436","108"
"81457.650","76551","27647","13241","564","-1237","10","-824","588","3706514","-12168289","23168","29840","-500","28404","105"
"81458.650","76650","27647","13242","584","-1237","-63","-802","588","3706533","-12168426","23064","29830","-588","28351","105"
"81459.650","76750","27657","13216","580","-1227","-101","-825","587","3706551","-12168563","22966","29829","-596","28310","96"
"81460.650","76858","27663","13206","590","-1220","-166","-795","588","3706568","-12168701","22862","29824","-540","28279","87"
"81461.650","76959","27672","13194","590","-1238","-299","-963","588","3706585","-12168838","22756","29823","-608","28244","95"
"81462.650","77064","27661","13207","620","-1245","-342","-996","589","3706601","-12168975","22649","29799","-653","28197","85"
"81463.650","77172","27649","13222","649","-1265","-451","-814","590","3706616","-12169112","22540","29774","-597","28166","91"
"81464.650","77275","27654","13213","659","-1267","-538","-819","590","3706630","-12169249","22429","29768","-516","28137","89"
"81465.650","77382","27651","13211","672","-1287","-632","-974","591","3706643","-12169387","22317","29752","-451","28117","93"
"81466.650","77490","27652","13176","652","-1296","-669","-812","591","3706656","-12169524","22204","29743","-422","28105","94"
"81467.650","77604","27659","13157","651","-1297","-731","-867","591","3706668","-12169662","22091","29738","-502","28076","90"
"81468.650","77712","27667","13164","669","-1326","-703","-725","592","3706679","-12169799","21977","29734","-473","28049","83"
"81469.650","77821","27672","13176","695","-1340","-560","-1141","593","3706691","-12169937","21861","29727","-460","28031","84"
"81470.650","77929","27673","13181","712","-1351","-362","-978","593","3706701","-12170073","21746","29717","-552","28001","82"
"81471.650","78038","27675","13174","719","-1348","-130","-738","593","3706711","-12170211","21632","29707","-545","27957","75"
"81472.650","78148","27680","13167","726","-1340","58","-848","593","3706719","-12170348","21519","29701","-492","27928","69"
"81473.650","78258","27691","13153","724","-1349","253","-1034","594","3706728","-12170484","21406","29700","-488","27900","65"
"81474.650","78374","27698","13153","736","-1333","434","-973","593","3706735","-12170621","21295","29695","-518","27872","39"
"81475.650","78490","27706","13156","746","-1337","510","-796","594","3706742","-12170758","21183","29691","-498","27834","12"
"81476.650","78598","27713","13163","757","-1343","587","-919","594","3706748","-12170896","21069","29687","-469","27811","-8"
"81477.650","78712","27721","13173","772","-1326","652","-777","594","3706754","-12171033","20953","29683","-491","27779","0"
"81478.650","78831","27731","13168","771","-1317","750","-913","594","3706759","-12171170","20836","29681","-547","27734","-10"
"81479.650","78947","27740","13163","770","-1317","600","-853","594","3706763","-12171307","20714","29678","-572","27694","11"
"81480.650","79061","27746","13141","758","-1306","480","-974","593","3706767","-12171444","20593","29673","-502","27652","40"
"81481.650","79174","27747","13110","740","-1289","353","-822","593","3706770","-12171582","20474","29661","-436","27630","49"
"81482.650","79276","27748","13103","749","-1283","289","-668","592","3706773","-12171719","20357","29652","-370","27607","94"
"81483.650","79389","27752","13082","745","-1297","241","-867","593","3706774","-12171856","20241","29644","-310","27598","90"
"81484.650","79507","27760","13058","738","-1292","94","-858","593","3706775","-12171994","20129","29640","-231","27592","62"
"81485.650","79609","27756","13050","747","-1301","-221","-753","593","3706777","-12172132","20021","29624","-156","27589","72"
"81486.650","79710","27741","12981","699","-1281","-280","-945","593","3706777","-12172268","19912","29598","-106","27591","116"
"81487.650","79817","27737","12901","637","-1274","-197","-676","592","3706778","-12172406","19805","29582","-58","27592","107"
"81488.650","79920","27744","12856","614","-1238","-229","-983","589","3706778","-12172542","19698","29579","-204","27576","127"
"81489.650","80004","27740","12803","581","-1208","-153","-599","589","3706779","-12172678","19593","29566","-171","27547","139"
"81490.650","80080","27738","12727","532","-1182","175","-768","587","3706779","-12172815","19489","29555","-116","27530","237"
"81491.650","80197","27747","12663","491","-1156","186","-629","586","3706779","-12172952","19388","29553","-50","27525","194"
"81492.650","80266","27749","12647","484","-1170","158","-714","586","3706779","-12173087","19290","29547","-98","27522","281"
"81493.650","80322","27753","12616","472","-1142","87","-661","586","3706779","-12173222","19198","29546","-264","27488","345"
"81494.650","80349","27760","12572","461","-1147","80","-919","585","3706779","-12173358","19115","29551","-334","27446","478"
"81495.650","80414","27766","12527","453","-1197","52","-668","586","3706778","-12173494","19045","29550","-342","27445","522"
"81496.650","80443","27778","12515","474","-1217","-7","-722","587","3706777","-12173629","18995","29560","-283","27432","566"
"81497.650","80468","27780","12509","506","-1250","165","-790","589","3706775","-12173766","18964","29559","-375","27429","577"
"81498.650","80470","27788","12473","512","-1263","50","-944","589","3706773","-12173899","18954","29567","-341","27399","611"
"81499.650","80478","27795","12486","555","-1287","-35","-703","591","3706771","-12174032","18959","29574","-291","27393","655"
"81500.650","80481","27797","12479","568","-1286","-124","-819","591","3706768","-12174167","18974","29576","-207","27392","646"
"81501.650","80470","27803","12481","593","-1295","-70","-715","591","3706766","-12174300","18995","29584","-151","27388","643"
"81502.650","80465","27815","12481","617","-1301","47","-782","592","3706763","-12174432","19019","29597","46","27406","655"
"81503.650","80459","27814","12493","653","-1280","93","-865","591","3706760","-12174566","19043","29597","116","27433","636"
"81504.650","80439","27811","12470","655","-1273","68","-715","592","3706757","-12174698","19067","29596","189","27436","663"
"81505.650","80423","27816","12460","675","-1271","13","-815","592","3706754","-12174832","19091","29602","189","27470","701"
"81506.650","80416","27789","12417","664","-1236","41","-728","591","3706752","-12174964","19113","29574","772","27512","668"
"81507.650","80398","27783","12360","637","-1221","303","-766","590","3706751","-12175095","19131","29570","1752","27676","652"
"81508.650","80384","27779","12326","631","-1177","213","-647","589","3706751","-12175226","19144","29567","2532","27936","649"
"81509.650","80357","27780","12284","616","-1174","142","-798","588","3706753","-12175356","19153","29571","2798","28234","681"
"81510.650","80342","27768","12244","603","-1188","117","-651","587","3706760","-12175486","19159","29560","2707","28491","697"
"81511.650","80325","27756","12205","596","-1186","233","-852","589","3706771","-12175612","19167","29549","2745","28716","697"
"81512.650","80289","27757","12133","553","-1170","516","-871","587","3706787","-12175740","19177","29554","2820","29015","736"
"81513.650","80275","27756","12121","543","-1206","656","-832","589","3706807","-12175863","19186","29554","2762","29267","740"
"81514.650","80271","27761","12156","580","-1256","831","-776","590","3706834","-12175987","19188","29560","2658","29493","709"
"81515.650","80242","27751","12089","546","-1206","1250","-706","588","3706865","-12176106","19184","29552","2627","29711","674"
"81516.650","80195","27767","12053","526","-1213","1339","-642","590","3706900","-12176225","19181","29574","2660","29955","714"
"81517.650","80174","27777","12062","542","-1246","1359","-779","589","3706939","-12176339","19188","29588","2524","30201","729"
"81518.650","80138","27792","12034","532","-1253","1299","-776","589","3706983","-12176451","19214","29607","2408","30403","762"
"81519.650","80114","27795","12040","566","-1264","952","-996","589","3707029","-12176559","19251","29612","2267","30604","794"
"81520.650","80068","27803","12043","589","-1295","581","-948","591","3707079","-12176666","19294","29626","2205","30795","837"
"81521.650","80032","27799","12025","625","-1284","449","-754","591","3707133","-12176768","19352","29626","2191","30984","857"
"81522.650","79991","27773","11971","598","-1296","-306","-786","591","3707188","-12176868","19406","29602","2147","31171","902"
"81523.650","79942","27771","11899","567","-1300","-134","-694","591","3707246","-12176963","19463","29605","2023","31361","913"
"81524.650","79902","27783","11860","574","-1300","96","-910","591","3707306","-12177057","19527","29623","1900","31524","899"
"81525.650","79875","27805","11848","616","-1303","75","-1189","591","3707368","-12177148","19588","29649","1786","31651","880"
"81526.650","79842","27812","11794","613","-1283","58","-758","591","3707432","-12177236","19650","29660","1480","31770","855"
"81527.650","79780","27808","11754","597","-1290","-392","-859","591","3707497","-12177320","19708","29662","1120","31847","901"
"81528.650","79740","27802","11720","595","-1301","-470","-904","591","3707563","-12177403","19761","29659","1132","31926","914"
"81529.650","79688","27796","11663","567","-1306","-440","-814","590","3707631","-12177482","19811","29659","1139","32051","936"
"81530.650","79670","27795","11605","586","-1268","-556","-829","590","3707699","-12177561","19861","29660","1162","32136","885"
"81531.650","79649","27785","11564","597","-1248","-595","-998","590","3707768","-12177638","19909","29651","1060","32213","813"
"81532.650","79616","27773","11529","581","-1242","-764","-908","589","3707839","-12177712","19952","29642","909","32277","785"
"81533.650","79599","27769","11504","584","-1227","-780","-892","589","3707909","-12177786","19986","29639","919","32345","767"
"81534.650","79586","27761","11465","560","-1210","-595","-873","588","3707980","-12177857","20007","29632","954","32426","726"
"81535.650","79576","27755","11427","509","-1206","-801","-742","587","3708053","-12177928","20014","29627","896","32526","748"
"81536.650","79591","27744","11406","497","-1199","-755","-853","587","3708126","-12177996","20009","29614","733","32581","656"
"81537.650","79604","27743","11383","511","-1161","-393","-871","586","3708201","-12178062","20002","29611","510","32617","581"
"81538.650","79624","27743","11364","503","-1132","-386","-908","585","3708275","-12178128","19988","29610","313","32607","538"
"81539.650","79647","27742","11387","490","-1150","-189","-1058","585","3708350","-12178192","19965","29605","188","32637","511"
"81540.650","79675","27747","11356","435","-1124","48","-925","584","3708425","-12178257","19933","29608","169","32649","505"
"81541.650","79716","27754","11390","448","-1133","-174","-845","584","3708501","-12178321","19891","29611","83","32670","494"
"81542.650","79760","27721","11345","448","-1055","-218","-673","582","3708577","-12178385","19840","29572","108","32669","483"
"81543.650","79776","27714","11312","462","-981","-665","-871","578","3708654","-12178450","19787","29563","14","32643","550"
"81544.650","79788","27725","11344","446","-1026","-724","-686","581","3708730","-12178514","19735","29573","105","32651","639"
"81545.650","79830","27717","11228","426","-891","-292","-764","575","3708807","-12178578","19692","29560","8","32694","624"
"81546.650","79856","27713","11227","442","-862","-510","-934","574","3708884","-12178641","19652","29552","-80","32635","642"
"81547.650","79877","27704","11256","453","-882","-376","-681","574","3708962","-12178705","19618","29541","-113","32619","635"
"81548.650","79885","27707","11217","415","-844","-213","-793","573","3709039","-12178768","19589","29543","-93","32625","634"
"81549.650","79891","27718","11236","459","-829","-93","-671","575","3709116","-12178832","19564","29555","-70","32616","687"
"81550.650","79909","27706","11274","479","-855","231","-590","575","3709193","-12178897","19544","29539","-162","32591","667"
"81551.650","79919","27716","11236","406","-852","478","-644","573","3709271","-12178961","19531","29549","-209","32590","646"
"81552.650","79929","27739","11335","441","-935","639","-675","577","3709348","-12179026","19523","29572","-301","32603","642"
"81553.650","79936","27764","11397","452","-995","645","-918","581","3709425","-12179090","19519","29598","-269","32576","652"
"81554.650","79945","27770","11436","492","-1012","637","-774","582","3709503","-12179155","19521","29604","-231","32574","661"
"81555.650","79944","27769","11439","500","-1012","420","-728","581","3709580","-12179221","19524","29603","-175","32548","686"
"81556.650","79947","27773","11434","506","-1009","316","-814","579","3709656","-12179286","19530","29607","-166","32550","704"
"81557.650","79950","27767","11458","514","-1040","74","-837","583","3709733","-12179352","19537","29600","-136","32543","709"
"81558.650","79940","27762","11437","499","-1037","112","-778","581","3709810","-12179417","19545","29596","-146","32544","726"
"81559.650","79936","27772","11448","514","-1047","380","-898","584","3709886","-12179483","19555","29607","-124","32554","715"
"81560.650","79948","27771","11488","583","-1058","275","-941","584","3709963","-12179550","19566","29604","-44","32531","690"
"81561.650","79936","27774","11478","569","-1062","272","-717","585","3710038","-12179615","19578","29609","-35","32543","698"
"81562.650","79936","27773","11479","589","-1056","223","-896","584","3710115","-12179683","19586","29608","-3","32543","690"
"81563.650","79936","27772","11498","602","-1073","183","-802","585","3710190","-12179747","19593","29606","14","32545","682"
"81564.650","79934","27771","11492","585","-1082","244","-766","585","3710267","-12179813","19598","29606","-6","32564","671"
"81565.650","79930","27773","11479","578","-1069","133","-819","584","3710343","-12179880","19601","29609","8","32572","675"
"81566.650","79940","27772","11493","621","-1058","276","-790","585","3710419","-12179946","19602","29607","7","32557","653"
"81567.650","79944","27776","11470","624","-1023","328","-689","584","3710496","-12180010","19602","29611","3","32563","636"
"81568.650","79940","27775","11450","600","-1012","134","-935","583","3710572","-12180075","19600","29610","5","32559","667"
"81569.650","79945","27775","11437","589","-999","273","-983","582","3710648","-12180141","19597","29609","-15","32565","661"
"81570.650","79965","27731","11438","571","-1005","101","-639","582","3710725","-12180207","19592","29560","-57","32571","632"
"81571.650","79969","27708","11408","662","-890","12","-652","580","3710802","-12180271","19587","29535","-55","32580","648"
"81572.650","79973","27771","11425","651","-905","1129","-755","582","3710878","-12180336","19580","29602","35","32502","583"
"81573.650","79995","27780","11481","635","-963","546","-758","583","3710956","-12180400","19572","29609","-321","32552","594"
"81574.650","79999","27784","11511","659","-965","424","-798","583","3711032","-12180466","19561","29613","-223","32496","595"
"81575.650","80024","27784","11545","676","-981","144","-736","583","3711110","-12180532","19549","29611","-258","32492","596"
"81576.650","80029","27786","11563","665","-994","-80","-948","584","3711186","-12180597","19535","29612","-252","32477","603"
"81577.650","80043","27784","11580","653","-1013","-104","-824","584","3711263","-12180663","19520","29609","-292","32463","618"
"81578.650","80053","27786","11564","637","-992","-211","-764","583","3711340","-12180730","19506","29610","-313","32450","625"
"81579.650","80047","27789","11523","610","-957","-295","-887","581","3711417","-12180796","19492","29614","-207","32431","682"
"81580.650","80038","27787","11487","598","-928","-223","-776","580","3711493","-12180863","19479","29612","-101","32440","741"
"81581.650","80052","27783","11494","606","-942","-204","-914","580","3711570","-12180931","19468","29607","-63","32452","734"
"81582.650","80069","27779","11546","639","-991","-484","-813","583","3711646","-12180997","19460","29600","-42","32455","712"
"81583.650","80061","27777","11523","604","-996","-408","-746","582","3711723","-12181066","19455","29599","-52","32475","708"
"81584.650","80063","27779","11496","603","-965","-465","-850","581","3711799","-12181132","19454","29601","77","32496","690"
"81585.650","80062","27777","11496","609","-968","-539","-888","582","3711875","-12181200","19458","29599","80","32500","681"
"81586.650","80074","27775","11490","592","-981","-490","-740","582","3711951","-12181268","19457","29595","33","32532","639"
"81587.650","80070","27774","11474","553","-994","-413","-872","581","3712028","-12181333","19455","29595","39","32538","655"
"81588.650","80088","27773","11462","555","-983","-379","-840","581","3712105","-12181401","19450","29592","-1","32553","637"
"81589.650","80095","27769","11444","539","-972","-304","-1053","581","3712181","-12181466","19443","29587","8","32554","637"
"81590.650","80102","27764","11424","536","-953","-201","-858","578","3712257","-12181532","19434","29582","-22","32555","651"
"81591.650","80123","27766","11450","559","-968","-68","-924","580","3712334","-12181597","19421","29581","-27","32555","630"
"81592.650","80131","27767","11441","573","-947","15","-795","580","3712411","-12181665","19408","29581","-32","32539","632"
"81593.650","80149","27768","11443","571","-952","103","-938","581","3712488","-12181728","19396","29581","-74","32539","626"
"81594.650","80162","27769","11426","551","-942","60","-935","579","3712565","-12181794","19384","29580","-112","32545","622"
"81595.650","80178","27762","11410","538","-930","-121","-835","579","3712641","-12181860","19371","29571","-128","32544","626"
"81596.650","80188","27753","11403","510","-940","-127","-801","579","3712718","-12181926","19357","29560","-169","32539","621"
"81597.650","80204","27745","11388","495","-928","-64","-733","577","3712795","-12181992","19343","29550","-211","32542","612"
"81598.650","80215","27742","11366","471","-911","-33","-868","577","3712871","-12182059","19327","29546","-238","32526","602"
"81599.650","80249","27751","11418","515","-936","52","-704","578","3712948","-12182125","19310","29552","-233","32509","559"
"81600.650","80253","27764","11424","513","-929","180","-759","580","3713025","-12182191","19293","29565","-134","32510","560"
"81601.650","80247","27765","11378","494","-882","134","-906","577","3713101","-12182257","19273","29567","-186","32488","651"
"81602.650","80277","27765","11400","515","-895","232","-704","577","3713178","-12182325","19257","29564","-224","32474","657"
"81603.650","80282","27773","11404","516","-903","233","-836","578","3713254","-12182392","19240","29572","-183","32446","661"
"81604.650","80290","27777","11388","517","-894","168","-831","576","3713330","-12182460","19226","29575","-93","32456","693"
"81605.650","80305","27777","11391","525","-903","17","-903","578","3713406","-12182527","19214","29574","-110","32466","686"
"81606.650","80316","27772","11412","549","-921","-19","-693","579","3713482","-12182595","19205","29567","-120","32450","667"
"81607.650","80313","27786","11398","519","-932","-20","-648","579","3713558","-12182661","19198","29582","-182","32447","666"
"81608.650","80333","27789","11431","564","-946","-46","-672","580","3713634","-12182730","19194","29583","-228","32437","657"
"81609.650","80343","27784","11409","561","-919","-11","-828","579","3713710","-12182797","19190","29577","-214","32414","576"
"81610.650","80336","27785","11407","529","-937","-117","-703","579","3713786","-12182865","19182","29579","-150","32412","640"
"81611.650","80352","27791","11413","536","-939","-29","-785","580","3713861","-12182932","19172","29584","-123","32426","645"
"81612.650","80366","27775","11419","545","-944","-296","-776","581","3713936","-12183000","19161","29565","66","32424","652"
"81613.650","80381","27768","11410","503","-966","-219","-890","580","3714012","-12183068","19150","29556","25","32465","643"
"81614.650","80393","27766","11372","468","-939","86","-692","578","3714087","-12183136","19139","29552","-34","32482","626"
"81615.650","80408","27761","11360","471","-916","352","-869","577","3714163","-12183203","19127","29546","-68","32468","604"
"81616.650","80421","27762","11355","467","-901","309","-708","576","3714239","-12183272","19114","29545","-130","32456","599"
"81617.650","80424","27759","11326","443","-875","426","-828","575","3714315","-12183339","19100","29542","2","32461","609"
"81618.650","80443","27774","11379","488","-897","457","-816","577","3714391","-12183407","19086","29556","-25","32484","604"
"81619.650","80460","27779","11421","511","-925","443","-822","580","3714466","-12183476","19072","29559","15","32457","612"
"81620.650","80472","27785","11434","517","-930","589","-870","579","3714542","-12183544","19059","29565","-57","32478","605"
"81621.650","80492","27785","11439","526","-921","561","-882","578","3714619","-12183611","19046","29563","-49","32457","595"
"81622.650","80522","27789","11450","572","-891","469","-649","578","3714695","-12183680","19034","29564","-111","32460","548"
"81623.650","80551","27790","11458","585","-868","334","-773","578","3714771","-12183746","19020","29562","-91","32437","483"
"81624.650","80555","27792","11457","542","-876","315","-781","577","3714848","-12183815","19004","29564","-138","32429","529"
"81625.650","80593","27796","11480","547","-874","270","-833","577","3714924","-12183882","18984","29563","-188","32431","518"
"81626.650","80619","27799","11500","557","-868","158","-876","577","3715001","-12183950","18961","29563","-204","32403","519"
"81627.650","80675","27802","11499","568","-834","147","-670","576","3715077","-12184017","18934","29562","-243","32392","424"
"81628.650","80716","27802","11506","532","-826","46","-683","575","3715154","-12184087","18902","29557","-214","32392","405"
"81629.650","80757","27806","11533","519","-824","-45","-683","575","3715231","-12184156","18863","29556","-241","32381","394"
"81630.650","80827","27802","11531","496","-795","-47","-652","574","3715308","-12184227","18816","29545","-280","32373","329"
"81631.650","80896","27803","11514","456","-772","-177","-608","570","3715385","-12184296","18760","29539","-293","32368","281"
"81632.650","80972","27810","11527","450","-760","-358","-567","571","3715462","-12184367","18697","29538","-199","32366","261"
"81633.650","81063","27813","11554","444","-759","-593","-1027","571","3715539","-12184437","18622","29533","-210","32362","215"
"81634.650","81138","27810","11536","386","-734","-511","-698","567","3715616","-12184510","18546","29522","-253","32339","221"
"81635.650","81226","27814","11570","365","-743","-482","-676","568","3715692","-12184581","18462","29517","-324","32343","212"
"81636.650","81311","27819","11551","322","-700","-200","-945","565","3715769","-12184652","18362","29513","-256","32308","213"
"81637.650","81426","27835","11523","298","-636","-486","-745","561","3715847","-12184725","18258","29518","-355","32307","188"
"81638.650","81521","27826","11620","421","-615","-937","-759","563","3715925","-12184800","18152","29498","-269","32248","209"
"81639.650","81616","27843","11692","428","-656","-562","-567","567","3716003","-12184873","18041","29506","-48","32198","184"
"81640.650","81724","27854","11730","357","-710","-471","-807","567","3716081","-12184948","17918","29508","-242","32276","188"
"81641.650","81814","27862","11729","353","-660","-414","-797","563","3716158","-12185025","17801","29506","-4","32273","194"
"81642.650","81920","27873","11726","362","-605","-417","-723","563","3716237","-12185100","17693","29507","18","32274","198"
"81643.650","82014","27883","11762","332","-627","-309","-691","561","3716316","-12185175","17589","29508","36","32285","201"
"81644.650","82122","27874","11812","413","-576","-114","-494","558","3716395","-12185250","17486","29487","-66","32318","152"
"81645.650","82209","27871","11844","517","-464","978","-680","559","3716473","-12185326","17383","29475","127","32206","102"
"81646.650","82304","27879","11867","448","-502","608","-545","561","3716553","-12185401","17281","29474","-15","32210","169"
"81647.650","82397","27899","11906","395","-556","-401","-596","558","3716633","-12185476","17181","29486","-93","32273","213"
"81648.650","82508","27918","11988","428","-588","334","-719","559","3716714","-12185553","17083","29495","427","32317","145"
"81649.650","82601","27930","11973","389","-550","380","-621","562","3716795","-12185630","16987","29498","408","32390","151"
"81650.650","82689","27938","12040","420","-568","423","-639","561","3716877","-12185705","16890","29497","415","32423","182"
"81651.650","82797","27945","11999","421","-476","356","-784","557","3716958","-12185780","16795","29493","486","32455","179"
"81652.650","82887","27961","12011","366","-497","-4","-773","557","3717042","-12185854","16702","29501","406","32491","180"
"81653.650","82979","27970","12103","399","-548","-4","-855","561","3717125","-12185927","16610","29501","354","32549","194"
"81654.650","83070","27974","12112","405","-518","286","-756","558","3717209","-12186001","16518","29497","363","32566","176"
"81655.650","83160","27984","12075","340","-485","232","-797","553","3717294","-12186074","16427","29498","309","32609","194"
"81656.650","83254","27994","12094","317","-486","263","-680","552","3717380","-12186146","16338","29499","143","32644","175"
"81657.650","83353","28002","12155","350","-502","136","-653","553","3717466","-12186217","16248","29497","176","32636","175"
"81658.650","83448","28008","12175","352","-494","-54","-717","556","3717553","-12186287","16159","29493","74","32658","176"
"81659.650","83541","28016","12217","379","-497","-342","-666","556","3717639","-12186360","16069","29493","-13","32654","196"
"81660.650","83627","28021","12226","401","-469","-64","-788","559","3717727","-12186431","15980","29489","-23","32636","204"
"81661.650","83725","28025","12221","409","-437","-176","-707","553","3717814","-12186502","15891","29484","2","32633","196"
"81662.650","83800","28014","12259","400","-472","-312","-641","554","3717902","-12186572","15803","29465","89","32647","220"
"81663.650","83890","28018","12232","361","-439","449","-614","553","3717990","-12186645","15716","29460","5","32680","197"
"81664.650","83984","28031","12249","390","-414","500","-619","554","3718079","-12186716","15630","29464","4","32666","188"
"81665.650","84066","28033","12244","432","-355","649","-511","554","3718167","-12186786","15547","29458","-25","32637","175"
"81666.650","84156","28029","12284","417","-395","479","-643","553","3718255","-12186856","15464","29445","-111","32628","211"
"81667.650","84240","28030","12228","358","-348","570","-685","547","3718344","-12186929","15383","29437","-130","32654","208"
"81668.650","84329","28050","12204","346","-303","491","-582","547","3718433","-12187000","15304","29450","-58","32648","170"
"81669.650","84416","28084","12264","295","-389","319","-559","546","3718522","-12187071","15222","29477","-70","32659","174"
"81670.650","84497","28091","12344","290","-469","-3","-585","552","3718611","-12187142","15140","29476","-112","32719","201"
"81671.650","84585","28105","12329","265","-447","181","-668","548","3718700","-12187214","15056","29482","-84","32711","191"
"81672.650","84675","28116","12341","282","-438","-320","-735","546","3718789","-12187285","14972","29484","-154","32716","209"
"81673.650","84758","28120","12326","306","-382","513","-653","544","3718879","-12187357","14887","29480","-34","32678","195"
"81674.650","84853","28128","12306","308","-341","204","-645","545","3718969","-12187429","14804","29479","-2","32686","185"
"81675.650","84935","28133","12315","337","-318","13","-608","541","3719058","-12187501","14721","29477","25","32687","206"
"81676.650","85024","28141","12329","332","-323","79","-583","542","3719149","-12187574","14638","29476","117","32682","198"
"81677.650","85099","28149","12351","351","-320","284","-731","545","3719238","-12187645","14555","29477","74","32718","192"
"81678.650","85189","28157","12429","385","-375","331","-641","551","3719329","-12187715","14473","29476","90","32713","190"
"81679.650","85265","28166","12441","361","-396","-76","-686","548","3719420","-12187787","14391","29478","103","32731","202"
"81680.650","85357","28170","12468","405","-387","107","-600","553","3719510","-12187857","14309","29474","205","32759","206"
"81681.650","85443","28174","12469","367","-410","-587","-717","551","3719602","-12187929","14229","29470","-216","32755","234"
"81682.650","85517","28179","12493","398","-410","-258","-649","555","3719693","-12188000","14149","29467","-107","32732","239"
"81683.650","85605","28181","12447","321","-404","-151","-706","551","3719784","-12188071","14070","29460","-66","32743","214"
"81684.650","85674","28191","12405","360","-317","-36","-554","546","3719875","-12188140","13993","29464","36","32775","256"
"81685.650","85757","28183","12366","343","-275","211","-644","544","3719967","-12188212","13917","29447","59","32724","207"
"81686.650","85842","28198","12446","435","-313","-882","-454","549","3720059","-12188282","13841","29455","19","32767","253"
"81687.650","85906","28188","12551","510","-399","-1214","-628","552","3720150","-12188354","13766","29438","204","32732","306"
"81688.650","85972","28190","12390","477","-242","-909","-713","551","3720241","-12188422","13692","29434","-19","32754","344"
"81689.650","86045","28248","12383","402","-300","-447","-487","550","3720333","-12188492","13620","29487","-74","32704","301"
"81690.650","86125","28257","12399","364","-357","-231","-588","550","3720426","-12188561","13549","29489","-167","32802","289"
"81691.650","86159","28260","12391","343","-379","-842","-938","548","3720517","-12188631","13481","29489","34","32789","420"
"81692.650","86152","28235","12252","282","-304","-885","-446","535","3720609","-12188702","13417","29464","-82","32835","596"
"81693.650","86224","28254","12191","301","-283","-634","-756","545","3720700","-12188771","13362","29476","-56","32797","590"
"81694.650","86269","28237","12147","335","-278","-470","-698","534","3720791","-12188839","13322","29455","-180","32804","542"
"81695.650","86270","28240","12046","353","-203","-178","-627","538","3720881","-12188906","13298","29457","-26","32757","562"
"81696.650","86284","28254","12010","325","-246","-439","-637","538","3720971","-12188975","13288","29470","-70","32775","579"
"81697.650","86297","28224","11959","389","-201","151","-893","545","3721061","-12189044","13286","29438","3","32796","551"
"81698.650","86311","28197","11954","478","-193","425","-875","549","3721150","-12189112","13287","29409","164","32753","536"
"81699.650","86320","28190","11905","508","-163","354","-679","550","3721239","-12189177","13287","29400","175","32758","552"
"81700.650","86336","28193","11854","496","-144","249","-726","549","3721328","-12189242","13288","29402","87","32760","563"
"81701.650","86339","28206","11781","426","-124","-8","-626","542","3721417","-12189310","13286","29415","-69","32770","587"
"81702.650","86354","28218","11752","413","-118","-308","-712","542","3721506","-12189374","13282","29426","-92","32781","594"
"81703.650","86362","28218","11703","385","-102","-683","-734","540","3721595","-12189440","13277","29426","-118","32775","595"
"81704.650","86366","28226","11708","348","-144","-1254","-654","536","3721683","-12189504","13269","29433","-81","32790","668"
"81705.650","86347","28245","11716","254","-191","-1008","-574","526","3721772","-12189569","13264","29455","-29","32821","763"
"81706.650","86357","28260","11799","187","-307","-941","-544","536","3721861","-12189635","13261","29469","-79","32890","799"
"81707.650","86348","28249","11848","299","-280","-1576","-609","539","3721949","-12189701","13262","29459","-66","32892","854"
"81708.650","86311","28259","11792","266","-243","-775","-559","535","3722038","-12189765","13270","29473","61","32828","866"
"81709.650","86264","28262","11826","213","-299","-402","-657","533","3722127","-12189830","13289","29481","-53","32906","928"
"81710.650","86201","28251","11920","227","-367","-591","-611","541","3722216","-12189896","13322","29475","-12","32925","1008"
"81711.650","86155","28238","11908","254","-328","-393","-703","540","3722305","-12189961","13373","29467","41","32919","1034"
"81712.650","86069","28224","11872","278","-265","-107","-699","537","3722394","-12190026","13442","29460","-140","32902","1057"
"81713.650","85965","28216","11880","285","-268","-249","-791","538","3722483","-12190090","13529","29461","-67","32870","1094"
"81714.650","85862","28209","11864","238","-287","-316","-596","537","3722572","-12190155","13628","29465","-53","32911","1151"
"81715.650","85751","28198","11850","250","-278","-107","-699","528","3722662","-12190221","13739","29464","26","32920","1183"
"81716.650","85635","28189","11859","235","-320","-357","-879","540","3722751","-12190285","13858","29466","10","32928","1244"
"81717.650","85496","28178","11825","169","-352","-436","-508","539","3722840","-12190348","13986","29468","-137","32967","1301"
"81718.650","85372","28177","11846","116","-449","-498","-658","544","3722929","-12190412","14124","29480","-129","32991","1341"
"81719.650","85202","28171","11856","99","-457","-27","-589","550","3723018","-12190475","14270","29490","-13","33028","1434"
"81720.650","85071","28160","11951","63","-488","308","-610","541","3723106","-12190539","14427","29491","194","33039","1453"
"81721.650","84924","28129","12024","69","-460","309","-467","545","3723194","-12190604","14595","29473","146","33123","1436"
"81722.650","84735","28119","12018","61","-356","328","-748","532","3723283","-12190667","14777","29482","144","33059","1453"
"81723.650","84569","28102","12223","110","-459","-380","-505","551","3723374","-12190731","14969","29480","86","33086","1422"
"81724.650","84389","28087","12337","163","-465","-59","-483","553","3723466","-12190795","15167","29483","219","33112","1337"
"81725.650","84208","28088","12509","148","-574","54","-578","560","3723559","-12190859","15362","29502","349","33117","1343"
"81726.650","84034","28069","12672","115","-679","83","-754","560","3723652","-12190921","15549","29499","290","33233","1328"
"81727.650","83874","28050","12751","201","-611","-661","-599","560","3723746","-12190985","15733","29495","287","33241","1309"
"81728.650","83691","28029","12855","241","-615","-658","-668","561","3723841","-12191050","15914","29492","1","33188","1332"
"81729.650","83513","28016","12872","216","-562","-258","-668","553","3723938","-12191114","16093","29496","-35","33171","1308"
"81730.650","83326","27990","12960","184","-584","-549","-700","556","3724035","-12191179","16274","29487","-70","33206","1355"
"81731.650","83151","27969","12992","108","-582","-378","-652","553","3724132","-12191244","16457","29483","-88","33206","1358"
"81732.650","82964","27951","13030","94","-556","-47","-606","552","3724230","-12191307","16642","29483","-147","33244","1380"
"81733.650","82773","27950","13147","182","-572","301","-775","557","3724328","-12191372","16831","29501","-43","33196","1371"
"81734.650","82583","27939","13291","220","-643","131","-842","560","3724427","-12191439","17024","29509","2","33202","1345"
"81735.650","82381","27923","13397","231","-687","95","-790","562","3724526","-12191505","17224","29512","-224","33204","1376"
"81736.650","82177","27908","13518","275","-730","66","-695","566","3724626","-12191571","17429","29518","-354","33172","1298"
"81737.650","81978","27892","13617","282","-767","30","-770","568","3724727","-12191639","17637","29522","-274","33158","1307"
"81738.650","81779","27891","13710","309","-787","14","-789","569","3724827","-12191706","17841","29540","-182","33159","1316"
"81739.650","81574","27886","13739","326","-747","12","-816","568","3724928","-12191774","18047","29557","-51","33136","1355"
"81740.650","81372","27874","13813","332","-770","106","-865","568","3725030","-12191844","18254","29565","17","33157","1330"
"81741.650","81162","27872","13901","355","-799","188","-936","570","3725131","-12191912","18463","29585","18","33160","1338"
"81742.650","80941","27866","13968","406","-792","244","-912","571","3725233","-12191980","18674","29602","-46","33142","1359"
"81743.650","80739","27873","14038","482","-782","355","-822","572","3725336","-12192050","18889","29630","-114","33108","1341"
"81744.650","80519","27875","14116","562","-775","269","-757","574","3725439","-12192120","19110","29655","-653","33029","1343"
"81745.650","80297","27866","14173","601","-771","261","-910","575","3725542","-12192189","19334","29669","-661","32953","1325"
"81746.650","80090","27867","14243","603","-803","245","-1027","576","3725644","-12192261","19563","29692","-647","32923","1303"
"81747.650","79880","27862","14302","613","-813","261","-937","576","3725748","-12192334","19786","29709","-556","32892","1288"
"81748.650","79668","27862","14382","642","-838","309","-899","578","3725851","-12192406","20007","29732","-474","32862","1279"
"81749.650","79458","27845","14478","648","-896","308","-1003","580","3725953","-12192480","20226","29736","-504","32847","1264"
"81750.650","79251","27836","14497","623","-877","292","-753","578","3726056","-12192556","20442","29748","-481","32824","1254"
"81751.650","79009","27829","14477","578","-839","154","-1041","576","3726159","-12192633","20660","29767","-468","32787","1452"
"81752.650","78771","27811","14482","548","-853","135","-718","576","3726262","-12192711","20882","29773","-447","32767","1568"
"81753.650","78517","27801","14421","526","-802","154","-934","573","3726363","-12192789","21120","29791","-407","32751","1622"
"81754.650","78241","27792","14363","492","-767","169","-778","570","3726465","-12192865","21376","29811","-341","32739","1618"
"81755.650","77968","27770","14371","480","-797","180","-785","571","3726566","-12192945","21645","29817","-296","32732","1557"
"81756.650","77700","27758","14342","447","-784","147","-846","570","3726666","-12193024","21931","29832","-272","32729","1523"
"81757.650","77443","27742","14332","412","-791","143","-1007","569","3726766","-12193103","22248","29844","-284","32732","1503"
"81758.650","77190","27725","14338","394","-801","116","-763","569","3726866","-12193184","22547","29854","-274","32726","1489"
"81759.650","76945","27710","14359","373","-830","42","-767","570","3726966","-12193264","22836","29865","-269","32727","1469"
"81760.650","76701","27690","14388","348","-865","-14","-805","571","3727067","-12193345","23115","29870","-264","32731","1459"
"81761.650","76458","27670","14402","343","-871","-15","-939","571","3727166","-12193427","23386","29876","-253","32726","1449"
"81762.650","76225","27650","14404","356","-849","-67","-895","571","3727267","-12193508","23650","29880","-216","32714","1452"
"81763.650","75991","27634","14397","367","-819","-64","-1062","569","3727367","-12193589","23909","29889","-173","32699","1455"
"81764.650","75756","27618","14395","385","-792","-45","-868","568","3727468","-12193671","24163","29898","-173","32686","1459"
"81765.650","75530","27599","14403","409","-773","-14","-802","568","3727568","-12193754","24413","29903","-153","32667","1450"
"81766.650","75302","27580","14419","445","-755","32","-1156","568","3727668","-12193837","24661","29908","-133","32643","1441"
"81767.650","75074","27564","14423","442","-748","119","-994","568","3727768","-12193919","24906","29917","-111","32636","1428"
"81768.650","74850","27550","14417","433","-728","119","-842","566","3727869","-12194001","25149","29928","-109","32640","1415"
"81769.650","74619","27538","14422","442","-707","171","-924","566","3727969","-12194084","25391","29940","-88","32627","1396"
"81770.650","74397","27520","14441","463","-693","221","-998","565","3728070","-12194168","25631","29947","-81","32619","1379"
"81771.650","74183","27502","14459","464","-688","246","-888","565","3728170","-12194251","25867","29952","-108","32610","1363"
"81772.650","73967","27507","14438","445","-642","205","-870","562","3728272","-12194335","26101","29982","-125","32612","1352"
"81773.650","73756","27502","14415","428","-594","247","-838","560","3728373","-12194418","26331","30001","-129","32589","1337"
"81774.650","73556","27483","14454","440","-599","262","-713","561","3728475","-12194502","26559","30004","-400","32569","1314"
"81775.650","73349","27463","14523","488","-611","298","-756","562","3728577","-12194586","26782","30006","-361","32535","1290"
"81776.650","73153","27443","14605","534","-638","234","-935","565","3728678","-12194671","27000","30007","-343","32504","1262"
"81777.650","72964","27425","14658","555","-640","143","-917","566","3728780","-12194759","27214","30009","-357","32483","1243"
"81778.650","72777","27407","14721","564","-665","228","-830","567","3728882","-12194844","27422","30011","-377","32466","1221"
"81779.650","72596","27389","14765","564","-670","361","-844","567","3728985","-12194933","27626","30013","-343","32456","1206"
"81780.650","72420","27375","14837","591","-687","456","-792","568","3729086","-12195021","27824","30019","-312","32440","1197"
"81781.650","72241","27378","14893","617","-682","251","-728","569","3729189","-12195109","28020","30043","-308","32409","1207"
"81782.650","72061","27402","14892","561","-672","81","-754","567","3729290","-12195199","28216","30091","-359","32407","1222"
"81783.650","71882","27407","14953","569","-698","357","-785","568","3729393","-12195288","28417","30118","-345","32401","1213"
"81784.650","71699","27390","15004","569","-714","264","-762","567","3729496","-12195379","28619","30121","-355","32373","1199"
"81785.650","71517","27373","15045","567","-719","235","-934","568","3729598","-12195471","28821","30125","-360","32369","1192"
"81786.650","71337","27355","15113","611","-723","164","-927","569","3729701","-12195562","29022","30126","-314","32338","1190"
"81787.650","71165","27340","15160","625","-725","128","-790","570","3729803","-12195654","29223","30131","-320","32317","1189"
"81788.650","70985","27329","15252","649","-776","111","-702","572","3729905","-12195748","29423","30140","-317","32304","1184"
"81789.650","70798","27316","15363","709","-827","140","-764","575","3730008","-12195843","29624","30149","-348","32289","1172"
"81790.650","70623","27317","15463","745","-882","151","-851","578","3730111","-12195936","29825","30171","-438","32260","1159"
"81791.650","70447","27306","15551","768","-930","-5","-851","580","3730214","-12196031","30026","30181","-561","32233","1159"
"81792.650","70269","27299","15598","787","-933","-25","-887","580","3730316","-12196128","30224","30194","-709","32192","1152"
"81793.650","70091","27297","15634","796","-930","-57","-917","580","3730419","-12196226","30422","30214","-756","32131","1156"
"81794.650","69925","27289","15701","825","-952","-82","-875","581","3730520","-12196324","30621","30226","-756","32097","1154"
"81795.650","69758","27278","15765","867","-962","-127","-861","582","3730622","-12196424","30821","30235","-728","32041","1145"
"81796.650","69578","27274","15824","918","-956","-129","-1045","584","3730723","-12196525","31021","30252","-701","31997","1128"
"81797.650","69405","27273","15894","963","-970","-152","-1142","585","3730824","-12196626","31218","30272","-676","31943","1096"
"81798.650","69243","27280","15950","968","-991","-131","-971","585","3730924","-12196730","31414","30301","-588","31931","1056"
"81799.650","69084","27274","16013","976","-1015","-138","-952","585","3731025","-12196834","31606","30314","-524","31903","1031"
"81800.650","68930","27268","16063","976","-1022","-140","-829","586","3731125","-12196939","31795","30326","-512","31891","1004"
"81801.650","68785","27264","16098","992","-992","-153","-752","585","3731225","-12197045","31978","30340","-499","31852","981"
"81802.650","68649","27261","16127","986","-974","-190","-818","585","3731325","-12197154","32154","30354","-533","31824","1016"
"81803.650","68507","27257","16163","993","-958","-213","-743","584","3731425","-12197263","32323","30368","-553","31789","1020"
"81804.650","68355","27248","16184","987","-937","-204","-962","584","3731525","-12197373","32486","30377","-578","31750","1019"
"81805.650","68206","27245","16199","942","-942","-172","-1024","583","3731624","-12197481","32654","30392","-616","31729","1021"
"81806.650","68060","27238","16210","894","-946","-192","-860","582","3731723","-12197592","32823","30404","-641","31712","1024"
"81807.650","67913","27229","16234","868","-948","-172","-859","581","3731822","-12197705","32994","30412","-650","31682","1020"
"81808.650","67763","27218","16278","857","-965","-116","-840","581","3731921","-12197819","33165","30419","-684","31658","1014"
"81809.650","67615","27201","16335","873","-971","-91","-1003","582","3732019","-12197934","33336","30419","-661","31621","985"
"81810.650","67474","27187","16400","898","-978","-30","-859","582","3732118","-12198049","33504","30421","-652","31583","967"
"81811.650","67337","27172","16447","911","-967","19","-880","582","3732215","-12198165","33669","30422","-521","31558","943"
"81812.650","67204","27160","16480","923","-936","127","-908","582","3732313","-12198284","33831","30427","-288","31540","928"
"81813.650","67072","27146","16533","927","-936","130","-951","582","3732411","-12198400","33990","30427","-277","31531","913"
"81814.650","66946","27131","16585","927","-936","157","-830","582","3732509","-12198521","34146","30426","-274","31523","903"
"81815.650","66822","27118","16642","933","-935","160","-837","582","3732607","-12198641","34300","30429","-262","31509","894"
"81816.650","66697","27106","16697","938","-936","198","-802","582","3732705","-12198763","34450","30431","-260","31496","897"
"81817.650","66574","27094","16746","938","-930","219","-837","582","3732803","-12198883","34596","30434","-264","31486","898"
"81818.650","66446","27082","16795","944","-925","256","-908","582","3732901","-12199005","34745","30437","-267","31469","920"
"81819.650","66316","27070","16831","941","-916","192","-777","581","3733000","-12199129","34896","30440","-291","31457","951"
"81820.650","66180","27055","16866","937","-914","161","-779","581","3733098","-12199253","35050","30442","-330","31438","987"
"81821.650","66034","27040","16897","938","-912","201","-882","581","3733196","-12199375","35208","30444","-365","31420","1002"
"81822.650","65876","27026","16921","943","-898","171","-928","581","3733294","-12199500","35375","30449","-399","31388","1029"
"81823.650","65708","27010","16950","950","-895","77","-821","581","3733392","-12199625","35551","30454","-423","31366","1031"
"81824.650","65551","26994","16972","957","-886","158","-846","581","3733490","-12199752","35738","30456","33","31371","1019"
"81825.650","65393","26982","16991","954","-881","160","-990","581","3733588","-12199877","35931","30464","3","31387","1037"
"81826.650","65230","26969","17014","959","-876","148","-1107","580","3733686","-12200003","36127","30470","-33","31377","1042"
"81827.650","65067","26953","17030","954","-874","100","-929","580","3733784","-12200128","36327","30474","-91","31380","1052"
"81828.650","64909","26937","17044","953","-864","65","-879","580","3733784","-12200128","36327","30478","-121","31370","1040"
"81829.650","64754","26925","17055","951","-853","87","-893","580","3733882","-12200255","36528","30484","-142","31364","1019"
"81830.650","64594","26907","17082","956","-851","79","-957","579","3734078","-12200510","36927","30486","-133","31358","991"
"81831.650","64444","26898","17126","981","-847","97","-785","580","3734078","-12200510","36927","30496","-123","31348","966"
"81832.650","64302","26898","17186","1053","-814","122","-757","582","3734177","-12200637","37121","30515","-107","31326","945"
"81833.650","64160","26883","17257","1108","-814","172","-926","582","3734276","-12200764","37312","30517","-68","31306","947"
"81834.650","64024","26867","17293","1118","-811","152","-787","583","3734375","-12200893","37499","30517","-5","31313","945"
"81835.650","63881","26850","17327","1144","-789","164","-867","583","3734474","-12201020","37681","30518","90","31310","949"
"81836.650","63741","26835","17352","1147","-781","266","-899","583","3734573","-12201149","37859","30519","243","31327","950"
"81837.650","63600","26819","17396","1163","-789","308","-832","583","3734673","-12201279","38033","30521","400","31357","965"
"81838.650","63457","26804","17431","1172","-791","396","-949","583","3734773","-12201406","38203","30524","437","31383","945"
"81839.650","63311","26802","17436","1185","-742","402","-808","583","3734873","-12201535","38379","30541","418","31400","945"
"81840.650","63166","26791","17488","1226","-737","419","-839","584","3734974","-12201663","38555","30548","384","31404","937"
"81841.650","63023","26777","17546","1243","-760","370","-768","585","3735077","-12201789","38731","30553","344","31430","930"
"81842.650","62887","26768","17604","1256","-790","386","-882","585","3735179","-12201918","38906","30561","309","31451","924"
"81843.650","62746","26766","17613","1219","-798","367","-832","584","3735282","-12202044","39080","30578","281","31480","918"
"81844.650","62604","26759","17656","1224","-813","367","-839","585","3735386","-12202171","39254","30590","259","31496","915"
"81845.650","62470","26755","17697","1231","-823","346","-864","585","3735490","-12202298","39426","30604","229","31513","917"
"81846.650","62337","26753","17721","1220","-831","310","-866","585","3735596","-12202423","39598","30621","200","31526","928"
"81847.650","62197","26755","17731","1192","-836","260","-970","584","3735806","-12202675","39943","30643","162","31553","925"
"81848.650","62058","26747","17746","1176","-838","247","-757","584","3735913","-12202800","40117","30653","144","31560","924"
"81849.650","61922","26738","17751","1154","-832","196","-1041","583","3736020","-12202925","40291","30662","85","31574","931"
"81850.650","61786","26728","17773","1149","-834","140","-736","583","3736020","-12202925","40291","30670","28","31574","926"
"81851.650","61650","26713","17816","1158","-850","82","-922","583","3736127","-12203053","40466","30672","-26","31578","910"
"81852.650","61516","26703","17876","1200","-857","23","-722","584","3736234","-12203177","40640","30679","-80","31571","886"
"81853.650","61388","26698","17943","1220","-894","16","-751","585","3736341","-12203302","40812","30692","-138","31562","882"
"81854.650","61265","26687","18001","1239","-917","-57","-869","586","3736449","-12203429","40982","30697","-196","31562","883"
"81855.650","61133","26671","18029","1244","-916","-111","-857","586","3736557","-12203556","41150","30698","-233","31545","903"
"81856.650","61000","26654","18069","1260","-923","-171","-833","587","3736665","-12203682","41314","30697","-229","31541","872"
"81857.650","60877","26639","18083","1257","-911","-117","-860","586","3736772","-12203809","41479","30697","-216","31529","865"
"81858.650","60748","26625","18107","1252","-914","-145","-697","586","3736880","-12203938","41641","30700","-176","31520","875"
"81859.650","60623","26611","18143","1247","-935","-192","-776","586","3736988","-12204065","41802","30701","-158","31524","870"
"81860.650","60501","26595","18188","1272","-937","-251","-630","587","3737096","-12204193","41962","30702","-119","31523","860"
"81861.650","60374","26581","18239","1309","-936","-129","-716","588","3737203","-12204322","42122","30703","-60","31517","826"
"81862.650","60259","26571","18311","1341","-963","-181","-648","589","3737312","-12204451","42279","30709","-26","31512","807"
"81863.650","60148","26557","18365","1375","-958","-232","-1077","589","3737419","-12204579","42436","30709","-21","31516","788"
"81864.650","60039","26546","18399","1372","-958","-153","-630","589","3737528","-12204710","42589","30712","-13","31517","762"
"81865.650","59942","26535","18433","1356","-968","-161","-774","589","3737637","-12204840","42738","30713","-57","31517","766"
"81866.650","59847","26524","18461","1360","-951","-166","-647","589","3737745","-12204970","42881","30714","-85","31510","761"
"81867.650","59750","26513","18485","1355","-940","-159","-918","588","3737854","-12205101","43017","30715","-126","31506","757"
"81868.650","59646","26502","18516","1355","-935","-106","-621","588","3737964","-12205233","43146","30718","-149","31495","750"
"81869.650","59545","26490","18555","1386","-905","-105","-806","588","3738073","-12205364","43272","30719","-39","31494","725"
"81870.650","59450","26479","18592","1420","-866","-27","-648","589","3738184","-12205494","43395","30721","282","31514","688"
"81871.650","59368","26469","18637","1401","-881","-30","-714","588","3738293","-12205625","43514","30721","285","31535","669"
"81872.650","59289","26459","18679","1388","-886","-51","-680","588","3738403","-12205759","43630","30721","270","31549","671"
"81873.650","59207","26449","18714","1373","-890","-44","-895","588","3738515","-12205892","43741","30721","256","31564","673"
"81874.650","59125","26439","18751","1371","-884","-94","-660","588","3738626","-12206023","43844","30722","240","31579","678"
"81875.650","59047","26429","18777","1361","-870","-238","-577","587","3738739","-12206157","43944","30722","223","31594","683"
"81876.650","58967","26422","18791","1361","-835","-391","-643","587","3738852","-12206288","44044","30726","207","31604","685"
"81877.650","58888","26414","18806","1346","-818","-556","-840","586","3738965","-12206420","44149","30728","186","31620","685"
"81878.650","58806","26405","18837","1337","-819","-542","-774","586","3739079","-12206552","44256","30731","177","31632","672"
"81879.650","58723","26397","18873","1327","-826","-510","-696","586","3739194","-12206684","44363","30733","164","31651","666"
"81880.650","58648","26389","18906","1322","-821","-591","-636","585","3739309","-12206815","44469","30735","164","31656","664"
"81881.650","58570","26378","18929","1310","-822","-679","-809","585","3739424","-12206948","44575","30735","150","31672","670"
"81882.650","58486","26369","18943","1318","-814","-576","-644","585","3739541","-12207079","44679","30737","139","31682","671"
"81883.650","58397","26360","18948","1313","-821","-540","-670","585","3739657","-12207210","44785","30738","133","31698","652"
"81884.650","58325","26355","18944","1336","-794","-762","-642","585","3739774","-12207343","44890","30744","167","31704","634"
"81885.650","58255","26348","18948","1329","-799","-783","-873","585","3739890","-12207474","44994","30747","164","31723","600"
"81886.650","58203","26345","18940","1285","-817","-907","-604","585","3740008","-12207605","45095","30751","159","31732","600"
"81887.650","58132","26342","18946","1272","-829","-510","-583","584","3740125","-12207734","45192","30758","131","31744","609"
"81888.650","58046","26334","18957","1264","-847","110","-830","584","3740243","-12207866","45283","30762","42","31751","642"
"81889.650","57974","26329","18955","1254","-851","52","-758","584","3740361","-12207997","45370","30767","40","31757","666"
"81890.650","57893","26320","18950","1242","-858","140","-956","584","3740479","-12208127","45463","30769","52","31769","672"
"81891.650","57811","26313","18937","1232","-853","103","-621","583","3740598","-12208255","45556","30773","67","31774","680"
"81892.650","57727","26306","18932","1219","-863","42","-843","583","3740716","-12208387","45651","30777","83","31789","682"
"81893.650","57652","26297","18927","1223","-856","-136","-608","583","3740835","-12208517","45749","30778","105","31796","681"
"81894.650","57574","26291","18922","1226","-851","-318","-623","583","3740953","-12208644","45851","30783","115","31804","676"
"81895.650","57494","26288","18936","1263","-843","-327","-807","584","3741072","-12208774","45956","30792","138","31809","668"
"81896.650","57413","26292","18951","1255","-872","-347","-750","584","3741190","-12208903","46064","30809","132","31830","646"
"81897.650","57340","26290","18968","1279","-870","-347","-922","584","3741309","-12209032","46175","30818","-1","31834","612"
"81898.650","57267","26285","18990","1304","-871","-364","-595","585","3741429","-12209159","46280","30823","-162","31831","559"
"81899.650","57210","26282","19016","1286","-911","-211","-650","585","3741548","-12209288","46383","30829","-164","31822","532"
"81900.650","57160","26279","19040","1260","-953","-136","-788","585","3741668","-12209417","46481","30833","-300","31810","543"
"81901.650","57124","26277","19044","1253","-949","-345","-686","585","3741787","-12209543","46574","30836","-465","31786","551"
"81902.650","57078","26277","19037","1241","-941","-327","-723","585","3741907","-12209673","46656","30843","-460","31761","565"
"81903.650","57015","26287","19073","1251","-971","-155","-608","585","3742026","-12209802","46731","30865","-440","31751","544"
"81904.650","56969","26318","19090","1261","-976","-265","-702","585","3742145","-12209931","46801","30908","-421","31729","560"
"81905.650","56917","26338","19056","1265","-939","-353","-748","585","3742263","-12210063","46866","30940","-400","31707","540"
"81906.650","56856","26351","19029","1259","-946","-58","-717","585","3742380","-12210194","46930","30964","-394","31693","519"
"81907.650","56810","26371","18960","1194","-934","179","-959","583","3742498","-12210324","46995","30996","-368","31685","513"
"81908.650","56773","26388","18913","1156","-909","180","-863","582","3742615","-12210457","47059","31020","-331","31674","501"
"81909.650","56729","26399","18928","1159","-920","291","-883","582","3742731","-12210589","47120","31040","-287","31665","491"
"81910.650","56694","26403","18955","1191","-912","188","-796","582","3742848","-12210723","47178","31051","-279","31651","459"
"81911.650","56660","26403","18967","1201","-905","81","-827","582","3742964","-12210855","47231","31056","-302","31627","489"
"81912.650","56629","26416","18977","1231","-877","16","-899","582","3743079","-12210989","47280","31076","-303","31613","481"
"81913.650","56599","26432","18966","1245","-837","13","-907","582","3743195","-12211122","47324","31100","-284","31589","486"
"81914.650","56569","26441","18982","1256","-840","-27","-897","582","3743311","-12211257","47366","31116","-250","31583","497"
"81915.650","56529","26443","18997","1257","-852","-62","-971","583","3743426","-12211391","47404","31123","-197","31582","486"
"81916.650","56490","26441","18999","1255","-847","-96","-799","582","3743541","-12211524","47447","31128","-121","31582","462"
"81917.650","56464","26442","19019","1265","-846","-169","-700","583","3743656","-12211661","47489","31132","-72","31589","430"
"81918.650","56441","26440","19034","1266","-845","-228","-892","583","3743771","-12211795","47530","31133","-102","31579","406"
"81919.650","56420","26438","19071","1284","-854","-142","-917","583","3743887","-12211930","47567","31135","-95","31577","409"
"81920.650","56410","26437","19096","1300","-848","-203","-837","583","3744002","-12212067","47600","31135","-143","31568","428"
"81921.650","56393","26435","19115","1304","-851","-236","-1121","584","3744118","-12212202","47626","31136","-216","31560","437"
"81922.650","56373","26430","19149","1326","-860","-258","-1050","584","3744233","-12212339","47646","31133","-155","31553","446"
"81923.650","56346","26425","19168","1335","-862","-232","-795","584","3744349","-12212474","47662","31132","-84","31557","439"
"81924.650","56322","26422","19191","1354","-857","-272","-915","585","3744465","-12212609","47684","31132","-3","31558","394"
"81925.650","56311","26422","19214","1366","-851","-236","-741","585","3744580","-12212746","47705","31133","27","31565","371"
"81926.650","56308","26419","19229","1364","-843","-137","-892","585","3744696","-12212883","47724","31130","-90","31556","353"
"81927.650","56308","26418","19237","1336","-847","-120","-862","584","3744812","-12213018","47740","31129","-143","31557","344"
"81928.650","56307","26416","19263","1338","-845","-24","-903","584","3744928","-12213156","47751","31127","-58","31561","338"
"81929.650","56306","26416","19284","1337","-840","-37","-729","584","3745045","-12213292","47757","31127","34","31566","345"
"81930.650","56307","26415","19313","1346","-836","-35","-954","584","3745161","-12213430","47756","31126","115","31579","346"
"81931.650","56300","26409","19324","1337","-827","-82","-1006","584","3745278","-12213567","47750","31120","165","31592","349"
"81932.650","56299","26399","19352","1351","-820","-183","-1011","584","3745395","-12213703","47741","31109","148","31603","352"
"81933.650","56301","26389","19378","1364","-810","-269","-929","584","3745513","-12213839","47734","31096","24","31602","333"
"81934.650","56303","26382","19416","1366","-827","-292","-884","585","3745631","-12213977","47729","31087","42","31609","337"
"81935.650","56309","26374","19446","1367","-836","-224","-761","585","3745749","-12214114","47722","31077","108","31617","337"
"81936.650","56307","26369","19476","1359","-850","-206","-749","585","3745868","-12214249","47715","31072","49","31638","327"
"81937.650","56312","26370","19503","1368","-845","-191","-807","585","3745986","-12214388","47708","31072","64","31634","338"
"81938.650","56312","26361","19511","1363","-828","-227","-716","585","3746106","-12214524","47701","31061","48","31642","323"
"81939.650","56309","26347","19530","1326","-855","-227","-748","584","3746225","-12214661","47695","31045","1","31663","316"
"81940.650","56315","26343","19569","1313","-885","-175","-744","585","3746345","-12214798","47688","31039","-33","31668","319"
"81941.650","56321","26334","19587","1301","-887","-183","-861","584","3746465","-12214933","47679","31027","-31","31674","321"
"81942.650","56327","26335","19605","1298","-879","-36","-801","584","3746586","-12215071","47670","31028","39","31683","327"
"81943.650","56329","26335","19637","1313","-880","65","-796","584","3746706","-12215207","47661","31027","104","31691","363"
"81944.650","56323","26336","19652","1323","-868","43","-792","584","3746827","-12215345","47655","31030","78","31698","370"
"81945.650","56308","26332","19693","1347","-882","-11","-929","585","3746948","-12215483","47650","31027","97","31705","382"
"81946.650","56296","26331","19717","1352","-895","191","-779","585","3747069","-12215618","47648","31029","235","31725","404"
"81947.650","56281","26336","19707","1346","-875","201","-780","585","3747191","-12215756","47650","31036","188","31740","416"
"81948.650","56258","26336","19737","1371","-885","158","-997","586","3747313","-12215893","47659","31040","65","31740","425"
"81949.650","56236","26331","19746","1380","-884","206","-752","586","3747435","-12216028","47675","31038","16","31742","434"
"81950.650","56206","26330","19734","1369","-875","171","-732","586","3747558","-12216163","47700","31041","-76","31739","447"
"81951.650","56173","26325","19761","1384","-897","228","-892","586","3747681","-12216298","47734","31040","-7","31745","461"
"81952.650","56139","26328","19763","1387","-901","392","-804","586","3747804","-12216436","47774","31050","182","31766","476"
"81953.650","56104","26339","19736","1401","-858","525","-754","586","3747927","-12216571","47821","31068","347","31778","486"
"81954.650","56065","26361","19714","1409","-833","648","-833","586","3748050","-12216706","47873","31100","416","31801","496"
"81955.650","56021","26364","19708","1399","-843","543","-874","585","3748173","-12216839","47931","31111","418","31834","497"
"81956.650","55981","26368","19705","1427","-824","611","-796","586","3748297","-12216973","47994","31122","499","31854","486"
"81957.650","55935","26371","19718","1451","-829","624","-860","586","3748422","-12217106","48061","31132","150","31861","489"
"81958.650","55891","26373","19720","1433","-856","602","-1103","586","3748547","-12217237","48130","31142","226","31874","491"
"81959.650","55851","26376","19701","1419","-853","707","-733","586","3748673","-12217369","48198","31152","328","31909","486"
"81960.650","55812","26377","19681","1401","-850","664","-759","585","3748798","-12217501","48264","31160","193","31921","476"
"81961.650","55767","26381","19664","1365","-864","621","-773","585","3748924","-12217631","48328","31171","-10","31932","479"
"81962.650","55724","26382","19641","1343","-858","626","-856","584","3749050","-12217761","48389","31179","64","31936","478"
"81963.650","55687","26386","19629","1330","-859","563","-846","584","3749177","-12217888","48449","31190","-4","31946","479"
"81964.650","55649","26387","19631","1326","-871","491","-778","584","3749303","-12218018","48507","31198","-104","31946","493"
"81965.650","55610","26382","19626","1333","-868","505","-776","584","3749429","-12218148","48565","31198","77","31951","497"
"81966.650","55567","26379","19622","1347","-859","542","-887","584","3749556","-12218277","48623","31200","225","31970","496"
"81967.650","55525","26375","19611","1357","-847","539","-886","585","3749683","-12218405","48683","31203","300","31986","502"
"81968.650","55482","26372","19611","1391","-828","494","-739","585","3749810","-12218535","48743","31206","334","32003","496"
"81969.650","55439","26367","19602","1398","-817","421","-707","585","3749937","-12218662","48805","31207","266","32014","485"
"81970.650","55403","26363","19589","1397","-808","268","-853","585","3750065","-12218788","48866","31208","230","32028","472"
"81971.650","55370","26359","19587","1390","-813","153","-888","584","3750192","-12218916","48924","31208","208","32043","465"
"81972.650","55339","26355","19583","1385","-815","115","-870","584","3750320","-12219042","48981","31209","139","32053","487"
"81973.650","55299","26350","19589","1396","-817","48","-865","585","3750449","-12219166","49033","31210","139","32061","482"
"81974.650","55264","26346","19582","1391","-820","34","-803","585","3750577","-12219292","49083","31210","177","32077","505"
"81975.650","55224","26341","19582","1385","-822","57","-1220","584","3750706","-12219416","49135","31211","33","32085","535"
"81976.650","55176","26335","19606","1390","-823","-2","-734","584","3750835","-12219541","49188","31212","22","32078","550"
"81977.650","55124","26328","19639","1402","-828","27","-961","585","3750964","-12219666","49243","31212","56","32090","551"
"81978.650","55073","26323","19665","1400","-835","-94","-818","585","3751094","-12219789","49302","31214","-19","32090","565"
"81979.650","55016","26317","19687","1430","-818","-130","-730","585","3751223","-12219913","49367","31217","-169","32081","558"
"81980.650","54960","26309","19720","1454","-814","-231","-873","586","3751353","-12220037","49437","31216","-344","32065","530"
"81981.650","54916","26305","19738","1456","-805","-376","-811","586","3751484","-12220162","49512","31219","-400","32040","517"
"81982.650","54879","26301","19761","1459","-803","-524","-600","586","3751614","-12220286","49589","31220","-401","32026","511"
"81983.650","54844","26296","19781","1459","-797","-561","-620","585","3751744","-12220410","49659","31219","-355","32012","509"
"81984.650","54812","26293","19799","1463","-784","-714","-736","586","3751874","-12220537","49726","31221","-312","32001","507"
"81985.650","54771","26291","19825","1472","-780","-720","-1015","586","3752003","-12220665","49791","31225","-333","31985","508"
"81986.650","54732","26288","19842","1476","-770","-776","-752","586","3752133","-12220790","49854","31228","-408","31965","508"
"81987.650","54690","26285","19860","1482","-758","-746","-739","586","3752263","-12220918","49916","31232","-463","31943","511"
"81988.650","54648","26280","19879","1490","-747","-662","-887","586","3752392","-12221047","49979","31232","-481","31916","515"
"81989.650","54593","26272","19911","1492","-762","-316","-752","586","3752521","-12221176","50040","31231","-435","31901","519"
"81990.650","54539","26266","19936","1502","-761","-117","-1053","586","3752650","-12221305","50103","31233","-387","31886","523"
"81991.650","54493","26259","19959","1509","-759","-223","-705","586","3752779","-12221435","50167","31232","-369","31871","523"
"81992.650","54447","26253","19975","1507","-757","-230","-656","586","3752908","-12221566","50233","31233","-337","31854","539"
"81993.650","54397","26247","19995","1517","-754","-243","-803","586","3753036","-12221697","50299","31234","-307","31840","558"
"81994.650","54342","26242","19994","1519","-734","-300","-724","586","3753165","-12221831","50367","31237","-359","31828","569"
"81995.650","54286","26235","20014","1545","-722","-287","-757","586","3753293","-12221962","50437","31239","-436","31803","563"
"81996.650","54229","26227","20030","1567","-707","-387","-867","587","3753420","-12222095","50513","31238","-472","31779","561"
"81997.650","54181","26224","20043","1583","-692","-460","-743","587","3753548","-12222230","50594","31242","-353","31767","542"
"81998.650","54132","26219","20051","1604","-665","-492","-810","587","3753675","-12222362","50678","31244","-274","31751","542"
"81999.650","54079","26212","20061","1616","-647","-494","-834","587","3753802","-12222497","50758","31245","-302","31738","533"
"82000.650","54028","26207","20074","1619","-641","-428","-752","587","3753929","-12222633","50837","31247","-317","31720","531"
"82001.650","53974","26202","20090","1628","-634","-372","-676","587","3754056","-12222768","50913","31251","-358","31704","528"
"82002.650","53919","26196","20120","1635","-648","-189","-815","588","3754183","-12222903","50988","31253","-158","31697","536"
"82003.650","53866","26190","20133","1658","-627","-62","-685","588","3754309","-12223041","51061","31254","-82","31700","546"
"82004.650","53814","26185","20146","1681","-606","-146","-790","588","3754436","-12223178","51136","31256","-165","31684","544"
"82005.650","53763","26180","20165","1712","-586","-198","-724","589","3754562","-12223315","51212","31258","-172","31671","540"
"82006.650","53714","26174","20182","1736","-571","-193","-793","589","3754689","-12223452","51290","31259","-30","31674","532"
"82007.650","53664","26168","20199","1761","-551","-214","-597","590","3754815","-12223590","51368","31261","7","31675","518"
"82008.650","53619","26162","20226","1807","-523","-310","-638","590","3754942","-12223726","51445","31262","-85","31668","499"
"82009.650","53579","26158","20249","1812","-525","-386","-772","591","3755069","-12223862","51521","31263","-242","31654","487"
"82010.650","53539","26152","20277","1807","-540","-423","-716","591","3755196","-12224002","51595","31263","-333","31636","484"
"82011.650","53494","26147","20306","1812","-550","-432","-800","590","3755324","-12224140","51667","31264","-285","31626","489"
"82012.650","53435","26141","20337","1837","-545","-170","-738","591","3755450","-12224277","51735","31266","-212","31616","482"
"82013.650","53381","26138","20357","1856","-529","209","-685","591","3755578","-12224416","51800","31272","-160","31610","477"
"82014.650","53343","26138","20358","1858","-503","168","-791","591","3755704","-12224556","51862","31278","-112","31591","490"
"82015.650","53296","26137","20370","1857","-499","266","-766","591","3755831","-12224694","51919","31286","-64","31590","503"
"82016.650","53250","26138","20380","1895","-455","252","-893","592","3755958","-12224833","51977","31294","-65","31582","511"
"82017.650","53203","26140","20405","1934","-435","201","-919","592","3756085","-12224973","52039","31304","-142","31563","518"
"82018.650","53151","26134","20434","1972","-423","208","-680","593","3756212","-12225112","52102","31306","-157","31554","516"
"82019.650","53098","26128","20455","2027","-382","197","-625","594","3756339","-12225253","52166","31308","-59","31556","493"
"82020.650","53047","26122","20485","2060","-371","161","-649","594","3756467","-12225392","52232","31310","-93","31564","458"
"82021.650","53013","26118","20496","2000","-417","100","-828","594","3756594","-12225531","52295","31310","-94","31563","445"
"82022.650","52993","26117","20500","1946","-449","-181","-816","592","3756721","-12225672","52357","31312","-30","31568","479"
"82023.650","52957","26113","20522","1945","-458","-259","-732","593","3756849","-12225811","52415","31314","9","31575","491"
"82024.650","52909","26106","20546","1979","-438","-250","-563","593","3756976","-12225954","52470","31313","-114","31581","482"
"82025.650","52872","26103","20554","1953","-456","-442","-627","593","3757104","-12226095","52530","31316","-185","31572","491"
"82026.650","52832","26098","20566","1920","-489","-442","-858","592","3757232","-12226234","52590","31317","-82","31577","517"
"82027.650","52781","26091","20564","1915","-482","-405","-769","592","3757361","-12226375","52652","31317","-104","31576","536"
"82028.650","52719","26082","20574","1904","-502","-181","-864","592","3757488","-12226516","52715","31317","-75","31580","562"
"82029.650","52658","26075","20571","1913","-488","-226","-762","592","3757616","-12226656","52781","31319","-141","31578","569"
"82030.650","52602","26070","20548","1870","-500","-442","-778","591","3757744","-12226796","52853","31322","-172","31581","588"
"82031.650","52547","26067","20529","1851","-495","-678","-666","591","3757872","-12226939","52931","31328","-105","31579","608"
"82032.650","52483","26063","20499","1814","-499","-782","-867","590","3758000","-12227080","53017","31335","-4","31591","626"
"82033.650","52396","26059","20489","1817","-498","-487","-781","589","3758127","-12227220","53111","31345","-74","31602","631"
"82034.650","52317","26059","20467","1774","-522","-430","-860","589","3758254","-12227361","53214","31357","-195","31596","632"
"82035.650","52245","26050","20453","1783","-507","-490","-665","589","3758382","-12227503","53323","31359","-105","31606","624"
"82036.650","52178","26042","20431","1751","-517","-550","-606","587","3758510","-12227642","53436","31362","23","31613","635"
"82037.650","52103","26033","20402","1696","-547","-351","-933","587","3758637","-12227784","53549","31364","58","31628","655"
"82038.650","52029","26025","20379","1692","-533","-562","-998","587","3758765","-12227924","53665","31366","-50","31629","671"
"82039.650","51953","26018","20337","1656","-528","-721","-608","586","3758892","-12228066","53783","31371","-150","31629","682"
"82040.650","51869","26009","20304","1637","-521","-763","-871","585","3759020","-12228205","53904","31374","-263","31622","692"
"82041.650","51784","25998","20264","1618","-507","-630","-659","585","3759147","-12228344","54028","31376","-253","31615","682"
"82042.650","51684","25988","20231","1588","-512","-321","-770","584","3759274","-12228485","54155","31381","-172","31616","683"
"82043.650","51600","25977","20202","1571","-509","-137","-706","584","3759400","-12228624","54284","31382","-16","31627","676"
"82044.650","51524","25967","20167","1565","-484","-172","-718","583","3759527","-12228765","54413","31384","194","31644","680"
"82045.650","51440","25957","20145","1594","-439","-72","-614","583","3759653","-12228905","54537","31386","358","31667","633"
"82046.650","51373","25948","20125","1569","-440","-302","-692","584","3759779","-12229044","54658","31387","218","31685","599"
"82047.650","51324","25944","20095","1512","-448","-609","-1073","582","3759907","-12229183","54776","31390","221","31692","598"
"82048.650","51268","25939","20063","1472","-439","-686","-729","580","3760034","-12229322","54889","31394","267","31723","604"
"82049.650","51207","25932","20047","1441","-442","-656","-727","579","3760162","-12229460","54994","31396","312","31742","608"
"82050.650","51147","25923","20033","1424","-437","-551","-989","579","3760289","-12229599","55090","31397","208","31761","612"
"82051.650","51073","25913","20036","1411","-453","-249","-1053","579","3760418","-12229735","55179","31397","-27","31762","616"
"82052.650","51002","25904","20036","1400","-462","-192","-871","578","3760547","-12229872","55269","31398","-46","31759","647"
"82053.650","50934","25895","20021","1396","-454","-154","-734","578","3760676","-12230010","55364","31400","-93","31761","694"
"82054.650","50852","25884","20004","1378","-466","-114","-794","578","3760806","-12230145","55459","31401","-207","31757","754"
"82055.650","50758","25870","19986","1386","-462","-232","-834","578","3760934","-12230282","55560","31401","-273","31743","758"
"82056.650","50663","25858","19967","1398","-453","-342","-797","578","3761063","-12230419","55668","31402","-285","31731","746"
"82057.650","50562","25844","19957","1428","-435","-372","-638","578","3761192","-12230555","55788","31404","-272","31721","704"
"82058.650","50480","25833","19942","1437","-419","-612","-678","579","3761319","-12230692","55919","31405","-264","31719","660"
"82059.650","50411","25824","19917","1426","-406","-712","-1049","578","3761447","-12230829","56057","31407","-215","31709","621"
"82060.650","50341","25815","19913","1408","-421","-548","-795","578","3761574","-12230966","56183","31408","-348","31701","606"
"82061.650","50272","25805","19917","1401","-433","-285","-899","578","3761702","-12231102","56306","31408","-419","31678","591"
"82062.650","50224","25798","19909","1387","-429","-447","-769","577","3761829","-12231240","56420","31408","-361","31671","592"
"82063.650","50176","25792","19898","1372","-422","-595","-1006","577","3761956","-12231380","56527","31409","-385","31656","587"
"82064.650","50126","25788","19883","1362","-405","-682","-1174","576","3762082","-12231517","56626","31414","-448","31641","582"
"82065.650","50076","25781","19875","1353","-394","-711","-888","576","3762209","-12231655","56718","31414","-448","31617","575"
"82066.650","50022","25776","19866","1341","-386","-459","-769","575","3762335","-12231795","56803","31418","-314","31613","572"
"82067.650","49977","25772","19853","1327","-370","-459","-861","575","3762460","-12231935","56880","31420","-212","31610","560"
"82068.650","49925","25767","19842","1313","-356","-353","-1002","575","3762586","-12232075","56954","31424","-270","31601","550"
"82069.650","49882","25763","19837","1309","-337","-414","-867","574","3762711","-12232217","57026","31427","-262","31590","546"
"82070.650","49836","25757","19839","1303","-328","-377","-967","574","3762837","-12232356","57096","31427","-123","31586","535"
"82071.650","49790","25753","19836","1299","-307","-359","-871","573","3762962","-12232498","57163","31431","-119","31590","525"
"82072.650","49736","25746","19850","1304","-301","-101","-744","574","3763088","-12232637","57228","31432","-214","31575","515"
"82073.650","49689","25741","19862","1298","-299","58","-881","573","3763213","-12232781","57290","31434","-183","31571","507"
"82074.650","49658","25737","19864","1289","-285","-17","-977","573","3763339","-12232923","57350","31435","-137","31570","509"
"82075.650","49626","25733","19867","1278","-274","-35","-920","572","3763464","-12233065","57407","31437","-111","31569","514"
"82076.650","49596","25730","19875","1279","-260","-61","-882","572","3763589","-12233206","57464","31438","-87","31567","520"
"82077.650","49552","25726","19894","1288","-255","-59","-901","573","3763715","-12233350","57520","31441","-96","31565","519"
"82078.650","49514","25722","19899","1289","-239","-130","-954","572","3763841","-12233491","57579","31444","-147","31557","526"
"82079.650","49473","25720","19909","1297","-225","-167","-1000","573","3763966","-12233635","57640","31448","-191","31546","530"
"82080.650","49428","25717","19912","1297","-209","-192","-790","573","3764092","-12233779","57703","31453","-176","31541","526"
"82081.650","49379","25715","19920","1309","-188","2","-820","573","3764218","-12233921","57767","31459","-122","31530","518"
"82082.650","49338","25714","19926","1316","-168","-2","-851","573","3764344","-12234064","57831","31465","-103","31527","506"
"82083.650","49294","25711","19943","1324","-161","83","-838","573","3764469","-12234209","57894","31470","-89","31522","502"
"82084.650","49251","25709","19965","1337","-156","219","-828","573","3764595","-12234352","57956","31476","-102","31518","503"
"82085.650","49217","25709","19986","1350","-148","141","-871","574","3764721","-12234496","58015","31481","-141","31511","501"
"82086.650","49180","25718","20021","1375","-149","185","-883","575","3764847","-12234640","58074","31499","-175","31503","491"
"82087.650","49147","25727","20062","1410","-147","159","-817","575","3764974","-12234785","58133","31516","-211","31484","485"
"82088.650","49110","25735","20110","1433","-169","220","-1029","576","3765100","-12234930","58190","31533","-233","31482","482"
"82089.650","49067","25744","20146","1460","-175","514","-882","577","3765226","-12235075","58246","31551","-195","31469","473"
"82090.650","49021","25744","20161","1448","-190","717","-871","577","3765352","-12235220","58300","31561","-267","31465","471"
"82091.650","48988","25743","20194","1455","-208","629","-791","577","3765479","-12235365","58354","31565","-308","31455","468"
"82092.650","48958","25742","20209","1451","-213","591","-1027","577","3765604","-12235511","58406","31570","-318","31443","470"
"82093.650","48922","25747","20202","1428","-208","580","-836","576","3765730","-12235656","58456","31582","-246","31441","463"
"82094.650","48884","25753","20199","1398","-209","513","-856","575","3765856","-12235804","58507","31597","-291","31440","451"
"82095.650","48863","25755","20199","1379","-206","411","-828","575","3765981","-12235950","58555","31603","-196","31433","462"
"82096.650","48831","25754","20222","1379","-216","346","-858","574","3766107","-12236098","58603","31607","-343","31430","443"
"82097.650","48808","25754","20239","1369","-225","265","-826","574","3766232","-12236246","58650","31612","-119","31425","447"
"82098.650","48789","25754","20249","1355","-231","217","-945","574","3766358","-12236396","58694","31616","-141","31437","459"
"82099.650","48759","25755","20280","1357","-251","109","-1019","574","3766483","-12236544","58735","31622","-227","31426","461"
"82100.650","48730","25753","20303","1359","-261","58","-921","574","3766609","-12236692","58778","31625","-254","31421","459"
"82101.650","48706","25752","20333","1373","-271","-30","-820","575","3766734","-12236841","58821","31628","-161","31415","467"
"82102.650","48672","25748","20370","1395","-286","46","-824","575","3766859","-12236991","58866","31630","-34","31426","469"
"82103.650","48633","25746","20407","1412","-304","110","-864","576","3766984","-12237140","58912","31634","-151","31420","444"
"82104.650","48600","25747","20450","1447","-309","204","-785","577","3767109","-12237291","58958","31642","-77","31417","400"
"82105.650","48578","25751","20476","1452","-310","144","-865","577","3767235","-12237441","59003","31650","-47","31421","352"
"82106.650","48575","25749","20502","1448","-311","-19","-622","577","3767360","-12237590","59044","31649","-114","31421","327"
"82107.650","48573","25742","20530","1446","-306","-76","-710","577","3767486","-12237740","59080","31640","-190","31412","297"
"82108.650","48595","25742","20532","1402","-303","-241","-759","576","3767611","-12237890","59104","31636","-101","31416","295"
"82109.650","48606","25743","20559","1394","-297","-127","-958","575","3767737","-12238040","59121","31636","-61","31419","290"
"82110.650","48611","25744","20592","1387","-299","-139","-836","575","3767862","-12238191","59131","31636","-74","31419","293"
"82111.650","48620","25746","20627","1386","-300","-79","-849","575","3767988","-12238344","59135","31636","-9","31424","298"
"82112.650","48626","25746","20659","1382","-300","-120","-795","575","3768114","-12238494","59129","31635","-94","31424","296"
"82113.650","48627","25744","20698","1392","-295","-112","-771","575","3768241","-12238646","59113","31633","-45","31425","276"
"82114.650","48625","25742","20736","1400","-287","-25","-917","576","3768369","-12238799","59087","31631","-74","31428","238"
"82115.650","48656","25747","20750","1358","-293","-188","-829","574","3768497","-12238951","59039","31631","-5","31432","268"
"82116.650","48687","25750","20763","1337","-283","-293","-810","573","3768625","-12239105","58996","31629","15","31440","321"
"82117.650","48693","25750","20778","1332","-274","-452","-818","573","3768753","-12239258","58956","31628","-55","31438","394"
"82118.650","48662","25744","20800","1336","-281","-169","-715","574","3768882","-12239411","58929","31627","-22","31441","412"
"82119.650","48623","25738","20832","1368","-274","-41","-792","574","3769010","-12239565","58911","31627","-69","31440","404"
"82120.650","48605","25736","20850","1382","-260","-169","-1132","574","3769139","-12239716","58903","31627","-49","31446","349"
"82121.650","48603","25736","20867","1362","-273","-190","-768","575","3769267","-12239871","58903","31628","9","31447","336"
"82122.650","48598","25735","20890","1366","-269","-202","-811","574","3769396","-12240024","58911","31627","310","31470","329"
"82123.650","48596","25735","20917","1389","-249","-156","-643","575","3769525","-12240178","58921","31628","655","31509","301"
"82124.650","48598","25735","20951","1409","-238","-213","-717","575","3769655","-12240331","58928","31627","979","31559","272"
"82125.650","48612","25737","20982","1427","-220","-271","-544","576","3769785","-12240486","58931","31627","1228","31616","244"
"82126.650","48627","25739","21020","1430","-223","-309","-650","576","3769917","-12240635","58928","31626","1033","31666","215"
"82127.650","48652","25742","21055","1408","-238","-316","-717","575","3770049","-12240788","58913","31626","1005","31707","208"
"82128.650","48683","25745","21089","1393","-244","-287","-610","575","3770183","-12240935","58883","31624","869","31748","215"
"82129.650","48710","25748","21115","1375","-245","-282","-731","574","3770319","-12241084","58840","31622","677","31782","249"
"82130.650","48741","25751","21133","1362","-240","-327","-791","574","3770457","-12241231","58794","31621","602","31811","287"
"82131.650","48750","25751","21155","1359","-239","-366","-781","574","3770595","-12241376","58754","31619","416","31836","320"
"82132.650","48745","25751","21176","1359","-244","-354","-822","574","3770733","-12241523","58723","31619","334","31851","362"
"82133.650","48732","25747","21196","1364","-250","-320","-819","574","3770873","-12241665","58701","31617","209","31868","383"
"82134.650","48714","25743","21218","1373","-259","-351","-968","575","3771014","-12241810","58696","31615","89","31872","392"
"82135.650","48696","25739","21236","1386","-263","-374","-804","575","3771156","-12241954","58706","31614","68","31878","402"
"82136.650","48678","25735","21248","1393","-265","-371","-849","575","3771298","-12242098","58729","31612","-12","31879","408"
"82137.650","48656","25730","21257","1402","-264","-402","-839","576","3771439","-12242240","58763","31611","-69","31876","414"
"82138.650","48634","25727","21266","1400","-275","-433","-744","576","3771581","-12242383","58803","31611","-66","31876","428"
"82139.650","48601","25722","21278","1453","-243","-385","-707","577","3771722","-12242526","58848","31611","-121","31876","397"
"82140.650","48574","25719","21289","1480","-225","-313","-908","578","3771863","-12242670","58893","31612","-142","31870","360"
"82141.650","48558","25718","21300","1504","-203","-280","-758","578","3772004","-12242813","58933","31614","-122","31870","319"
"82142.650","48571","25722","21300","1435","-240","-288","-634","575","3772146","-12242958","58966","31616","-104","31871","322"
"82143.650","48583","25723","21310","1413","-251","-190","-717","576","3772286","-12243100","58993","31616","36","31877","318"
"82144.650","48581","25721","21326","1408","-253","-120","-747","576","3772428","-12243244","59014","31614","54","31886","336"
"82145.650","48574","25716","21354","1426","-257","-56","-617","575","3772570","-12243389","59028","31608","3","31888","346"
"82146.650","48559","25709","21400","1474","-256","-47","-681","578","3772712","-12243532","59039","31602","-33","31894","312"
"82147.650","48561","25709","21408","1438","-279","-76","-710","577","3772854","-12243675","59048","31603","-124","31884","343"
"82148.650","48559","25706","21432","1434","-295","-80","-720","577","3772997","-12243819","59055","31599","-115","31887","354"
"82149.650","48542","25699","21461","1483","-275","-50","-684","578","3773139","-12243962","59067","31594","-219","31879","337"
"82150.650","48535","25699","21470","1457","-294","-92","-683","577","3773281","-12244105","59082","31594","-200","31874","340"
"82151.650","48528","25700","21470","1446","-290","-100","-736","576","3773423","-12244250","59094","31598","-65","31875","361"
"82152.650","48515","25699","21487","1484","-266","-80","-677","577","3773566","-12244395","59108","31598","23","31886","343"
"82153.650","48505","25699","21495","1480","-266","-158","-565","578","3773708","-12244540","59123","31601","-4","31884","330"
"82154.650","48495","25698","21515","1507","-252","-201","-640","577","3773850","-12244685","59136","31601","-94","31884","324"
"82155.650","48483","25696","21534","1536","-229","-230","-538","579","3773993","-12244829","59148","31600","-186","31880","273"
"82156.650","48492","25698","21562","1560","-214","-175","-476","579","3774135","-12244974","59158","31602","-265","31867","239"
"82157.650","48517","25703","21574","1491","-253","-317","-887","577","3774278","-12245121","59164","31604","-348","31861","227"
"82158.650","48542","25707","21602","1448","-293","-361","-608","577","3774421","-12245265","59164","31603","-175","31854","246"
"82159.650","48554","25705","21640","1475","-289","-314","-695","578","3774563","-12245412","59152","31599","-152","31857","254"
"82160.650","48566","25705","21659","1476","-292","-347","-647","578","3774706","-12245558","59130","31597","-181","31844","261"
"82161.650","48580","25709","21669","1450","-312","-376","-920","577","3774849","-12245705","59101","31599","-162","31845","284"
"82162.650","48589","25714","21665","1444","-300","-358","-715","577","3774992","-12245853","59074","31603","-182","31833","314"
"82163.650","48584","25713","21675","1455","-296","-323","-722","577","3775135","-12245999","59054","31603","-172","31830","326"
"82164.650","48581","25710","21692","1479","-292","-236","-638","578","3775277","-12246147","59037","31599","-128","31830","333"
"82165.650","48572","25707","21702","1479","-304","-241","-689","578","3775420","-12246295","59025","31598","-187","31824","340"
"82166.650","48561","25706","21710","1518","-277","-270","-878","578","3775563","-12246442","59020","31599","-303","31813","338"
"82167.650","48547","25704","21719","1501","-303","-371","-672","579","3775705","-12246590","59022","31599","-346","31798","342"
"82168.650","48535","25703","21727","1565","-255","-436","-821","580","3775847","-12246740","59031","31600","-48","31805","312"
"82169.650","48533","25704","21728","1548","-265","-458","-673","579","3775990","-12246888","59044","31602","80","31817","302"
"82170.650","48538","25706","21720","1458","-330","-342","-766","577","3776131","-12247038","59051","31603","77","31821","328"
"82171.650","48535","25707","21715","1489","-292","-380","-735","578","3776273","-12247186","59056","31604","30","31826","340"
"82172.650","48528","25708","21706","1462","-304","-445","-664","578","3776415","-12247334","59064","31607","-49","31824","358"
"82173.650","48519","25708","21700","1445","-315","-413","-641","577","3776558","-12247483","59073","31609","-43","31824","387"
"82174.650","48502","25708","21687","1431","-320","-391","-747","576","3776700","-12247632","59086","31611","-99","31820","418"
"82175.650","48481","25706","21669","1414","-329","-379","-792","576","3776842","-12247779","59104","31613","-32","31822","462"
"82176.650","48445","25705","21636","1405","-320","-419","-892","576","3776985","-12247927","59131","31619","-38","31821","516"
"82177.650","48399","25701","21598","1387","-325","-438","-871","575","3777127","-12248075","59171","31622","-26","31825","599"
"82178.650","48335","25692","21564","1390","-331","-438","-859","575","3777269","-12248223","59226","31624","11","31831","662"
"82179.650","48249","25682","21522","1384","-349","-424","-749","575","3777411","-12248370","59307","31627","-144","31830","720"
"82180.650","48147","25672","21468","1389","-350","-382","-702","575","3777553","-12248518","59376","31634","-171","31817","773"
"82181.650","48032","25662","21398","1389","-347","-342","-717","575","3777695","-12248663","59457","31643","-126","31816","808"
"82182.650","47913","25652","21334","1409","-333","-468","-719","575","3777836","-12248808","59559","31653","-119","31819","820"
"82183.650","47799","25641","21271","1454","-298","-593","-646","577","3777977","-12248954","59689","31662","-162","31806","796"
"82184.650","47674","25633","21227","1472","-313","-264","-717","577","3778117","-12249099","59848","31674","-142","31803","783"
"82185.650","47565","25623","21177","1471","-332","-163","-648","577","3778255","-12249243","60035","31683","-61","31806","770"
"82186.650","47461","25610","21109","1450","-338","-166","-767","576","3778392","-12249387","60247","31688","10","31815","754"
"82187.650","47377","25600","21034","1444","-312","-420","-787","576","3778529","-12249530","60477","31691","14","31819","735"
"82188.650","47300","25593","20950","1396","-307","-782","-1016","575","3778666","-12249674","60691","31697","-70","31817","731"
"82189.650","47204","25585","20886","1379","-302","-630","-875","574","3778802","-12249815","60885","31705","-120","31816","735"
"82190.650","47108","25571","20849","1373","-325","-230","-783","574","3778939","-12249959","61072","31706","-20","31820","730"
"82191.650","47017","25558","20799","1365","-329","91","-777","574","3779073","-12250103","61301","31709","32","31830","731"
"82192.650","46927","25551","20762","1372","-336","256","-839","574","3779209","-12250242","61482","31716","-17","31832","729"
"82193.650","46846","25542","20732","1377","-343","145","-852","574","3779345","-12250384","61648","31721","16","31836","736"
"82194.650","46767","25530","20705","1388","-346","-146","-860","574","3779481","-12250523","61805","31721","58","31844","741"
"82195.650","46677","25515","20681","1392","-361","-245","-758","575","3779617","-12250664","61958","31720","34","31852","732"
"82196.650","46585","25502","20641","1376","-371","-409","-653","575","3779752","-12250804","62106","31722","-75","31858","721"
"82197.650","46491","25491","20601","1357","-380","-291","-870","574","3779887","-12250943","62253","31726","-105","31858","710"
"82198.650","46412","25488","20538","1340","-352","-216","-882","573","3780023","-12251082","62399","31738","-31","31861","689"
"82199.650","46331","25480","20532","1368","-358","-23","-1157","574","3780158","-12251219","62542","31744","64","31863","669"
"82200.650","46250","25464","20532","1375","-384","144","-973","574","3780292","-12251358","62680","31740","77","31877","644"
"82201.650","46186","25462","20509","1389","-372","-158","-792","574","3780427","-12251497","62814","31751","-23","31872","620"
"82202.650","46132","25455","20502","1392","-388","-387","-926","574","3780562","-12251635","62940","31752","-152","31870","618"
"82203.650","46071","25449","20490","1396","-396","-391","-819","575","3780697","-12251772","63055","31757","-166","31862","618"
"82204.650","45998","25443","20507","1407","-438","-81","-918","575","3780832","-12251909","63161","31764","-171","31865","619"
"82205.650","45929","25431","20516","1414","-473","214","-896","576","3780967","-12252048","63260","31763","-171","31863","627"
"82206.650","45863","25422","20495","1413","-475","177","-864","576","3781101","-12252186","63357","31764","-165","31859","631"
"82207.650","45792","25413","20490","1417","-494","391","-832","576","3781235","-12252323","63454","31767","-195","31859","618"
"82208.650","45724","25405","20506","1430","-532","633","-800","576","3781369","-12252459","63555","31770","-253","31851","618"
"82209.650","45657","25397","20515","1444","-557","614","-796","577","3781503","-12252596","63656","31773","-247","31844","621"
"82210.650","45591","25394","20513","1455","-569","652","-931","578","3781636","-12252735","63757","31783","-212","31841","610"
"82211.650","45524","25404","20486","1495","-520","664","-845","578","3781769","-12252872","63859","31808","-177","31828","587"
"82212.650","45466","25399","20452","1494","-494","874","-907","578","3781902","-12253009","63958","31815","-196","31808","577"
"82213.650","45408","25388","20441","1489","-501","1045","-928","578","3782034","-12253147","64056","31812","-18","31815","578"
"82214.650","45350","25383","20425","1488","-495","759","-951","577","3782167","-12253286","64151","31817","-90","31822","589"
"82215.650","45304","25386","20382","1475","-466","507","-721","577","3782300","-12253422","64242","31830","0","31817","615"
"82216.650","45244","25385","20333","1449","-446","518","-957","576","3782432","-12253559","64334","31841","-3","31831","632"
"82217.650","45179","25379","20287","1432","-426","564","-892","575","3782564","-12253697","64429","31847","-25","31828","667"
"82218.650","45106","25371","20260","1420","-431","683","-877","575","3782696","-12253834","64527","31852","-152","31827","674"
"82219.650","45031","25364","20240","1418","-440","613","-749","575","3782828","-12253971","64629","31858","14","31834","703"
"82220.650","44956","25360","20225","1433","-441","624","-1042","575","3782960","-12254106","64736","31868","183","31857","679"
"82221.650","44873","25355","20214","1463","-435","668","-770","576","3783093","-12254244","64852","31878","23","31851","693"
"82222.650","44793","25346","20192","1467","-442","879","-804","576","3783224","-12254380","64975","31883","84","31855","703"
"82223.650","44715","25334","20176","1465","-459","1048","-787","576","3783356","-12254513","65102","31884","110","31877","695"
"82224.650","44642","25322","20149","1458","-460","697","-1264","576","3783488","-12254650","65233","31884","-28","31872","692"
"82225.650","44574","25314","20106","1435","-454","440","-1039","575","3783619","-12254784","65365","31888","19","31886","688"
"82226.650","44512","25305","20063","1416","-443","87","-844","575","3783751","-12254917","65498","31889","138","31898","684"
"82227.650","44454","25302","20020","1379","-445","-164","-759","573","3783883","-12255052","65626","31897","131","31919","687"
"82228.650","44384","25292","20006","1382","-454","113","-946","574","3784015","-12255184","65752","31898","9","31929","679"
"82229.650","44297","25293","20057","1420","-522","459","-671","575","3784146","-12255317","65877","31918","-147","31916","713"
"82230.650","44219","25279","20078","1458","-555","575","-874","576","3784277","-12255449","66001","31916","-55","31917","748"
"82231.650","44127","25269","20069","1482","-570","767","-922","577","3784410","-12255582","66127","31923","-67","31917","785"
"82232.650","44044","25260","20086","1533","-600","542","-707","578","3784541","-12255713","66257","31929","-146","31909","811"
"82233.650","43956","25247","20066","1553","-612","227","-850","579","3784672","-12255846","66392","31931","-368","31883","833"
"82234.650","43855","25239","20074","1599","-644","127","-901","580","3784803","-12255976","66537","31942","-520","31851","858"
"82235.650","43740","25228","20051","1624","-671","247","-819","581","3784933","-12256108","66698","31951","-548","31825","966"
"82236.650","43623","25215","20036","1662","-706","281","-698","582","3785062","-12256239","66877","31960","-417","31798","976"
"82237.650","43498","25201","20016","1719","-715","132","-843","584","3785190","-12256372","67071","31968","-399","31783","940"
"82238.650","43373","25187","19980","1755","-721","66","-897","584","3785317","-12256501","67284","31976","-327","31769","932"
"82239.650","43253","25180","19931","1775","-723","100","-921","585","3785443","-12256633","67518","31993","-195","31759","928"
"82240.650","43146","25170","19846","1748","-709","-278","-791","584","3785568","-12256766","67732","32002","-312","31758","924"
"82241.650","43030","25154","19783","1725","-723","-301","-902","583","3785693","-12256897","67941","32007","-322","31749","911"
"82242.650","42927","25139","19727","1715","-729","-461","-864","583","3785818","-12257029","68146","32010","-214","31752","906"
"82243.650","42824","25123","19683","1717","-741","-470","-810","583","3785942","-12257159","68347","32011","-129","31752","901"
"82244.650","42713","25105","19641","1710","-763","-268","-843","584","3786065","-12257291","68542","32012","-160","31755","901"
"82245.650","42609","25089","19596","1706","-775","-282","-845","583","3786188","-12257421","68733","32014","-260","31744","893"
"82246.650","42498","25070","19568","1714","-798","-74","-857","584","3786310","-12257552","68918","32014","-266","31738","885"
"82247.650","42399","25056","19524","1708","-807","-32","-851","584","3786433","-12257681","69097","32017","-87","31741","875"
"82248.650","42322","25045","19474","1699","-804","-439","-882","584","3786555","-12257811","69271","32019","-6","31758","867"
"82249.650","42239","25030","19437","1710","-797","-759","-866","583","3786676","-12257941","69439","32018","-80","31753","857"
"82250.650","42146","25015","19398","1702","-805","-833","-821","583","3786797","-12258069","69601","32020","-73","31756","854"
"82251.650","42050","25000","19385","1719","-827","-620","-820","584","3786918","-12258197","69758","32021","-9","31760","852"
"82252.650","41960","24985","19364","1720","-851","-648","-892","584","3787039","-12258328","69911","32022","-7","31770","867"
"82253.650","41854","24968","19352","1739","-877","-146","-708","585","3787159","-12258454","70061","32023","-60","31769","858"
"82254.650","41768","24952","19326","1754","-877","-396","-885","585","3787280","-12258583","70209","32021","-149","31763","851"
"82255.650","41687","24940","19280","1744","-870","-580","-928","585","3787401","-12258711","70356","32023","-209","31751","843"
"82256.650","41597","24925","19284","1774","-896","-409","-707","585","3787521","-12258836","70503","32024","-240","31744","835"
"82257.650","41518","24910","19266","1793","-896","-543","-771","586","3787640","-12258963","70649","32022","-254","31729","827"
"82258.650","41445","24900","19248","1814","-892","-783","-868","586","3787759","-12259091","70793","32026","-264","31724","821"
"82259.650","41366","24889","19248","1848","-902","-779","-772","587","3787879","-12259218","70934","32028","-258","31705","815"
"82260.650","41291","24876","19236","1876","-897","-845","-779","587","3787997","-12259343","71071","32029","-205","31699","809"
"82261.650","41210","24862","19226","1892","-908","-720","-792","588","3788116","-12259472","71204","32028","-144","31691","802"
"82262.650","41125","24849","19217","1896","-932","-366","-1117","588","3788234","-12259599","71333","32030","-99","31697","797"
"82263.650","41054","24836","19200","1906","-934","-455","-883","588","3788351","-12259726","71461","32029","-91","31697","807"
"82264.650","40990","24826","19178","1895","-947","-690","-1023","588","3788469","-12259852","71586","32031","-107","31701","807"
"82265.650","40923","24816","19167","1907","-954","-826","-796","588","3788586","-12259981","71710","32033","-166","31699","806"
"82266.650","40853","24805","19146","1917","-952","-896","-734","588","3788704","-12260106","71835","32034","-246","31680","806"
"82267.650","40783","24793","19129","1951","-930","-967","-723","589","3788821","-12260233","71961","32035","-327","31663","821"
"82268.650","40711","24781","19108","1973","-919","-1053","-772","589","3788937","-12260359","72088","32035","-374","31624","849"
"82269.650","40638","24769","19074","1969","-917","-1124","-761","589","3789053","-12260484","72216","32036","-391","31619","854"
"82270.650","40559","24758","19051","1988","-911","-1099","-778","589","3789169","-12260611","72348","32040","-287","31605","854"
"82271.650","40475","24746","19059","2036","-918","-710","-693","590","3789285","-12260738","72483","32044","-303","31584","866"
"82272.650","40387","24733","19048","2053","-928","-521","-656","590","3789399","-12260866","72623","32046","-352","31558","852"
"82273.650","40309","24722","19036","2069","-932","-757","-803","591","3789513","-12260993","72766","32049","-372","31557","854"
"82274.650","40221","24709","19004","2104","-891","-313","-624","591","3789627","-12261120","72914","32052","-227","31519","856"
"82275.650","40133","24696","18969","2073","-912","-11","-724","591","3789740","-12261247","73059","32056","-400","31525","862"
"82276.650","40051","24681","18979","2123","-909","105","-701","591","3789854","-12261373","73204","32055","-430","31485","856"
"82277.650","39966","24665","18947","2116","-907","-12","-711","591","3789966","-12261501","73349","32055","-465","31465","859"
"82278.650","39879","24654","18939","2133","-912","227","-754","591","3790078","-12261629","73493","32060","-434","31449","851"
"82279.650","39802","24645","18922","2175","-876","252","-679","591","3790190","-12261757","73636","32066","-336","31424","840"
"82280.650","39733","24634","18876","2159","-853","-200","-722","591","3790301","-12261886","73777","32068","-258","31418","843"
"82281.650","39666","24621","18878","2184","-854","-262","-689","592","3790411","-12262015","73917","32066","-167","31407","830"
"82282.650","39594","24612","18861","2190","-841","-284","-881","591","3790522","-12262142","74055","32070","-303","31409","826"
"82283.650","39516","24602","18852","2216","-821","76","-881","592","3790632","-12262271","74192","32076","-228","31371","813"
"82284.650","39437","24592","18812","2179","-822","484","-806","591","3790742","-12262400","74328","32081","-162","31386","809"
"82285.650","39374","24583","18792","2178","-803","212","-915","591","3790852","-12262530","74463","32084","-79","31386","799"
"82286.650","39307","24571","18786","2183","-799","-33","-892","591","3790961","-12262657","74595","32084","-32","31391","801"
"82287.650","39243","24560","18773","2171","-796","90","-1056","590","3791071","-12262787","74724","32084","-123","31389","791"
"82288.650","39168","24549","18766","2150","-801","151","-920","590","3791181","-12262916","74851","32087","-214","31380","803"
"82289.650","39098","24537","18762","2139","-802","357","-874","590","3791290","-12263046","74975","32088","-120","31381","804"
"82290.650","39031","24525","18765","2134","-807","351","-878","590","3791399","-12263172","75096","32088","-96","31389","807"
"82291.650","38970","24513","18763","2122","-812","230","-809","590","3791509","-12263302","75220","32087","-192","31383","816"
"82292.650","38903","24501","18758","2114","-810","133","-972","589","3791618","-12263431","75345","32087","-273","31367","823"
"82293.650","38822","24487","18770","2115","-829","478","-833","590","3791728","-12263561","75471","32088","-303","31358","826"
"82294.650","38753","24475","18768","2119","-821","351","-912","589","3791837","-12263690","75598","32088","-259","31347","827"
"82295.650","38686","24463","18766","2119","-818","168","-929","589","3791947","-12263819","75727","32088","-186","31347","827"
"82296.650","38616","24450","18763","2122","-810","89","-814","590","3792055","-12263951","75856","32089","52","31359","824"
"82297.650","38542","24437","18778","2138","-818","426","-705","590","3792164","-12264078","75985","32089","280","31391","819"
"82298.650","38473","24426","18783","2147","-815","419","-846","590","3792273","-12264210","76114","32090","230","31407","817"
"82299.650","38410","24416","18791","2156","-812","10","-814","590","3792382","-12264340","76243","32093","186","31411","822"
"82300.650","38337","24403","18803","2166","-818","49","-1030","590","3792492","-12264467","76372","32093","279","31433","829"
"82301.650","38269","24392","18807","2173","-819","37","-822","590","3792601","-12264596","76501","32094","366","31459","833"
"82302.650","38198","24379","18823","2194","-824","191","-970","591","3792711","-12264725","76631","32095","318","31478","831"
"82303.650","38127","24369","18825","2202","-821","148","-873","591","3792822","-12264852","76763","32099","125","31481","834"
"82304.650","38046","24357","18826","2212","-817","342","-775","591","3792933","-12264978","76896","32103","65","31476","838"
"82305.650","37974","24346","18822","2220","-808","326","-956","591","3793045","-12265106","77029","32105","106","31483","839"
"82306.650","37910","24335","18816","2224","-797","152","-847","591","3793157","-12265232","77162","32106","15","31490","841"
"82307.650","37832","24321","18821","2235","-799","354","-795","591","3793268","-12265357","77296","32107","-146","31469","841"
"82308.650","37764","24314","18810","2254","-764","54","-961","591","3793380","-12265485","77429","32113","-168","31463","831"
"82309.650","37700","24305","18793","2264","-730","-213","-1020","591","3793492","-12265610","77562","32117","-6","31453","827"
"82310.650","37633","24292","18797","2265","-735","-169","-947","591","3793604","-12265737","77693","32117","55","31475","806"
"82311.650","37569","24279","18811","2281","-732","-40","-873","591","3793716","-12265863","77821","32116","7","31470","727"
"82312.650","37520","24273","18803","2256","-721","-336","-793","591","3793828","-12265988","77948","32119","-164","31464","696"
"82313.650","37471","24266","18808","2246","-712","-246","-902","590","3793939","-12266114","78069","32121","-155","31456","701"
"82314.650","37423","24257","18831","2254","-707","-132","-972","590","3794051","-12266240","78182","32121","-274","31448","693"
"82315.650","37373","24248","18858","2254","-715","-42","-797","590","3794164","-12266367","78283","32122","-224","31430","690"
"82316.650","37327","24238","18887","2262","-720","83","-861","591","3794276","-12266492","78371","32120","-219","31433","685"
"82317.650","37284","24230","18912","2264","-718","-14","-756","590","3794389","-12266621","78450","32120","-253","31420","661"
"82318.650","37247","24224","18927","2255","-715","-140","-815","590","3794501","-12266748","78523","32121","-259","31416","654"
"82319.650","37213","24217","18947","2255","-704","-251","-890","590","3794614","-12266877","78592","32120","-197","31410","648"
"82320.650","37179","24211","18967","2249","-700","-329","-934","590","3794726","-12267006","78658","32121","-157","31406","649"
"82321.650","37142","24204","18994","2243","-708","-337","-830","590","3794839","-12267134","78722","32121","-190","31403","656"
"82322.650","37106","24197","19021","2243","-711","-306","-979","590","3794951","-12267265","78783","32121","-259","31391","658"
"82323.650","37066","24191","19046","2241","-714","-366","-1072","590","3795064","-12267395","78850","32122","-281","31381","661"
"82324.650","37026","24184","19066","2236","-714","-452","-1029","590","3795176","-12267524","78919","32122","-256","31373","668"
"82325.650","36986","24176","19089","2238","-713","-549","-927","590","3795289","-12267655","78990","32122","-206","31368","675"
"82326.650","36945","24167","19113","2246","-711","-418","-776","590","3795401","-12267785","79063","32120","-163","31368","676"
"82327.650","36904","24160","19128","2247","-703","-379","-882","590","3795514","-12267917","79139","32121","-160","31361","673"
"82328.650","36867","24153","19141","2237","-700","-590","-752","590","3795626","-12268048","79217","32121","-207","31360","678"
"82329.650","36829","24146","19155","2239","-692","-635","-1130","590","3795738","-12268181","79297","32121","-231","31347","674"
"82330.650","36788","24139","19172","2239","-688","-728","-922","590","3795850","-12268312","79379","32121","-224","31340","663"
"82331.650","36747","24130","19193","2240","-686","-673","-1031","590","3795963","-12268446","79459","32121","-138","31340","659"
"82332.650","36704","24123","19212","2239","-686","-569","-815","590","3796075","-12268578","79539","32122","-36","31344","656"
"82333.650","36661","24115","19234","2244","-684","-333","-821","590","3796188","-12268712","79618","32121","44","31355","656"
"82334.650","36624","24108","19242","2233","-677","-315","-860","589","3796300","-12268845","79696","32122","49","31359","656"
"82335.650","36581","24101","19274","2236","-689","-94","-873","590","3796413","-12268978","79775","32124","-54","31366","657"
"82336.650","36539","24099","19287","2216","-701","-51","-682","589","3796526","-12269111","79855","32132","-109","31357","656"
"82337.650","36501","24095","19295","2191","-708","-197","-930","589","3796639","-12269246","79935","32136","-125","31371","667"
"82338.650","36457","24087","19306","2179","-710","-123","-831","588","3796753","-12269379","80016","32136","-52","31370","674"
"82339.650","36411","24081","19313","2171","-705","-152","-1286","588","3796866","-12269511","80099","32139","25","31383","679"
"82340.650","36373","24074","19327","2159","-715","-248","-747","588","3796979","-12269646","80184","32140","86","31395","685"
"82341.650","36329","24066","19332","2146","-716","-182","-754","588","3797093","-12269780","80270","32140","179","31418","691"
"82342.650","36265","24060","19352","2126","-751","418","-857","588","3797207","-12269912","80357","32148","266","31447","696"
"82343.650","36219","24056","19362","2106","-768","267","-792","587","3797321","-12270047","80445","32155","361","31487","701"
"82344.650","36170","24048","19367","2094","-772","271","-827","587","3797437","-12270181","80536","32156","368","31509","703"
"82345.650","36123","24040","19370","2081","-772","135","-837","587","3797551","-12270313","80630","32158","213","31524","687"
"82346.650","36071","24031","19381","2081","-771","284","-881","587","3797668","-12270446","80729","32158","232","31537","686"
"82347.650","36019","24022","19389","2084","-762","448","-710","587","3797784","-12270578","80825","32160","326","31558","679"
"82348.650","35971","24019","19387","2056","-768","519","-738","586","3797901","-12270707","80920","32168","352","31586","675"
"82349.650","35915","24014","19389","2039","-767","829","-828","586","3798018","-12270841","81015","32175","330","31611","670"
"82350.650","35871","24006","19404","2031","-774","686","-808","586","3798136","-12270970","81108","32177","247","31626","662"
"82351.650","35827","23997","19425","2028","-780","686","-934","586","3798254","-12271101","81199","32176","191","31635","622"
"82352.650","35787","23992","19442","2021","-777","729","-860","586","3798373","-12271231","81288","32179","165","31646","597"
"82353.650","35752","23987","19462","2008","-780","691","-838","585","3798493","-12271360","81373","32182","311","31670","578"
"82354.650","35723","23982","19478","2001","-769","667","-937","585","3798612","-12271491","81451","32182","476","31701","563"
"82355.650","35700","23978","19503","1995","-764","601","-813","585","3798732","-12271620","81519","32182","461","31732","549"
"82356.650","35676","23973","19532","1994","-760","529","-953","585","3798853","-12271747","81575","32182","410","31752","548"
"82357.650","35652","23968","19560","1989","-757","511","-935","585","3798975","-12271877","81619","32182","460","31780","543"
"82358.650","35634","23967","19580","1975","-750","373","-796","584","3799098","-12272006","81657","32184","361","31804","548"
"82359.650","35609","23963","19605","1967","-746","207","-815","584","3799221","-12272131","81697","32186","183","31811","558"
"82360.650","35586","23960","19626","1957","-743","23","-858","584","3799345","-12272260","81742","32187","121","31818","571"
"82361.650","35562","23956","19645","1948","-738","-24","-785","584","3799470","-12272386","81790","32189","141","31829","577"
"82362.650","35535","23952","19662","1941","-732","-2","-833","583","3799595","-12272514","81840","32190","144","31842","584"
"82363.650","35507","23947","19683","1949","-718","-30","-962","583","3799720","-12272640","81893","32191","156","31851","590"
"82364.650","35478","23944","19705","1953","-712","-65","-942","584","3799846","-12272766","81947","32195","160","31862","597"
"82365.650","35447","23940","19729","1959","-708","-134","-1131","584","3799972","-12272894","82003","32197","163","31870","604"
"82366.650","35413","23936","19747","1959","-706","-146","-1050","584","3800098","-12273020","82061","32200","153","31883","611"
"82367.650","35380","23930","19769","1947","-718","-104","-957","583","3800225","-12273146","82124","32201","181","31898","591"
"82368.650","35347","23930","19792","1938","-728","-177","-924","583","3800352","-12273271","82189","32209","190","31913","595"
"82369.650","35319","23927","19822","1929","-746","-235","-1032","583","3800480","-12273397","82256","32213","110","31932","591"
"82370.650","35287","23924","19840","1929","-744","-297","-1047","583","3800608","-12273524","82327","32217","159","31941","603"
"82371.650","35249","23919","19863","1925","-753","-121","-877","583","3800736","-12273649","82396","32220","200","31964","613"
"82372.650","35215","23911","19878","1923","-751","-82","-1022","583","3800865","-12273774","82468","32218","217","31977","619"
"82373.650","35180","23905","19886","1920","-742","-207","-1088","583","3800994","-12273899","82541","32220","185","31992","624"
"82374.650","35145","23903","19901","1909","-750","-226","-873","583","3801124","-12274024","82616","32226","118","31998","631"
"82375.650","35110","23902","19916","1904","-756","-255","-882","583","3801253","-12274149","82693","32234","-184","31987","634"
"82376.650","35070","23899","19943","1915","-763","-293","-906","583","3801383","-12274274","82771","32240","-339","31965","623"
"82377.650","35036","23897","19957","1919","-758","-322","-864","583","3801513","-12274397","82851","32246","-256","31956","614"
"82378.650","35002","23894","19965","1923","-744","-320","-1011","583","3801643","-12274523","82929","32251","-288","31947","599"
"82379.650","34969","23890","19979","1933","-731","-365","-901","583","3801773","-12274647","83005","32255","-302","31930","588"
"82380.650","34937","23887","20002","1946","-724","-332","-761","583","3801903","-12274774","83080","32259","-325","31919","568"
"82381.650","34893","23879","20041","1956","-739","125","-1101","583","3802033","-12274900","83153","32260","-384","31898","557"
"82382.650","34867","23875","20059","1946","-739","0","-800","583","3802162","-12275027","83223","32261","-442","31881","554"
"82383.650","34840","23870","20076","1938","-737","-42","-959","583","3802292","-12275156","83289","32262","-482","31860","552"
"82384.650","34819","23867","20094","1932","-734","-179","-801","583","3802422","-12275283","83351","32263","-512","31839","560"
"82385.650","34792","23862","20120","1937","-735","-161","-902","583","3802550","-12275412","83408","32263","-504","31816","559"
"82386.650","34767","23856","20140","1936","-732","-226","-794","583","3802680","-12275542","83462","32262","-496","31798","551"
"82387.650","34740","23852","20158","1940","-721","-222","-809","583","3802808","-12275674","83514","32264","-394","31786","543"
"82388.650","34713","23848","20190","1950","-719","-136","-901","583","3802936","-12275804","83565","32265","-318","31783","511"
"82389.650","34697","23844","20212","1948","-712","-339","-714","583","3803064","-12275936","83613","32264","-313","31772","502"
"82390.650","34681","23840","20237","1940","-712","-453","-1018","583","3803192","-12276070","83659","32263","-330","31759","497"
"82391.650","34663","23835","20264","1935","-711","-476","-819","582","3803320","-12276202","83700","32262","-341","31746","499"
"82392.650","34647","23832","20288","1926","-710","-534","-996","582","3803448","-12276335","83737","32261","-333","31733","501"
"82393.650","34626","23827","20318","1928","-709","-551","-877","582","3803576","-12276470","83772","32261","-316","31722","515"
"82394.650","34610","23823","20343","1928","-705","-551","-845","582","3803704","-12276604","83803","32260","-277","31711","520"
"82395.650","34587","23819","20367","1926","-706","-550","-788","582","3803832","-12276741","83839","32260","-190","31709","529"
"82396.650","34564","23814","20396","1931","-708","-432","-966","582","3803959","-12276876","83878","32260","-75","31715","537"
"82397.650","34531","23808","20428","1943","-715","-66","-833","583","3804087","-12277011","83917","32260","-112","31712","586"
"82398.650","34497","23801","20450","1945","-724","-4","-944","583","3804215","-12277149","83960","32260","-315","31696","603"
"82399.650","34461","23796","20474","1947","-738","-45","-831","583","3804343","-12277285","84006","32262","-271","31681","598"
"82400.650","34426","23789","20488","1953","-738","-67","-947","583","3804472","-12277422","84059","32262","-153","31687","605"
"82401.650","34391","23783","20503","1960","-737","-146","-819","583","3804599","-12277560","84120","32263","-230","31680","596"
"82402.650","34356","23776","20518","1960","-741","-244","-819","583","3804727","-12277698","84189","32263","-311","31663","593"
"82403.650","34319","23769","20536","1969","-741","-246","-933","583","3804854","-12277835","84264","32264","-323","31654","584"
"82404.650","34288","23762","20556","1979","-738","-263","-970","583","3804981","-12277974","84341","32263","-280","31645","550"
"82405.650","34263","23757","20569","1975","-737","-360","-838","583","3805108","-12278114","84407","32263","-297","31634","555"
"82406.650","34240","23753","20587","1964","-747","-514","-808","583","3805235","-12278251","84472","32264","-371","31618","559"
"82407.650","34212","23748","20607","1964","-754","-610","-879","583","3805362","-12278390","84535","32265","-368","31602","581"
"82408.650","34180","23746","20633","1968","-771","-579","-959","583","3805489","-12278531","84598","32270","-370","31590","599"
"82409.650","34146","23742","20659","1970","-792","-531","-826","583","3805615","-12278672","84664","32274","-366","31581","606"
"82410.650","34113","23742","20668","1968","-797","-559","-925","583","3805741","-12278814","84732","32282","-365","31568","606"
"82411.650","34078","23737","20684","1977","-800","-475","-775","583","3805867","-12278955","84803","32285","-265","31569","594"
"82412.650","34038","23729","20706","1993","-802","-287","-1072","584","3805993","-12279099","84879","32285","-144","31568","546"
"82413.650","34014","23725","20721","1994","-800","-436","-813","584","3806119","-12279239","84950","32286","-97","31569","527"
"82414.650","33997","23721","20737","1997","-793","-613","-913","584","3806244","-12279380","85018","32285","-73","31571","513"
"82415.650","33980","23718","20751","1990","-792","-696","-708","584","3806370","-12279525","85083","32285","-67","31571","502"
"82416.650","33965","23715","20774","1983","-800","-862","-803","584","3806495","-12279668","85142","32286","-142","31567","500"
"82417.650","33945","23713","20811","1984","-821","-892","-726","584","3806621","-12279810","85194","32288","-193","31561","506"
"82418.650","33921","23709","20854","1991","-846","-785","-1215","584","3806748","-12279953","85240","32290","-211","31557","512"
"82419.650","33905","23706","20883","1995","-857","-774","-1115","584","3806874","-12280098","85280","32290","-184","31554","518"
"82420.650","33885","23702","20903","1994","-863","-667","-784","584","3807000","-12280241","85317","32290","-174","31547","525"
"82421.650","33863","23698","20920","1995","-865","-643","-904","584","3807126","-12280386","85360","32290","-165","31547","528"
"82422.650","33838","23692","20943","2003","-867","-538","-839","584","3807252","-12280531","85406","32290","-168","31543","518"
"82423.650","33812","23688","20955","2004","-866","-563","-822","584","3807378","-12280676","85453","32291","-202","31538","507"
"82424.650","33787","23684","20966","2003","-877","-553","-715","584","3807504","-12280822","85499","32293","-143","31538","482"
"82425.650","33768","23682","20978","2000","-888","-613","-862","584","3807631","-12280965","85544","32294","-35","31548","462"
"82426.650","33757","23681","20993","2000","-896","-635","-814","584","3807756","-12281113","85586","32296","-46","31551","449"
"82427.650","33746","23678","21010","2003","-899","-607","-776","585","3807882","-12281258","85625","32295","-139","31545","440"
"82428.650","33726","23674","21029","2008","-902","-463","-868","585","3808008","-12281403","85660","32295","-196","31535","437"
"82429.650","33716","23670","21038","2009","-895","-473","-822","585","3808135","-12281549","85687","32293","-143","31532","440"
"82430.650","33708","23668","21042","2007","-886","-482","-751","584","3808261","-12281695","85710","32292","-71","31532","451"
"82431.650","33691","23663","21061","2012","-894","-235","-747","585","3808387","-12281843","85730","32290","-93","31532","451"
"82432.650","33671","23659","21070","2013","-901","-157","-897","585","3808513","-12281988","85748","32290","-148","31527","461"
"82433.650","33651","23655","21073","2025","-903","-102","-948","585","3808640","-12282134","85771","32290","-150","31522","449"
"82434.650","33639","23653","21063","2015","-906","-204","-727","585","3808766","-12282280","85796","32291","-72","31521","466"
"82435.650","33625","23651","21055","2014","-908","-185","-1010","585","3808891","-12282428","85820","32291","-49","31526","501"
"82436.650","33603","23645","21045","2020","-904","-166","-795","585","3809017","-12282575","85847","32290","-99","31522","522"
"82437.650","33576","23639","21031","2027","-900","-124","-1028","585","3809144","-12282720","85877","32289","-170","31514","516"
"82438.650","33545","23633","21013","2038","-896","-141","-896","585","3809269","-12282865","85912","32289","-206","31506","504"
"82439.650","33525","23630","20989","2036","-893","-280","-1035","585","3809395","-12283011","85952","32291","-147","31506","496"
"82440.650","33503","23626","20974","2036","-898","-377","-787","585","3809520","-12283158","85996","32291","-238","31496","497"
"82441.650","33477","23620","20960","2042","-895","-296","-851","585","3809644","-12283305","86043","32290","-151","31495","471"
"82442.650","33457","23615","20939","2054","-892","-317","-720","585","3809770","-12283450","86084","32289","-139","31491","439"
"82443.650","33445","23612","20899","2053","-879","-336","-898","585","3809894","-12283596","86123","32288","-44","31493","423"
"82444.650","33435","23610","20855","2060","-866","-380","-745","585","3810018","-12283743","86159","32288","55","31506","400"
"82445.650","33439","23611","20800","2037","-869","-597","-876","585","3810142","-12283889","86189","32287","37","31507","413"
"82446.650","33424","23608","20757","2043","-856","-456","-683","585","3810266","-12284035","86212","32289","-5","31509","472"
"82447.650","33402","23604","20713","2045","-868","-182","-619","585","3810390","-12284180","86227","32288","-76","31510","544"
"82448.650","33365","23595","20671","2059","-896","302","-801","585","3810513","-12284323","86250","32286","-92","31506","475"
"82449.650","33349","23593","20602","2065","-881","123","-1001","585","3810637","-12284465","86277","32288","-63","31510","437"
"82450.650","33346","23592","20541","2059","-877","163","-913","585","3810759","-12284609","86299","32288","47","31515","396"
"82451.650","33341","23593","20481","2041","-879","108","-764","585","3810882","-12284751","86319","32290","84","31529","407"
"82452.650","33341","23594","20421","2038","-871","-90","-933","585","3811004","-12284894","86333","32291","55","31535","472"
"82453.650","33338","23594","20362","2045","-856","-272","-997","585","3811126","-12285034","86342","32292","-68","31539","522"
"82454.650","33323","23590","20317","2013","-883","-67","-844","584","3811248","-12285176","86356","32291","-155","31530","532"
"82455.650","33299","23584","20294","2012","-889","31","-918","584","3811369","-12285314","86375","32290","-143","31528","536"
"82456.650","33275","23579","20287","2013","-896","213","-922","584","3811491","-12285457","86401","32289","-128","31521","511"
"82457.650","33247","23572","20291","2030","-893","363","-953","585","3811612","-12285596","86435","32288","-126","31523","475"
"82458.650","33237","23572","20278","2020","-898","149","-893","585","3811733","-12285737","86474","32290","-16","31533","458"
"82459.650","33237","23572","20252","1995","-899","-271","-930","584","3811854","-12285876","86502","32291","-34","31538","471"
"82460.650","33233","23571","20233","1988","-891","-348","-895","584","3811975","-12286016","86529","32290","-90","31535","471"
"82461.650","33225","23570","20225","1982","-898","-442","-894","584","3812096","-12286156","86554","32291","-99","31538","470"
"82462.650","33215","23567","20216","1983","-897","-449","-940","584","3812217","-12286297","86578","32290","92","31550","471"
"82463.650","33203","23567","20212","1982","-904","-432","-931","584","3812337","-12286434","86602","32293","93","31565","462"
"82464.650","33192","23565","20213","1977","-919","-344","-915","584","3812458","-12286574","86624","32293","48","31572","451"
"82465.650","33187","23565","20211","1979","-919","-376","-876","584","3812580","-12286714","86644","32295","64","31579","437"
"82466.650","33188","23568","20211","1963","-942","-402","-821","584","3812701","-12286853","86663","32299","37","31590","438"
"82467.650","33197","23569","20188","1968","-913","-790","-953","584","3812822","-12286991","86679","32298","24","31598","468"
"82468.650","33191","23573","20168","1959","-909","-1048","-951","583","3812943","-12287130","86693","32305","59","31602","509"
"82469.650","33174","23577","20170","1978","-914","-572","-903","584","3813065","-12287268","86710","32315","128","31614","500"
"82470.650","33156","23577","20164","1991","-912","-531","-806","584","3813187","-12287406","86730","32320","3","31608","481"
"82471.650","33145","23579","20154","2006","-900","-745","-858","584","3813308","-12287545","86754","32326","144","31615","501"
"82472.650","33136","23581","20148","2025","-894","-751","-912","584","3813431","-12287680","86780","32332","240","31636","497"
"82473.650","33121","23583","20150","2044","-896","-735","-864","585","3813553","-12287818","86809","32337","130","31633","481"
"82474.650","33109","23582","20141","2059","-886","-804","-978","585","3813674","-12287954","86843","32341","217","31644","486"
"82475.650","33098","23583","20132","2063","-886","-809","-774","585","3813797","-12288090","86874","32345","133","31654","476"
"82476.650","33091","23584","20127","2080","-876","-843","-723","585","3813920","-12288225","86903","32348","103","31654","469"
"82477.650","33079","23582","20116","2079","-875","-881","-1110","585","3814042","-12288361","86930","32349","141","31664","463"
"82478.650","33073","23582","20108","2078","-875","-889","-1026","585","3814165","-12288494","86955","32350","204","31684","454"
"82479.650","33067","23583","20102","2082","-871","-903","-731","585","3814288","-12288630","86977","32352","218","31694","446"
"82480.650","33061","23583","20098","2088","-868","-837","-840","585","3814411","-12288764","86997","32354","193","31708","434"
"82481.650","33057","23583","20104","2097","-870","-812","-928","585","3814535","-12288898","87014","32356","246","31721","413"
"82482.650","33060","23585","20100","2099","-863","-998","-860","586","3814659","-12289030","87028","32358","143","31732","426"
"82483.650","33060","23585","20095","2109","-851","-1147","-986","585","3814783","-12289164","87038","32357","-25","31724","439"
"82484.650","33043","23581","20085","2114","-870","-887","-871","586","3814907","-12289296","87045","32357","60","31737","402"
"82485.650","33047","23583","20053","2105","-871","-877","-962","585","3815032","-12289428","87052","32359","135","31750","402"
"82486.650","33056","23585","20031","2104","-861","-1036","-808","586","3815156","-12289560","87057","32359","18","31754","406"
"82487.650","33060","23585","20017","2088","-866","-1081","-1014","585","3815280","-12289690","87060","32357","58","31758","419"
"82488.650","33063","23587","19997","2072","-859","-1397","-835","585","3815404","-12289823","87061","32359","17","31767","463"
"82489.650","33052","23584","19994","2076","-865","-1080","-850","585","3815529","-12289954","87065","32358","50","31770","463"
"82490.650","33042","23582","19984","2085","-856","-1007","-860","585","3815654","-12290084","87071","32359","-38","31773","450"
"82491.650","33033","23582","19984","2089","-867","-1040","-797","585","3815778","-12290215","87080","32361","-16","31772","455"
"82492.650","33020","23580","19982","2082","-882","-857","-898","585","3815903","-12290345","87092","32361","108","31789","422"
"82493.650","33017","23580","19975","2077","-885","-925","-829","585","3816027","-12290475","87107","32363","9","31794","422"
"82494.650","33010","23578","19970","2073","-887","-843","-841","585","3816152","-12290604","87117","32362","-151","31784","398"
"82495.650","33012","23579","19974","2074","-891","-952","-888","585","3816277","-12290735","87126","32363","-209","31777","383"
"82496.650","33019","23580","19972","2076","-885","-991","-887","585","3816401","-12290863","87133","32363","-219","31766","383"
"82497.650","33018","23579","19983","2071","-899","-847","-894","585","3816525","-12290995","87135","32362","-133","31769","353"
"82498.650","33030","23583","19983","2077","-889","-1067","-943","585","3816650","-12291127","87133","32363","-12","31779","369"
"82499.650","33041","23587","19977","2080","-873","-1157","-898","585","3816774","-12291255","87125","32366","34","31780","375"
"82500.650","33046","23589","19978","2071","-881","-1173","-839","585","3816899","-12291387","87110","32367","-39","31784","417"
"82501.650","33045","23588","19988","2078","-891","-917","-884","585","3817024","-12291515","87096","32366","0","31788","405"
"82502.650","33045","23590","19988","2081","-892","-1001","-1028","585","3817148","-12291647","87088","32369","-84","31784","424"
"82503.650","33042","23591","19987","2101","-880","-725","-855","586","3817273","-12291777","87081","32371","-151","31777","424"
"82504.650","33033","23589","19989","2095","-895","-589","-901","585","3817397","-12291906","87076","32371","-329","31760","408"
"82505.650","33033","23587","19988","2098","-896","-709","-918","585","3817522","-12292038","87073","32369","-319","31744","421"
"82506.650","33027","23586","19992","2094","-909","-522","-899","586","3817646","-12292167","87074","32368","-237","31742","400"
"82507.650","33023","23589","19994","2096","-913","-471","-931","586","3817770","-12292298","87075","32374","-223","31738","378"
"82508.650","33025","23590","19997","2097","-913","-523","-831","586","3817894","-12292428","87074","32375","-257","31729","384"
"82509.650","33024","23590","20009","2097","-928","-403","-833","586","3818018","-12292560","87070","32374","-246","31720","367"
"82510.650","33039","23594","19997","2106","-899","-871","-788","586","3818141","-12292693","87064","32376","-237","31712","393"
"82511.650","33042","23594","19992","2099","-903","-925","-924","586","3818264","-12292824","87056","32375","-179","31702","438"
"82512.650","33037","23590","19987","2091","-914","-591","-1150","586","3818387","-12292957","87051","32371","-177","31706","431"
"82513.650","33029","23589","19987","2094","-918","-532","-741","586","3818510","-12293088","87049","32372","-174","31703","423"
"82514.650","33024","23592","20003","2113","-929","-405","-665","586","3818633","-12293219","87048","32377","-45","31705","412"
"82515.650","33022","23586","19994","2098","-937","-317","-798","586","3818756","-12293353","87050","32370","-109","31704","395"
"82516.650","33027","23590","19973","2086","-920","-503","-787","586","3818879","-12293485","87050","32374","-114","31708","410"
"82517.650","33028","23589","19976","2098","-918","-503","-926","586","3819001","-12293617","87048","32372","-168","31695","414"
"82518.650","33027","23590","19974","2105","-912","-484","-924","586","3819124","-12293749","87047","32374","-243","31685","413"
"82519.650","33026","23588","19968","2101","-913","-412","-709","586","3819246","-12293882","87046","32372","-220","31674","409"
"82520.650","33025","23591","19973","2105","-918","-463","-991","585","3819368","-12294013","87045","32376","-168","31679","407"
"82521.650","33025","23590","19980","2118","-920","-428","-814","586","3819490","-12294147","87043","32374","-136","31662","415"
"82522.650","33022","23587","19959","2090","-923","-449","-945","586","3819612","-12294279","87042","32371","-207","31672","418"
"82523.650","33023","23587","19945","2079","-921","-631","-755","585","3819734","-12294413","87042","32371","-92","31659","451"
"82524.650","33022","23586","19942","2087","-919","-575","-797","586","3819856","-12294545","87043","32370","-91","31675","447"
"82525.650","33017","23584","19924","2062","-932","-744","-897","585","3819977","-12294678","87045","32369","-152","31661","480"
"82526.650","33008","23586","19903","2058","-923","-799","-1048","585","3820099","-12294812","87050","32374","-242","31656","493"
"82527.650","32998","23583","19897","2075","-921","-810","-765","586","3820220","-12294944","87061","32372","-247","31643","501"
"82528.650","32986","23582","19888","2079","-927","-855","-732","585","3820341","-12295077","87076","32375","-192","31637","515"
"82529.650","32972","23583","19895","2125","-919","-944","-752","586","3820462","-12295212","87099","32379","-229","31621","523"
"82530.650","32954","23577","19848","2101","-905","-902","-875","585","3820582","-12295344","87129","32376","-235","31615","513"
"82531.650","32934","23575","19830","2092","-910","-600","-893","586","3820702","-12295478","87165","32379","-198","31620","455"
"82532.650","32929","23575","19828","2112","-902","-724","-721","586","3820823","-12295611","87195","32380","-268","31595","475"
"82533.650","32923","23575","19811","2101","-904","-967","-733","586","3820942","-12295745","87222","32382","-205","31595","465"
"82534.650","32924","23575","19806","2103","-908","-1194","-688","586","3821062","-12295878","87246","32383","-170","31590","481"
"82535.650","32918","23574","19792","2113","-897","-1331","-835","586","3821181","-12296012","87268","32382","-38","31591","510"
"82536.650","32904","23573","19789","2126","-900","-983","-891","586","3821301","-12296147","87290","32385","-123","31595","474"
"82537.650","32890","23570","19789","2134","-906","-870","-853","586","3821420","-12296279","87311","32384","-126","31581","451"
"82538.650","32895","23571","19778","2151","-884","-1172","-862","587","3821539","-12296413","87330","32384","-71","31588","450"
"82539.650","32893","23565","19756","2132","-882","-1219","-902","586","3821657","-12296548","87347","32378","-42","31584","462"
"82540.650","32885","23566","19729","2103","-882","-1115","-654","586","3821776","-12296680","87361","32381","-121","31596","442"
"82541.650","32873","23562","19786","2153","-913","-501","-770","587","3821895","-12296814","87372","32379","-76","31587","366"
"82542.650","32875","23558","19793","2149","-919","-354","-1017","587","3822014","-12296948","87378","32373","-77","31586","323"
"82543.650","32899","23568","19785","2136","-903","-909","-780","587","3822133","-12297082","87377","32380","-165","31583","334"
"82544.650","32911","23570","19777","2108","-902","-993","-609","586","3822251","-12297214","87365","32379","-464","31558","349"
"82545.650","32923","23570","19810","2125","-914","-901","-847","586","3822370","-12297348","87340","32375","-458","31539","345"
"82546.650","32933","23570","19804","2120","-896","-795","-892","586","3822488","-12297483","87309","32372","-317","31516","340"
"82547.650","32947","23570","19786","2091","-883","-519","-801","585","3822607","-12297618","87271","32369","-154","31539","337"
"82548.650","32958","23572","19797","2080","-891","-373","-776","585","3822725","-12297753","87230","32368","73","31539","331"
"82549.650","32963","23569","19832","2084","-917","-400","-766","585","3822843","-12297889","87190","32363","314","31586","327"
"82550.650","32978","23563","19822","2055","-917","-362","-620","585","3822962","-12298024","87149","32350","535","31617","355"
"82551.650","32983","23571","19826","2061","-901","-91","-691","585","3823081","-12298159","87112","32360","606","31677","337"
"82552.650","32995","23579","19871","2085","-927","25","-901","585","3823200","-12298294","87076","32367","627","31696","358"
"82553.650","33002","23568","19869","2087","-910","161","-767","586","3823321","-12298426","87044","32351","509","31726","358"
"82554.650","33003","23573","19858","2071","-900","421","-705","585","3823443","-12298558","87015","32357","521","31748","352"
"82555.650","33006","23567","19883","2113","-878","749","-695","586","3823564","-12298691","86989","32348","633","31792","330"
"82556.650","33008","23562","19899","2097","-901","833","-717","585","3823687","-12298822","86961","32340","649","31816","328"
"82557.650","33021","23571","19923","2104","-914","550","-821","586","3823811","-12298949","86931","32350","785","31862","340"
"82558.650","33027","23572","19941","2118","-912","808","-965","586","3823935","-12299079","86901","32349","815","31922","332"
"82559.650","33034","23574","19951","2119","-909","935","-917","586","3824061","-12299206","86869","32349","847","31955","324"
"82560.650","33042","23577","19960","2109","-913","1123","-943","586","3824187","-12299333","86837","32352","763","32006","323"
"82561.650","33053","23579","19970","2101","-917","1311","-863","586","3824315","-12299459","86804","32351","724","32037","320"
"82562.650","33063","23579","19981","2111","-906","1572","-865","586","3824443","-12299582","86770","32349","656","32073","316"
"82563.650","33075","23581","19995","2102","-917","1482","-1228","586","3824572","-12299704","86736","32348","604","32099","323"
"82564.650","33091","23584","19991","2098","-908","1214","-973","586","3824702","-12299828","86703","32347","524","32136","388"
"82565.650","33089","23583","20004","2095","-924","1524","-1061","586","3824833","-12299947","86671","32346","465","32156","400"
"82566.650","33085","23581","20006","2086","-937","1679","-860","586","3824965","-12300068","86644","32345","507","32187","404"
"82567.650","33086","23581","20007","2107","-926","1839","-802","586","3825097","-12300187","86624","32345","668","32230","401"
"82568.650","33085","23580","20011","2113","-929","1825","-955","586","3825229","-12300304","86607","32344","826","32282","400"
"82569.650","33084","23580","20009","2122","-925","1770","-954","586","3825363","-12300421","86595","32344","936","32336","405"
"82570.650","33085","23581","20009","2129","-927","1720","-969","586","3825498","-12300537","86588","32345","985","32391","410"
"82571.650","33082","23580","20007","2131","-930","1723","-1017","586","3825633","-12300648","86589","32345","953","32443","412"
"82572.650","33080","23581","20001","2126","-932","1684","-1005","586","3825769","-12300761","86592","32347","884","32487","417"
"82573.650","33082","23582","19997","2121","-939","1630","-860","586","3825905","-12300872","86595","32347","832","32531","425"
"82574.650","33078","23583","19991","2114","-946","1686","-993","586","3826043","-12300981","86598","32349","824","32575","433"
"82575.650","33075","23584","19988","2102","-961","1678","-992","586","3826182","-12301087","86602","32352","809","32625","440"
"82576.650","33072","23583","19976","2081","-974","1596","-1077","586","3826322","-12301192","86608","32352","787","32671","462"
"82577.650","33069","23584","19958","2075","-971","1648","-1080","586","3826462","-12301297","86617","32353","726","32710","470"
"82578.650","33064","23582","19948","2065","-982","1684","-917","586","3826602","-12301400","86630","32353","558","32741","486"
"82579.650","33055","23581","19928","2068","-973","1759","-1066","586","3826743","-12301501","86648","32353","420","32755","496"
"82580.650","33044","23579","19912","2079","-964","1947","-976","586","3826885","-12301601","86670","32354","319","32771","485"
"82581.650","33032","23578","19909","2087","-971","1966","-1058","586","3827026","-12301699","86696","32356","214","32779","480"
"82582.650","33017","23576","19918","2088","-994","2236","-754","586","3827169","-12301798","86723","32357","192","32792","447"
"82583.650","33003","23570","19932","2099","-1005","2616","-963","586","3827311","-12301897","86746","32353","115","32800","377"
"82584.650","33015","23574","19904","2079","-981","2050","-956","586","3827454","-12301994","86766","32355","-43","32790","398"
"82585.650","33024","23574","19887","2060","-970","1877","-962","586","3827597","-12302092","86783","32353","-264","32781","393"
"82586.650","33027","23573","19882","2056","-961","1808","-953","586","3827739","-12302188","86793","32351","-305","32757","394"
"82587.650","33032","23574","19870","2033","-959","1654","-686","585","3827881","-12302287","86795","32351","-311","32749","420"
"82588.650","33034","23574","19868","2044","-951","1726","-966","585","3828024","-12302385","86786","32349","-183","32742","423"
"82589.650","33036","23573","19862","2052","-941","1782","-940","585","3828167","-12302483","86772","32348","-94","32751","428"
"82590.650","33038","23573","19859","2053","-941","1660","-996","585","3828309","-12302582","86761","32348","-170","32739","444"
"82591.650","33035","23572","19856","2060","-940","1655","-1082","585","3828451","-12302681","86753","32348","-280","32723","448"
"82592.650","33032","23573","19856","2072","-936","1779","-977","585","3828594","-12302780","86749","32349","-146","32726","436"
"82593.650","33029","23576","19861","2066","-950","1796","-970","585","3828735","-12302878","86749","32353","-141","32729","435"
"82594.650","33025","23577","19876","2084","-957","1948","-1005","586","3828877","-12302977","86749","32357","-76","32731","416"
"82595.650","33025","23578","19875","2079","-960","2079","-1053","586","3829018","-12303076","86748","32358","-99","32728","405"
"82596.650","33020","23577","19889","2064","-981","2278","-845","586","3829160","-12303176","86746","32358","-323","32717","382"
"82597.650","33017","23573","19880","2072","-977","2300","-918","586","3829302","-12303276","86742","32353","-435","32692","358"
"82598.650","33016","23569","19823","2083","-953","2295","-1060","586","3829443","-12303376","86735","32348","-314","32684","332"
"82599.650","33031","23572","19745","2093","-920","1891","-888","586","3829583","-12303476","86723","32348","-177","32683","339"
"82600.650","33046","23573","19684","2096","-919","2020","-920","586","3829723","-12303576","86705","32346","-316","32665","333"
"82601.650","33057","23574","19622","2086","-924","1828","-740","585","3829863","-12303676","86678","32343","-708","32622","332"
"82602.650","33070","23577","19547","2066","-928","1702","-784","585","3830003","-12303776","86645","32345","-852","32574","339"
"82603.650","33086","23582","19477","2043","-936","1753","-725","585","3830141","-12303877","86607","32346","-1131","32519","326"
"82604.650","33104","23586","19402","2040","-931","1300","-857","585","3830277","-12303978","86563","32346","-1257","32440","363"
"82605.650","33116","23588","19340","2035","-943","1630","-845","585","3830412","-12304081","86520","32346","-1051","32401","354"
"82606.650","33125","23589","19286","2025","-962","2026","-935","585","3830546","-12304186","86477","32346","-949","32374","309"
"82607.650","33143","23594","19219","2050","-938","1979","-834","585","3830678","-12304291","86434","32346","-663","32347","309"
"82608.650","33167","23598","19155","2050","-933","2009","-847","585","3830809","-12304397","86386","32346","-759","32322","295"
"82609.650","33190","23603","19097","2042","-937","2088","-979","585","3830939","-12304503","86335","32346","-849","32271","291"
"82610.650","33213","23608","19044","2033","-949","1945","-1035","585","3831068","-12304612","86280","32346","-987","32219","316"
"82611.650","33236","23611","18989","2022","-961","1954","-789","585","3831196","-12304720","86220","32344","-1093","32158","316"
"82612.650","33253","23615","18932","2012","-973","2143","-893","585","3831322","-12304828","86160","32345","-1242","32096","330"
"82613.650","33273","23616","18887","1981","-1011","2676","-856","585","3831447","-12304940","86101","32340","-1460","32024","289"
"82614.650","33294","23617","18843","1940","-1051","3034","-1011","584","3831571","-12305050","86041","32336","-1914","31933","248"
"82615.650","33319","23621","18796","1917","-1066","2824","-831","584","3831692","-12305165","85978","32334","-2057","31826","204"
"82616.650","33355","23627","18744","1893","-1080","2534","-895","584","3831812","-12305281","85907","32333","-2144","31702","240"
"82617.650","33382","23627","18730","1871","-1133","3078","-859","584","3831929","-12305400","85825","32326","-2235","31603","199"
"82618.650","33413","23624","18704","1861","-1161","3232","-877","584","3832044","-12305522","85734","32313","-2185","31495","195"
"82619.650","33448","23623","18655","1815","-1189","3413","-1064","584","3832156","-12305646","85636","32302","-2125","31402","198"
"82620.650","33484","23622","18596","1783","-1187","3776","-876","583","3832266","-12305771","85537","32290","-2229","31290","181"
"82621.650","33513","23617","18555","1788","-1172","3803","-971","583","3832374","-12305900","85434","32276","-2383","31140","180"
"82622.650","33548","23614","18515","1789","-1163","4029","-826","583","3832478","-12306032","85328","32262","-2393","30999","168"
"82623.650","33591","23616","18473","1786","-1153","4152","-746","583","3832581","-12306166","85219","32254","-2437","30872","168"
"82624.650","33632","23621","18453","1781","-1177","4329","-813","583","3832679","-12306306","85107","32249","-2534","30722","145"
"82625.650","33677","23628","18422","1784","-1177","4219","-749","584","3832776","-12306445","84993","32246","-2615","30572","151"
"82626.650","33726","23636","18396","1802","-1160","4374","-780","584","3832869","-12306588","84875","32243","-2632","30423","136"
"82627.650","33790","23645","18371","1798","-1175","4306","-876","584","3832958","-12306735","84754","32238","-2864","30269","120"
"82628.650","33841","23655","18357","1797","-1213","3537","-771","584","3833044","-12306883","84631","32238","-3426","30047","87"
"82629.650","33897","23665","18338","1823","-1214","2692","-806","585","3833126","-12307035","84503","32237","-3778","29791","86"
"82630.650","33992","23682","18291","1856","-1137","2077","-948","585","3833204","-12307191","84370","32234","-3711","29578","54"
"82631.650","34084","23699","18255","1892","-1061","1515","-773","584","3833276","-12307350","84225","32232","-3690","29363","42"
"82632.650","34184","23715","18211","1904","-991","997","-887","584","3833342","-12307511","84073","32227","-3892","29126","12"
"82633.650","34271","23731","18202","1935","-948","573","-827","584","3833403","-12307677","83914","32225","-3861","28887","-23"
"82634.650","34376","23744","18189","1948","-904","563","-797","584","3833458","-12307846","83745","32215","-3807","28682","-37"
"82635.650","34458","23755","18187","1971","-853","157","-761","584","3833507","-12308017","83571","32208","-3914","28412","-44"
"82636.650","34550","23770","18186","1978","-847","404","-769","584","3833550","-12308190","83393","32204","-3767","28199","-63"
"82637.650","34665","23788","18177","1973","-821","403","-959","584","3833587","-12308367","83211","32196","-3840","27996","-99"
"82638.650","34737","23798","18211","2012","-813","-224","-842","585","3833618","-12308546","83033","32192","-4168","27696","-102"
"82639.650","34840","23814","18224","2025","-813","-231","-729","585","3833642","-12308728","82847","32186","-4203","27456","-140"
"82640.650","34948","23832","18242","2042","-810","-526","-859","586","3833660","-12308910","82652","32182","-4314","27193","-163"
"82641.650","35047","23850","18268","2059","-805","-607","-860","586","3833670","-12309092","82439","32180","-4448","26898","-180"
"82642.650","35109","23860","18330","2122","-789","-799","-618","587","3833673","-12309277","82221","32177","-4284","26585","-156"
"82643.650","35227","23880","18337","2128","-759","-494","-706","587","3833667","-12309460","81996","32173","-3932","26341","-121"
"82644.650","35331","23896","18360","2153","-728","-438","-756","588","3833653","-12309645","81773","32168","-3773","26066","-68"
"82645.650","35430","23909","18385","2184","-704","-198","-964","588","3833632","-12309828","81559","32159","-3947","25812","-52"
"82646.650","35524","23922","18381","2193","-688","-175","-971","588","3833604","-12310012","81347","32153","-4166","25495","-49"
"82647.650","35600","23927","18393","2215","-634","-185","-907","588","3833568","-12310192","81131","32139","-4290","25186","-23"
"82648.650","35675","23936","18411","2262","-615","-405","-830","589","3833524","-12310372","80908","32133","-4284","24857","1"
"82649.650","35757","23951","18409","2294","-604","-469","-974","589","3833472","-12310548","80683","32131","-4398","24562","29"
"82650.650","35827","23963","18393","2318","-600","-588","-834","590","3833412","-12310722","80467","32130","-4509","24224","38"
"82651.650","35887","23972","18383","2344","-573","-598","-946","590","3833344","-12310887","80259","32126","-4409","23909","63"
"82652.650","35954","23979","18365","2361","-541","-600","-899","591","3833268","-12311050","80064","32120","-3907","23644","139"
"82653.650","36028","23996","18297","2347","-546","-533","-867","590","3833185","-12311206","79884","32122","-3713","23400","210"
"82654.650","36070","24010","18237","2335","-526","-478","-870","590","3833093","-12311358","79727","32130","-3818","23120","261"
"82655.650","36118","24022","18159","2314","-509","-351","-1014","590","3832996","-12311505","79590","32134","-3582","22841","337"
"82656.650","36184","24035","18058","2287","-515","-130","-977","589","3832894","-12311644","79475","32136","-3653","22621","360"
"82657.650","36230","24045","17974","2279","-519","60","-1006","589","3832785","-12311777","79380","32137","-3796","22361","359"
"82658.650","36269","24052","17900","2277","-515","278","-957","589","3832671","-12311902","79303","32137","-3982","22112","346"
"82659.650","36301","24054","17838","2304","-524","226","-916","590","3832553","-12312022","79231","32131","-4161","21844","319"
"82660.650","36323","24055","17789","2336","-521","116","-870","590","3832429","-12312137","79151","32127","-4291","21573","305"
"82661.650","36352","24060","17729","2355","-526","-61","-826","591","3832301","-12312244","79059","32126","-4300","21295","285"
"82662.650","36375","24063","17679","2369","-514","-208","-802","591","3832169","-12312342","78974","32125","-4237","21022","294"
"82663.650","36408","24067","17612","2356","-506","-201","-717","591","3832033","-12312431","78905","32122","-4090","20756","296"
"82664.650","36436","24071","17550","2364","-505","-448","-821","591","3831892","-12312511","78783","32119","-4336","20459","308"
"82665.650","36458","24074","17488","2358","-490","-428","-924","591","3831749","-12312584","78661","32118","-4465","20121","293"
"82666.650","36501","24081","17416","2354","-491","-451","-991","591","3831602","-12312645","78545","32117","-4669","19812","275"
"82667.650","36538","24087","17359","2348","-478","-505","-797","590","3831452","-12312695","78438","32115","-4660","19479","242"
"82668.650","36590","24096","17294","2341","-478","-537","-997","590","3831299","-12312737","78329","32115","-4626","19187","225"
"82669.650","36654","24106","17227","2318","-487","-392","-984","590","3831144","-12312767","78214","32112","-4568","18898","177"
"82670.650","36694","24113","17188","2308","-475","-422","-785","590","3830988","-12312787","78092","32111","-4557","18594","158"
"82671.650","36750","24122","17147","2306","-473","-431","-1035","590","3830831","-12312798","77963","32109","-4494","18300","136"
"82672.650","36820","24133","17102","2312","-481","-432","-936","590","3830674","-12312800","77829","32106","-4500","18018","102"
"82673.650","36868","24141","17085","2294","-464","-449","-739","590","3830516","-12312791","77720","32104","-4557","17695","89"
"82674.650","36941","24152","17046","2272","-474","-374","-830","589","3830357","-12312771","77619","32101","-4623","17383","55"
"82675.650","37004","24162","17030","2268","-463","-604","-878","589","3830199","-12312741","77516","32099","-4637","17055","31"
"82676.650","37076","24174","17017","2265","-451","-562","-923","589","3830042","-12312701","77395","32097","-4567","16747","13"
"82677.650","37167","24190","16996","2264","-455","-498","-924","589","3829884","-12312651","77269","32095","-4521","16454","-5"
"82678.650","37259","24205","16989","2251","-453","-276","-942","589","3829730","-12312590","77138","32093","-4536","16158","-41"
"82679.650","37340","24219","16993","2257","-436","-393","-774","589","3829576","-12312518","77000","32091","-4597","15836","-61"
"82680.650","37439","24235","16976","2258","-450","-273","-811","589","3829425","-12312439","76853","32089","-4584","15537","-102"
"82681.650","37545","24251","16964","2262","-460","-340","-810","590","3829276","-12312347","76699","32084","-4509","15247","-126"
"82682.650","37651","24267","16970","2249","-469","-266","-849","589","3829130","-12312247","76538","32079","-4504","14953","-165"
"82683.650","37763","24284","16978","2224","-489","-139","-814","589","3828986","-12312140","76365","32074","-4518","14654","-205"
"82684.650","37868","24298","17016","2182","-493","-242","-908","588","3828846","-12312021","76183","32067","-4449","14357","-229"
"82685.650","38002","24317","17041","2141","-519","-151","-708","588","3828710","-12311895","75993","32060","-4281","14079","-258"
"82686.650","38127","24332","17124","2083","-496","-233","-981","587","3828576","-12311760","75821","32050","-4174","13809","-274"
"82687.650","38255","24352","17185","2055","-477","-194","-863","586","3828449","-12311618","75606","32045","-4107","13541","-283"
"82688.650","38376","24369","17260","2014","-459","-199","-773","585","3828325","-12311470","75369","32039","-3985","13279","-281"
"82689.650","38493","24386","17324","1983","-435","-128","-981","585","3828206","-12311312","75141","32033","-3922","12996","-247"
"82690.650","38632","24397","17374","1973","-411","29","-938","584","3828093","-12311150","74915","32014","-3863","12753","-238"
"82691.650","38753","24410","17387","1994","-399","-65","-972","585","3827982","-12310981","74711","32003","-3679","12513","-219"
"82692.650","38891","24433","17363","2032","-427","88","-902","586","3827879","-12310802","74488","32001","-3582","12298","-215"
"82693.650","39025","24452","17363","2066","-420","146","-1055","587","3827781","-12310623","74262","31995","-3589","12079","-224"
"82694.650","39134","24470","17398","2072","-391","157","-753","587","3827689","-12310437","74049","31992","-3619","11845","-206"
"82695.650","39253","24490","17427","2069","-374","180","-732","587","3827601","-12310245","73838","31990","-3587","11610","-196"
"82696.650","39378","24509","17447","2069","-367","223","-912","587","3827519","-12310051","73630","31986","-3595","11382","-177"
"82697.650","39494","24527","17474","2064","-342","127","-859","587","3827444","-12309851","73426","31982","-3591","11151","-172"
"82698.650","39629","24547","17499","2053","-335","78","-987","586","3827373","-12309648","73222","31978","-3653","10928","-183"
"82699.650","39752","24567","17517","2048","-336","97","-851","586","3827309","-12309441","73019","31975","-3714","10700","-208"
"82700.650","39861","24586","17546","2033","-335","24","-834","586","3827251","-12309231","72814","31975","-3609","10472","-204"
"82701.650","39989","24607","17555","2039","-341","71","-845","586","3827197","-12309018","72606","31974","-3520","10263","-210"
"82702.650","40112","24629","17567","2044","-344","120","-905","586","3827151","-12308805","72398","31974","-3622","10044","-222"
"82703.650","40233","24649","17583","2045","-348","156","-910","587","3827110","-12308586","72187","31973","-3654","9810","-241"
"82704.650","40351","24670","17591","2054","-355","114","-915","587","3827075","-12308367","71973","31973","-3659","9578","-233"
"82705.650","40474","24691","17610","2051","-358","116","-1018","587","3827046","-12308148","71758","31973","-3879","9328","-242"
"82706.650","40598","24712","17639","2038","-363","37","-1000","587","3827023","-12307926","71541","31972","-4094","9054","-269"
"82707.650","40724","24733","17656","2038","-370","-11","-1164","587","3827007","-12307703","71321","31970","-4173","8789","-291"
"82708.650","40855","24755","17671","2044","-381","-55","-916","587","3826998","-12307479","71097","31969","-4228","8518","-314"
"82709.650","40985","24776","17709","2024","-370","-226","-909","587","3826997","-12307255","70865","31967","-4244","8239","-327"
"82710.650","41117","24796","17733","2024","-381","-188","-845","587","3827002","-12307031","70627","31964","-4116","7974","-329"
"82711.650","41259","24819","17741","2042","-396","-105","-805","587","3827015","-12306808","70385","31962","-4038","7713","-331"
"82712.650","41401","24839","17770","2039","-413","-128","-922","587","3827036","-12306586","70143","31957","-4137","7441","-336"
"82713.650","41542","24860","17794","2044","-431","-36","-882","588","3827063","-12306364","69899","31952","-4219","7160","-357"
"82714.650","41686","24874","17846","2018","-441","-36","-1006","587","3827098","-12306146","69652","31938","-4289","6888","-366"
"82715.650","41832","24891","17930","1967","-478","-77","-746","587","3827140","-12305928","69403","31928","-4279","6607","-381"
"82716.650","41981","24911","18042","1881","-500","35","-869","585","3827189","-12305713","69148","31922","-4305","6333","-384"
"82717.650","42131","24931","18125","1838","-546","50","-749","584","3827246","-12305502","68892","31916","-4336","6041","-388"
"82718.650","42267","24953","18186","1790","-560","-254","-731","583","3827310","-12305296","68635","31914","-4180","5739","-367"
"82719.650","42420","24981","18216","1778","-571","-266","-618","583","3827382","-12305094","68377","31916","-3867","5503","-318"
"82720.650","42573","25004","18260","1757","-597","-84","-796","582","3827460","-12304894","68121","31913","-3930","5245","-292"
"82721.650","42710","25023","18290","1729","-604","-142","-753","583","3827545","-12304701","67870","31909","-4004","4958","-276"
"82722.650","42846","25048","18305","1691","-577","-71","-623","582","3827636","-12304513","67631","31911","-3975","4720","-254"
"82723.650","42978","25069","18332","1665","-598","-170","-768","581","3827734","-12304332","67402","31910","-3979","4437","-219"
"82724.650","43102","25084","18369","1619","-619","-210","-615","580","3827837","-12304155","67185","31903","-4020","4174","-195"
"82725.650","43227","25098","18409","1545","-628","-341","-734","579","3827946","-12303986","66980","31894","-4058","3911","-174"
"82726.650","43346","25115","18415","1502","-629","-438","-976","578","3828061","-12303823","66786","31891","-4110","3648","-140"
"82727.650","43461","25131","18415","1458","-627","-447","-994","577","3828180","-12303668","66637","31887","-4134","3377","-134"
"82728.650","43585","25153","18374","1484","-624","-277","-745","577","3828305","-12303521","66472","31889","-4048","3125","-132"
"82729.650","43712","25175","18343","1479","-615","-354","-777","577","3828435","-12303382","66305","31890","-3952","2899","-142"
"82730.650","43833","25196","18331","1459","-609","-347","-730","577","3828570","-12303252","66129","31891","-3914","2683","-165"
"82731.650","43949","25207","18338","1453","-631","-234","-860","577","3828709","-12303131","65969","31881","-3987","2457","-193"
"82732.650","44039","25222","18342","1438","-644","-288","-899","577","3828850","-12303017","65812","31882","-3971","2171","-164"
"82733.650","44152","25240","18331","1447","-663","-337","-920","578","3828994","-12302911","65660","31881","-3824","1918","-123"
"82734.650","44272","25259","18301","1456","-660","-281","-792","578","3829141","-12302813","65464","31880","-3614","1702","-112"
"82735.650","44379","25275","18292","1462","-680","-149","-819","578","3829290","-12302719","65277","31878","-3610","1458","-78"
"82736.650","44487","25296","18250","1461","-667","-76","-933","578","3829441","-12302638","65120","31882","-3753","1217","-71"
"82737.650","44586","25306","18220","1456","-672","-176","-868","578","3829595","-12302565","64979","31876","-3722","971","-51"
"82738.650","44683","25309","18208","1473","-701","-201","-835","579","3829749","-12302501","64853","31859","-3658","732","-23"
"82739.650","44767","25312","18203","1460","-739","-234","-886","579","3829905","-12302446","64707","31846","-3689","480","16"
"82740.650","44852","25312","18175","1431","-757","-238","-902","579","3830061","-12302398","64564","31829","-3659","239","54"
"82741.650","44944","25327","18114","1408","-748","-158","-805","578","3830218","-12302361","64428","31829","-3692","8","74"
"82742.650","45021","25338","18068","1389","-756","-65","-931","578","3830375","-12302332","64299","31828","-3751","35774","75"
"82743.650","45099","25350","18017","1391","-760","-86","-846","578","3830532","-12302311","64174","31827","-3695","35551","73"
"82744.650","45177","25362","17971","1356","-769","-129","-955","577","3830688","-12302301","64050","31826","-3607","35353","60"
"82745.650","45252","25373","17928","1338","-776","-29","-973","577","3830844","-12302298","63926","31824","-3643","35140","51"
"82746.650","45335","25385","17877","1333","-772","-19","-1021","577","3830999","-12302301","63794","31823","-3911","34915","25"
"82747.650","45408","25397","17837","1342","-773","-52","-751","577","3831154","-12302313","63659","31823","-4042","34656","-12"
"82748.650","45494","25410","17784","1315","-765","-24","-780","576","3831306","-12302333","63525","31822","-3882","34432","-27"
"82749.650","45583","25422","17750","1318","-764","-2","-916","577","3831457","-12302362","63385","31820","-3752","34219","-23"
"82750.650","45666","25436","17709","1331","-754","71","-885","577","3831606","-12302397","63247","31821","-3499","34006","-31"
"82751.650","45766","25450","17667","1330","-741","81","-856","577","3831753","-12302439","63106","31818","-3338","33820","-24"
"82752.650","45862","25464","17624","1316","-734","-49","-1039","576","3831898","-12302491","62973","31816","-3408","33613","-40"
"82753.650","45963","25478","17590","1321","-724","-29","-850","576","3832041","-12302548","62832","31815","-3472","33409","-58"
"82754.650","46062","25494","17554","1322","-708","91","-811","576","3832182","-12302611","62689","31814","-3533","33201","-81"
"82755.650","46165","25509","17524","1309","-703","-14","-805","576","3832319","-12302681","62544","31813","-3646","32987","-108"
"82756.650","46265","25525","17502","1294","-705","-132","-740","575","3832454","-12302755","62393","31813","-3798","32761","-134"
"82757.650","46360","25539","17493","1302","-707","-165","-991","575","3832586","-12302838","62229","31811","-3722","32504","-119"
"82758.650","46452","25552","17468","1297","-705","-182","-799","575","3832713","-12302928","62051","31811","-3584","32260","-68"
"82759.650","46563","25567","17436","1302","-691","-46","-854","576","3832837","-12303024","61873","31807","-3625","32016","-51"
"82760.650","46670","25582","17403","1303","-682","39","-783","575","3832956","-12303127","61697","31805","-3776","31770","-62"
"82761.650","46768","25594","17365","1288","-679","-25","-741","575","3833071","-12303237","61525","31801","-3916","31513","-65"
"82762.650","46866","25605","17305","1287","-631","-25","-806","575","3833181","-12303353","61354","31796","-3950","31240","-77"
"82763.650","46964","25608","17265","1308","-585","-17","-884","574","3833286","-12303476","61183","31780","-3977","30976","-83"
"82764.650","47066","25611","17253","1346","-560","-90","-853","575","3833387","-12303603","61011","31764","-3853","30703","-89"
"82765.650","47166","25619","17236","1352","-562","-189","-927","575","3833482","-12303737","60838","31754","-3756","30468","-74"
"82766.650","47266","25626","17196","1357","-527","-190","-824","575","3833572","-12303877","60665","31744","-3682","30210","-64"
"82767.650","47370","25632","17174","1383","-492","-133","-1062","576","3833657","-12304020","60494","31732","-3720","29954","-59"
"82768.650","47471","25638","17133","1393","-442","-64","-780","576","3833736","-12304168","60324","31721","-3706","29697","-62"
"82769.650","47572","25649","17102","1399","-414","-40","-933","576","3833809","-12304321","60159","31715","-3677","29453","-60"
"82770.650","47680","25661","17065","1397","-385","-3","-802","576","3833876","-12304477","59999","31709","-3699","29208","-62"
"82771.650","47785","25675","17028","1386","-369","-30","-775","575","3833937","-12304637","59837","31706","-3790","28960","-78"
"82772.650","47889","25686","17003","1389","-346","-116","-928","575","3833993","-12304801","59674","31700","-3832","28705","-96"
"82773.650","47998","25687","16976","1388","-315","-134","-874","575","3834043","-12304966","59507","31681","-3833","28458","-113"
"82774.650","48112","25700","16956","1388","-291","-197","-820","575","3834087","-12305135","59335","31675","-3808","28209","-139"
"82775.650","48225","25713","16938","1381","-283","-174","-942","575","3834124","-12305304","59157","31670","-3784","27985","-154"
"82776.650","48347","25727","16915","1365","-269","-202","-837","574","3834156","-12305475","58973","31664","-3747","27746","-180"
"82777.650","48473","25728","16879","1327","-284","-196","-988","573","3834182","-12305650","58784","31642","-3696","27523","-194"
"82778.650","48604","25735","16867","1310","-281","-133","-1151","573","3834202","-12305825","58600","31626","-3690","27313","-218"
"82779.650","48736","25746","16884","1322","-269","-208","-1021","573","3834216","-12306001","58406","31616","-3741","27069","-241"
"82780.650","48865","25756","16908","1337","-276","-325","-925","574","3834223","-12306177","58203","31604","-3820","26821","-254"
"82781.650","48993","25763","16936","1359","-296","-333","-810","574","3834224","-12306353","57992","31588","-3667","26564","-238"
"82782.650","49118","25766","16962","1383","-330","-372","-806","576","3834219","-12306532","57777","31569","-3446","26352","-192"
"82783.650","49236","25775","16971","1398","-342","-395","-762","576","3834208","-12306708","57560","31558","-3491","26090","-139"
"82784.650","49359","25787","16972","1417","-364","-391","-912","577","3834190","-12306885","57352","31550","-3585","25839","-98"
"82785.650","49473","25799","16958","1430","-400","-501","-934","578","3834165","-12307061","57155","31545","-3528","25590","-68"
"82786.650","49584","25807","16937","1442","-430","-403","-950","578","3834133","-12307235","56969","31534","-3416","25368","-28"
"82787.650","49695","25816","16901","1438","-447","-202","-926","578","3834095","-12307406","56787","31525","-3310","25159","-4"
"82788.650","49800","25822","16882","1464","-483","-190","-1009","579","3834052","-12307577","56626","31513","-3340","24949","13"
"82789.650","49889","25824","16870","1499","-512","-239","-856","581","3834002","-12307743","56480","31500","-3434","24723","30"
"82790.650","49973","25831","16854","1529","-519","-299","-961","581","3833946","-12307910","56345","31493","-3525","24487","45"
"82791.650","50065","25841","16830","1543","-511","-213","-912","582","3833884","-12308071","56217","31489","-3534","24246","52"
"82792.650","50160","25852","16796","1550","-510","-160","-816","582","3833817","-12308227","56090","31485","-3552","24025","44"
"82793.650","50244","25862","16767","1567","-517","-181","-933","583","3833745","-12308383","55962","31482","-3637","23789","37"
"82794.650","50318","25870","16744","1584","-508","-233","-804","583","3833668","-12308532","55824","31479","-3763","23516","56"
"82795.650","50386","25878","16716","1607","-509","-379","-865","584","3833586","-12308680","55691","31477","-3870","23235","73"
"82796.650","50464","25886","16674","1623","-514","-411","-900","584","3833497","-12308821","55570","31472","-3812","22969","93"
"82797.650","50546","25893","16613","1635","-546","-478","-834","585","3833403","-12308956","55445","31466","-3724","22724","107"
"82798.650","50622","25903","16559","1637","-549","-489","-820","585","3833303","-12309087","55323","31465","-3727","22469","120"
"82799.650","50697","25912","16506","1638","-551","-457","-929","585","3833199","-12309212","55209","31463","-3791","22207","124"
"82800.650","50768","25922","16445","1639","-560","-468","-850","585","3833090","-12309333","55125","31462","-3900","21937","121"
"82801.650","50840","25932","16392","1642","-563","-491","-942","585","3832976","-12309445","55040","31461","-3995","21661","110"
"82802.650","50911","25941","16340","1642","-564","-479","-981","585","3832858","-12309552","54961","31459","-4051","21377","103"
"82803.650","50985","25950","16281","1633","-570","-440","-861","585","3832736","-12309648","54840","31457","-4052","21103","88"
"82804.650","51063","25957","16216","1631","-590","-458","-927","585","3832609","-12309738","54720","31453","-4019","20833","70"
"82805.650","51145","25962","16151","1630","-618","-489","-852","586","3832478","-12309821","54609","31444","-3947","20583","53"
"82806.650","51229","25964","16093","1645","-650","-374","-919","586","3832344","-12309893","54504","31432","-3874","20334","34"
"82807.650","51320","25966","16045","1662","-677","-337","-860","587","3832206","-12309956","54402","31419","-3893","20098","17"
"82808.650","51414","25968","16013","1651","-678","-198","-953","587","3832066","-12310012","54293","31404","-4012","19820","-22"
"82809.650","51510","25968","15981","1689","-701","-212","-800","588","3831923","-12310063","54180","31387","-4165","19550","-59"
"82810.650","51609","25968","15970","1725","-708","-154","-769","589","3831778","-12310105","54059","31370","-4224","19275","-91"
"82811.650","51713","25975","15962","1751","-709","-102","-834","590","3831631","-12310137","53932","31360","-4209","18994","-119"
"82812.650","51826","25985","15970","1752","-693","-159","-929","589","3831483","-12310162","53774","31353","-4191","18709","-143"
"82813.650","51945","25993","15969","1743","-687","-82","-1039","589","3831334","-12310176","53605","31342","-4177","18420","-168"
"82814.650","52068","26002","15971","1754","-684","-66","-849","590","3831183","-12310183","53428","31332","-4140","18144","-188"
"82815.650","52193","26014","15994","1769","-664","-19","-916","590","3831032","-12310182","53239","31325","-4067","17869","-196"
"82816.650","52315","26024","16017","1773","-641","-65","-1134","590","3830878","-12310170","53098","31316","-4069","17575","-182"
"82817.650","52446","26032","16018","1742","-641","-10","-737","589","3830726","-12310150","52917","31303","-4091","17264","-186"
"82818.650","52563","26043","16016","1717","-643","-121","-875","589","3830576","-12310118","52720","31296","-4039","16952","-181"
"82819.650","52693","26041","16008","1691","-648","-167","-779","589","3830426","-12310077","52547","31272","-3800","16666","-158"
"82820.650","52828","26051","15991","1654","-669","-24","-670","588","3830277","-12310027","52370","31261","-3845","16391","-135"
"82821.650","52953","26068","15992","1659","-659","-82","-740","588","3830131","-12309967","52189","31260","-3968","16089","-149"
"82822.650","53062","26081","15999","1650","-642","-328","-849","588","3829986","-12309902","52003","31258","-4056","15773","-121"
"82823.650","53179","26097","16001","1635","-628","-415","-859","587","3829842","-12309826","51821","31257","-4092","15454","-121"
"82824.650","53301","26110","16007","1614","-612","-401","-802","586","3829701","-12309741","51647","31253","-4124","15153","-108"
"82825.650","53432","26124","16003","1596","-607","-283","-726","586","3829564","-12309647","51482","31248","-4121","14854","-119"
"82826.650","53554","26130","16000","1601","-591","-396","-806","586","3829430","-12309545","51322","31234","-4138","14571","-127"
"82827.650","53679","26136","15959","1616","-617","-310","-849","587","3829301","-12309433","51163","31221","-4120","14287","-149"
"82828.650","53792","26144","15933","1625","-631","-396","-1151","587","3829175","-12309315","50996","31211","-4077","13984","-142"
"82829.650","53909","26149","15908","1658","-621","-374","-972","588","3829054","-12309190","50825","31198","-4084","13692","-137"
"82830.650","54049","26160","15894","1684","-608","-276","-751","589","3828938","-12309054","50654","31188","-4268","13400","-149"
"82831.650","54139","26166","15895","1689","-580","-549","-947","588","3828826","-12308916","50480","31180","-4369","13038","-142"
"82832.650","54259","26175","15861","1703","-588","-502","-714","589","3828721","-12308767","50306","31171","-4255","12713","-118"
"82833.650","54383","26186","15837","1709","-589","-644","-801","589","3828621","-12308612","50133","31164","-4419","12371","-106"
"82834.650","54479","26186","15859","1679","-544","-894","-748","588","3828528","-12308451","49961","31148","-4572","11986","-97"
"82835.650","54626","26188","15829","1677","-564","-545","-838","588","3828441","-12308283","49794","31127","-4671","11656","-126"
"82836.650","54741","26200","15790","1710","-547","-613","-843","589","3828363","-12308110","49625","31122","-4799","11291","-159"
"82837.650","54847","26212","15784","1698","-533","-726","-1013","589","3828292","-12307931","49441","31120","-4889","10887","-163"
"82838.650","54968","26226","15770","1690","-539","-731","-920","589","3828232","-12307746","49247","31117","-4853","10499","-171"
"82839.650","55110","26239","15786","1657","-519","-884","-906","588","3828180","-12307558","49056","31109","-4774","10137","-179"
"82840.650","55259","26251","15785","1642","-528","-676","-991","588","3828136","-12307366","48862","31098","-4755","9786","-196"
"82841.650","55421","26267","15756","1662","-558","-445","-675","589","3828102","-12307171","48667","31092","-4734","9448","-254"
"82842.650","55575","26280","15756","1661","-599","-371","-817","589","3828076","-12306977","48466","31083","-4477","9137","-297"
"82843.650","55739","26296","15756","1674","-648","-160","-757","590","3828058","-12306778","48255","31076","-4262","8863","-339"
"82844.650","55931","26310","15795","1664","-650","-25","-934","590","3828047","-12306581","48036","31062","-3935","8680","-441"
"82845.650","56104","26320","15868","1633","-646","-89","-968","589","3828042","-12306381","47806","31046","-3659","8464","-469"
"82846.650","56284","26322","15944","1607","-702","22","-944","589","3828043","-12306182","47563","31019","-3316","8235","-463"
"82847.650","56493","26340","16004","1597","-696","99","-770","589","3828049","-12305985","47304","31008","-2952","8105","-536"
"82848.650","56703","26352","16087","1570","-668","135","-1141","588","3828060","-12305786","47039","30989","-2582","7977","-572"
"82849.650","56914","26363","16177","1536","-624","116","-816","587","3828076","-12305587","46763","30970","-2288","7882","-583"
"82850.650","57127","26386","16266","1514","-631","95","-812","587","3828093","-12305388","46480","30964","-1920","7772","-570"
"82851.650","57312","26401","16382","1454","-645","49","-752","585","3828115","-12305190","46198","30953","-1613","7659","-459"
"82852.650","57488","26411","16456","1405","-619","52","-671","584","3828140","-12304991","45920","30937","-1045","7585","-301"
"82853.650","57678","26424","16438","1430","-593","325","-816","584","3828169","-12304793","45653","30923","-35","7649","-193"
"82854.650","57850","26441","16426","1449","-590","479","-985","585","3828198","-12304593","45388","30916","343","7718","-122"
"82855.650","57982","26443","16460","1420","-586","529","-702","584","3828227","-12304394","45133","30899","714","7787","-46"
"82856.650","58070","26446","16470","1401","-562","590","-909","583","3828256","-12304196","44865","30889","1053","7900","119"
"82857.650","58151","26452","16447","1402","-563","645","-898","583","3828284","-12303993","44588","30884","1400","8037","240"
"82858.650","58197","26456","16426","1389","-562","746","-847","583","3828314","-12303788","44301","30881","1736","8197","350"
"82859.650","58235","26464","16373","1398","-599","680","-1008","584","3828314","-12303788","44301","30885","2053","8373","426"
"82860.650","58249","26470","16311","1402","-591","765","-961","584","3828357","-12303376","43832","30889","2352","8569","493"
"82861.650","58226","26467","16261","1396","-583","749","-720","584","3828370","-12303171","43680","30890","2637","8799","578"
"82862.650","58202","26467","16200","1391","-594","823","-923","584","3828379","-12302964","43645","30893","2898","9037","630"
"82863.650","58155","26465","16131","1378","-579","834","-1009","583","3828379","-12302758","43720","30898","3102","9296","691"
"82864.650","58104","26465","16048","1371","-589","683","-698","583","3828373","-12302553","43905","30906","3055","9551","775"
"82865.650","58053","26471","15937","1381","-596","778","-793","583","3828373","-12302553","43905","30920","3235","9783","799"
"82866.650","57986","26471","15820","1399","-593","745","-786","584","3828358","-12302346","44204","30931","3413","10055","809"
"82867.650","57926","26470","15721","1395","-608","785","-965","584","3828337","-12302141","44515","30938","3541","10300","801"
"82868.650","57855","26463","15642","1372","-624","762","-1329","583","3828311","-12301939","44737","30941","3416","10541","802"
"82869.650","57790","26463","15544","1375","-629","762","-906","583","3828280","-12301743","44921","30952","3243","10747","801"
"82870.650","57724","26465","15434","1409","-631","750","-798","584","3828243","-12301551","45079","30963","3257","10967","795"
"82871.650","57669","26463","15349","1421","-652","779","-769","585","3828200","-12301362","45270","30970","3309","11194","775"
"82872.650","57617","26459","15283","1429","-653","815","-963","585","3828152","-12301176","45400","30973","3270","11376","696"
"82873.650","57561","26453","15234","1426","-661","731","-966","585","3828099","-12300994","45507","30975","3259","11601","687"
"82874.650","57511","26448","15183","1429","-661","760","-890","585","3828042","-12300816","45596","30977","3286","11840","688"
"82875.650","57472","26445","15133","1432","-666","880","-903","585","3827981","-12300641","45665","30979","3323","12067","667"
"82876.650","57437","26443","15091","1447","-662","939","-928","585","3827844","-12300298","45796","30982","3062","12283","674"
"82877.650","57394","26440","15057","1454","-670","936","-844","586","3827844","-12300298","45796","30985","3044","12492","688"
"82878.650","57368","26439","15029","1456","-694","934","-866","586","3827769","-12300133","45856","30988","3046","12714","679"
"82879.650","57320","26435","15012","1458","-702","836","-886","586","3827690","-12299971","45913","30991","2919","12927","706"
"82880.650","57281","26431","14982","1468","-710","851","-854","586","3827607","-12299813","45970","30993","2877","13149","739"
"82881.650","57253","26428","14957","1477","-720","963","-773","587","3827519","-12299662","46028","30993","2803","13326","692"
"82882.650","57212","26423","14938","1482","-726","927","-808","587","3827428","-12299511","46088","30993","2759","13505","671"
"82883.650","57180","26419","14922","1487","-737","919","-1006","587","3827333","-12299366","46148","30993","2555","13682","662"
"82884.650","57147","26414","14912","1500","-735","893","-1002","587","3827233","-12299224","46210","30994","2277","13809","639"
"82885.650","57120","26410","14907","1512","-737","841","-747","588","3827026","-12298952","46323","30993","1937","13929","617"
"82886.650","57095","26407","14891","1521","-747","783","-914","588","3826919","-12298822","46369","30993","1476","13993","551"
"82887.650","57080","26407","14876","1540","-748","711","-966","588","3826811","-12298693","46409","30995","916","14035","541"
"82888.650","57072","26405","14881","1543","-748","699","-790","588","3826701","-12298564","46440","30994","657","14057","514"
"82889.650","57070","26405","14877","1550","-760","684","-904","589","3826701","-12298564","46440","30994","510","14090","490"
"82890.650","57074","26404","14888","1559","-759","703","-759","589","3826590","-12298439","46467","30993","358","14111","466"
"82891.650","57079","26405","14899","1559","-766","665","-881","589","3826478","-12298313","46489","30992","215","14124","468"
"82892.650","57093","26404","14917","1558","-768","641","-1073","589","3826364","-12298189","46513","30990","107","14129","444"
"82893.650","57101","26404","14930","1565","-770","565","-939","589","3826251","-12298066","46519","30989","43","14130","470"
"82894.650","57114","26406","14938","1569","-777","567","-1095","589","3826138","-12297942","46520","30988","139","14146","458"
"82895.650","57125","26407","14950","1574","-780","559","-799","589","3826025","-12297818","46512","30988","119","14162","453"
"82896.650","57126","26407","14964","1573","-780","510","-863","589","3825911","-12297695","46499","30988","42","14171","478"
"82897.650","57133","26407","14972","1571","-780","523","-795","589","3825797","-12297573","46481","30987","197","14184","493"
"82898.650","57142","26407","14977","1574","-782","536","-997","589","3825683","-12297448","46463","30986","154","14210","487"
"82899.650","57138","26407","14987","1577","-777","497","-792","590","3825569","-12297327","46452","30986","12","14203","500"
"82900.650","57138","26407","14990","1578","-777","481","-804","590","3825454","-12297204","46443","30986","-98","14202","514"
"82901.650","57138","26407","14998","1583","-771","503","-821","590","3825339","-12297082","46434","30986","-136","14193","473"
"82902.650","57144","26407","15006","1587","-771","488","-804","590","3825224","-12296961","46427","30986","-133","14191","431"
"82903.650","57152","26409","15020","1592","-774","412","-710","590","3825110","-12296837","46418","30987","-112","14191","408"
"82904.650","57169","26410","15038","1586","-782","433","-810","590","3824996","-12296713","46407","30984","-132","14188","353"
"82905.650","57197","26411","15067","1580","-790","399","-926","590","3824881","-12296591","46392","30982","-54","14184","297"
"82906.650","57233","26408","15120","1557","-782","366","-933","589","3824767","-12296469","46371","30973","-43","14186","243"
"82907.650","57275","26410","15157","1532","-774","358","-938","588","3824652","-12296344","46342","30969","-62","14183","185"
"82908.650","57336","26414","15195","1523","-762","302","-914","588","3824537","-12296221","46306","30964","-68","14186","148"
"82909.650","57400","26416","15243","1515","-749","243","-905","588","3824422","-12296097","46255","30956","-49","14182","154"
"82910.650","57469","26419","15280","1485","-754","233","-878","587","3824307","-12295974","46185","30949","-66","14180","119"
"82911.650","57539","26423","15305","1463","-754","185","-881","587","3824191","-12295849","46096","30943","-67","14165","137"
"82912.650","57613","26431","15326","1452","-754","177","-921","587","3824077","-12295726","45993","30941","-70","14171","131"
"82913.650","57686","26438","15348","1439","-757","188","-1067","587","3823962","-12295601","45880","30939","-60","14160","135"
"82914.650","57756","26446","15361","1441","-756","157","-970","586","3823847","-12295477","45761","30937","-148","14154","146"
"82915.650","57819","26453","15377","1437","-745","116","-906","586","3823731","-12295352","45617","30935","-311","14134","148"
"82916.650","57889","26460","15386","1421","-743","107","-927","586","3823616","-12295225","45509","30932","-267","14109","117"
"82917.650","57959","26466","15390","1422","-739","70","-946","586","3823500","-12295099","45406","30929","-258","14102","121"
"82918.650","58033","26471","15397","1411","-733","89","-897","586","3823385","-12294974","45303","30924","-230","14088","102"
"82919.650","58110","26478","15403","1404","-726","37","-849","585","3823272","-12294848","45200","30920","-185","14091","84"
"82920.650","58183","26482","15407","1411","-706","10","-987","585","3823157","-12294723","45097","30914","-127","14083","113"
"82921.650","58262","26487","15416","1394","-697","3","-824","585","3823043","-12294596","44992","30908","-99","14093","117"
"82922.650","58338","26491","15415","1379","-698","8","-914","585","3822928","-12294468","44884","30901","-71","14086","126"
"82923.650","58412","26494","15410","1372","-695","23","-791","584","3822815","-12294343","44779","30893","-187","14077","130"
"82924.650","58487","26501","15408","1387","-672","29","-904","585","3822701","-12294216","44675","30890","-190","14063","126"
"82925.650","58559","26502","15413","1384","-654","65","-863","584","3822588","-12294090","44573","30880","-202","14060","123"
"82926.650","58637","26505","15413","1378","-646","57","-958","584","3822475","-12293963","44472","30871","-257","14041","121"
"82927.650","58714","26512","15400","1374","-650","87","-828","584","3822361","-12293834","44372","30869","-323","14024","118"
"82928.650","58786","26519","15383","1364","-656","131","-913","584","3822248","-12293708","44272","30866","-329","13997","107"
"82929.650","58859","26527","15362","1353","-664","164","-859","584","3822136","-12293582","44172","30865","-232","13987","100"
"82930.650","58932","26535","15333","1346","-676","182","-817","584","3822024","-12293454","44071","30863","-146","13984","123"
"82931.650","59008","26543","15305","1342","-686","245","-1007","584","3821912","-12293327","43968","30860","-114","13982","125"
"82932.650","59083","26549","15283","1329","-695","282","-852","584","3821801","-12293198","43867","30856","-159","13970","131"
"82933.650","59156","26552","15270","1308","-697","277","-900","583","3821690","-12293072","43767","30849","-250","13943","136"
"82934.650","59229","26557","15242","1307","-702","248","-968","583","3821579","-12292943","43669","30844","-332","13918","142"
"82935.650","59299","26561","15210","1306","-711","294","-948","583","3821468","-12292814","43572","30838","-218","13904","149"
"82936.650","59370","26564","15173","1310","-720","323","-1180","584","3821357","-12292688","43476","30831","-94","13910","154"
"82937.650","59439","26567","15128","1322","-735","367","-1212","584","3821248","-12292559","43382","30824","-49","13911","153"
"82938.650","59503","26570","15101","1328","-731","372","-997","584","3821138","-12292432","43290","30818","-119","13909","152"
"82939.650","59570","26566","15093","1320","-715","343","-978","584","3821029","-12292304","43198","30804","-139","13902","151"
"82940.650","59637","26563","15074","1310","-715","291","-833","584","3820920","-12292177","43108","30791","-121","13898","156"
"82941.650","59698","26564","15053","1299","-717","290","-857","583","3820811","-12292048","43018","30783","-117","13882","181"
"82942.650","59770","26564","15033","1284","-718","272","-888","583","3820702","-12291919","42928","30772","-122","13879","163"
"82943.650","59839","26564","15018","1269","-715","218","-911","583","3820594","-12291794","42840","30762","-23","13877","164"
"82944.650","59908","26569","14987","1268","-721","205","-940","583","3820486","-12291665","42752","30757","-31","13883","160"
"82945.650","59978","26569","14964","1263","-724","164","-839","583","3820378","-12291539","42664","30748","-79","13874","155"
"82946.650","60047","26569","14934","1260","-734","203","-843","583","3820271","-12291412","42576","30737","-35","13871","136"
"82947.650","60122","26574","14911","1255","-746","283","-1005","583","3820163","-12291285","42486","30732","248","13889","102"
"82948.650","60202","26580","14889","1238","-770","316","-965","583","3820055","-12291159","42395","30727","505","13930","79"
"82949.650","60284","26587","14867","1237","-783","281","-1057","583","3819948","-12291033","42301","30723","201","13944","116"
"82950.650","60364","26592","14858","1228","-786","237","-1056","583","3819840","-12290908","42203","30718","-37","13920","92"
"82951.650","60448","26598","14843","1224","-794","219","-957","583","3819732","-12290784","42101","30712","116","13928","90"
"82952.650","60536","26601","14821","1229","-802","241","-795","583","3819624","-12290659","41996","30703","288","13961","100"
"82953.650","60620","26610","14807","1237","-797","269","-820","584","3819516","-12290535","41888","30701","256","13981","107"
"82954.650","60701","26619","14799","1241","-787","252","-869","584","3819408","-12290412","41777","30700","200","13998","104"
"82955.650","60785","26629","14789","1245","-780","200","-912","583","3819300","-12290289","41670","30699","66","14005","101"
"82956.650","60867","26637","14783","1250","-768","186","-964","584","3819191","-12290165","41564","30697","-32","14004","93"
"82957.650","60948","26638","14764","1250","-779","185","-1026","584","3819082","-12290043","41458","30686","-27","14004","92"
"82958.650","61030","26638","14728","1257","-807","178","-915","585","3818974","-12289922","41350","30674","-1","13999","93"
"82959.650","61115","26639","14699","1261","-829","197","-897","585","3818865","-12289799","41242","30663","18","14003","95"
"82960.650","61199","26635","14660","1274","-857","157","-922","586","3818756","-12289677","41134","30647","32","14004","95"
"82961.650","61283","26639","14622","1297","-875","122","-739","587","3818648","-12289555","41025","30639","34","14005","94"
"82962.650","61365","26644","14598","1306","-887","105","-860","587","3818540","-12289434","40916","30634","25","14015","102"
"82963.650","61446","26650","14564","1323","-906","63","-905","588","3818430","-12289312","40807","30628","76","14025","107"
"82964.650","61530","26657","14550","1315","-920","110","-1055","588","3818322","-12289193","40699","30625","137","14041","112"
"82965.650","61612","26664","14542","1311","-920","88","-787","588","3818214","-12289070","40591","30621","28","14037","123"
"82966.650","61694","26672","14528","1313","-920","75","-907","588","3818105","-12288950","40484","30619","-173","14017","136"
"82967.650","61775","26681","14516","1312","-921","37","-924","588","3817996","-12288829","40378","30618","-252","13996","136"
"82968.650","61856","26689","14505","1316","-921","44","-911","588","3817888","-12288710","40275","30615","-184","13989","127"
"82969.650","61936","26696","14494","1309","-931","75","-953","588","3817778","-12288588","40173","30611","-257","13973","130"
"82970.650","62011","26705","14476","1328","-928","53","-952","589","3817671","-12288468","40072","30612","-201","13958","135"
"82971.650","62090","26715","14463","1326","-935","92","-946","589","3817563","-12288346","39972","30611","-123","13968","139"
"82972.650","62172","26721","14444","1347","-932","132","-927","589","3817455","-12288225","39872","30608","-229","13949","125"
"82973.650","62249","26728","14430","1362","-930","160","-939","590","3817347","-12288103","39773","30605","-287","13933","113"
"82974.650","62330","26733","14416","1374","-932","165","-920","590","3817240","-12287982","39673","30599","-216","13925","101"
"82975.650","62418","26742","14413","1382","-926","206","-871","590","3817133","-12287860","39571","30597","-165","13925","88"
"82976.650","62505","26750","14423","1384","-912","240","-812","590","3817026","-12287738","39468","30593","-167","13923","80"
"82977.650","62594","26750","14411","1392","-921","200","-898","590","3816919","-12287615","39362","30581","-117","13924","89"
"82978.650","62680","26748","14379","1432","-930","253","-979","591","3816813","-12287493","39254","30568","-39","13932","81"
"82979.650","62770","26757","14368","1451","-934","291","-843","592","3816706","-12287373","39144","30565","12","13948","67"
"82980.650","62858","26763","14369","1448","-944","307","-972","592","3816600","-12287249","39033","30560","74","13951","58"
"82981.650","62953","26773","14369","1439","-958","309","-818","592","3816493","-12287126","38920","30558","124","13963","53"
"82982.650","63046","26782","14377","1425","-967","234","-910","592","3816386","-12287004","38806","30555","71","13969","64"
"82983.650","63139","26791","14384","1424","-963","239","-895","592","3816279","-12286880","38690","30552","175","13979","79"
"82984.650","63234","26800","14390","1416","-966","257","-911","592","3816173","-12286760","38574","30549","135","13996","87"
"82985.650","63321","26808","14400","1398","-968","249","-774","591","3816065","-12286637","38460","30547","151","14000","94"
"82986.650","63402","26818","14402","1391","-970","250","-829","591","3815958","-12286515","38347","30547","200","14019","104"
"82987.650","63487","26827","14409","1373","-972","235","-959","591","3815851","-12286395","38236","30545","253","14037","114"
"82988.650","63570","26834","14409","1363","-973","229","-811","591","3815742","-12286274","38127","30542","222","14053","124"
"82989.650","63650","26836","14418","1340","-973","270","-927","590","3815634","-12286154","38020","30533","194","14061","133"
"82990.650","63734","26840","14405","1345","-976","271","-915","591","3815525","-12286034","37915","30527","185","14071","140"
"82991.650","63811","26849","14384","1358","-982","316","-1103","591","3815417","-12285914","37814","30526","210","14095","147"
"82992.650","63889","26858","14384","1344","-981","347","-912","591","3815308","-12285794","37715","30526","264","14115","148"
"82993.650","63963","26864","14362","1355","-986","299","-1038","591","3815199","-12285678","37619","30522","260","14136","157"
"82994.650","64032","26870","14337","1373","-990","295","-863","591","3815090","-12285557","37527","30520","213","14156","150"
"82995.650","64108","26877","14315","1378","-1001","270","-929","592","3814980","-12285443","37438","30517","188","14165","152"
"82996.650","64185","26882","14305","1378","-1003","251","-1163","592","3814870","-12285324","37348","30513","198","14184","148"
"82997.650","64260","26890","14293","1381","-1006","319","-846","592","3814761","-12285208","37258","30511","272","14204","125"
"82998.650","64340","26898","14280","1382","-1017","302","-1044","592","3814651","-12285090","37166","30510","229","14223","117"
"82999.650","64421","26904","14270","1375","-1028","302","-890","592","3814541","-12284973","37073","30506","356","14246","132"
"83000.650","64503","26913","14255","1376","-1039","306","-829","592","3814430","-12284859","36977","30505","235","14272","136"
"83001.650","64580","26921","14251","1375","-1036","280","-930","592","3814319","-12284745","36881","30503","117","14269","142"
"83002.650","64647","26926","14242","1379","-1034","278","-880","593","3814208","-12284630","36785","30500","32","14274","146"
"83003.650","64721","26931","14237","1391","-1022","298","-1071","593","3814097","-12284517","36691","30496","0","14275","150"
"83004.650","64796","26937","14236","1400","-1004","325","-1252","593","3813986","-12284403","36598","30492","80","14287","154"
"83005.650","64875","26944","14221","1413","-1002","369","-955","593","3813875","-12284289","36505","30490","158","14314","154"
"83006.650","64953","26953","14214","1422","-994","428","-829","593","3813764","-12284178","36413","30489","171","14334","136"
"83007.650","65030","26960","14212","1422","-990","497","-814","593","3813652","-12284064","36322","30487","324","14357","118"
"83008.650","65104","26967","14200","1432","-989","525","-837","593","3813540","-12283951","36229","30485","329","14397","157"
"83009.650","65184","26974","14188","1441","-987","610","-779","593","3813429","-12283838","36136","30482","332","14423","140"
"83010.650","65259","26979","14190","1445","-974","611","-876","593","3813317","-12283728","36044","30478","121","14435","128"
"83011.650","65333","26983","14190","1449","-966","534","-869","593","3813204","-12283618","35953","30473","-112","14419","124"
"83012.650","65411","26987","14198","1440","-958","557","-984","593","3813092","-12283506","35861","30467","-159","14406","115"
"83013.650","65489","26986","14195","1437","-959","564","-921","593","3812979","-12283396","35767","30455","-136","14400","107"
"83014.650","65578","26980","14209","1425","-946","492","-934","593","3812867","-12283285","35673","30436","-146","14390","104"
"83015.650","65664","26982","14228","1416","-926","443","-975","592","3812755","-12283175","35576","30427","-182","14381","102"
"83016.650","65747","26986","14247","1390","-918","374","-852","592","3812643","-12283064","35478","30421","-217","14369","100"
"83017.650","65833","26987","14276","1369","-895","338","-990","591","3812531","-12282955","35379","30411","-247","14342","100"
"83018.650","65917","26986","14282","1365","-885","298","-875","591","3812419","-12282843","35278","30399","-320","14332","99"
"83019.650","66000","26995","14284","1364","-880","204","-869","591","3812308","-12282731","35177","30398","-370","14301","102"
"83020.650","66082","27002","14289","1363","-869","190","-1062","590","3812196","-12282620","35076","30395","-409","14281","104"
"83021.650","66166","27009","14282","1370","-867","208","-861","591","3812085","-12282508","34974","30392","-349","14259","107"
"83022.650","66253","27017","14284","1379","-852","239","-1013","591","3811974","-12282395","34872","30389","-130","14267","94"
"83023.650","66340","27027","14279","1382","-852","258","-820","591","3811864","-12282283","34770","30389","76","14290","90"
"83024.650","66426","27037","14273","1374","-863","201","-878","591","3811754","-12282169","34668","30390","-142","14285","113"
"83025.650","66505","27046","14270","1369","-862","160","-1201","591","3811644","-12282054","34565","30389","-171","14259","135"
"83026.650","66587","27055","14270","1368","-850","99","-1001","590","3811534","-12281943","34464","30388","-301","14247","135"
"83027.650","66669","27063","14271","1359","-846","60","-938","590","3811424","-12281828","34365","30387","-323","14217","119"
"83028.650","66747","27072","14274","1358","-833","6","-940","590","3811314","-12281714","34268","30386","-277","14206","112"
"83029.650","66831","27081","14268","1364","-828","0","-1191","590","3811205","-12281600","34170","30385","-186","14203","106"
"83030.650","66920","27090","14265","1375","-818","-37","-767","590","3811096","-12281485","34072","30384","-223","14202","101"
"83031.650","67004","27100","14258","1378","-817","-64","-908","590","3810987","-12281371","33972","30385","-258","14180","122"
"83032.650","67089","27110","14245","1378","-823","-103","-903","591","3810878","-12281256","33871","30385","-286","14167","127"
"83033.650","67174","27119","14248","1375","-812","-127","-846","590","3810769","-12281141","33771","30384","-271","14146","119"
"83034.650","67253","27127","14252","1372","-798","-135","-872","590","3810661","-12281025","33672","30383","-192","14143","121"
"83035.650","67337","27134","14250","1372","-791","-91","-937","590","3810553","-12280911","33573","30380","-115","14144","118"
"83036.650","67423","27141","14259","1358","-782","-49","-928","590","3810446","-12280793","33474","30376","-201","14137","119"
"83037.650","67506","27151","14245","1359","-789","-122","-873","590","3810338","-12280679","33375","30377","-344","14105","119"
"83038.650","67589","27156","14246","1332","-798","-178","-1083","589","3810231","-12280561","33276","30372","-378","14077","122"
"83039.650","67677","27162","14250","1321","-790","-154","-916","589","3810123","-12280445","33178","30367","-376","14038","119"
"83040.650","67761","27170","14246","1318","-784","-206","-800","589","3810017","-12280329","33080","30366","-415","14026","132"
"83041.650","67842","27177","14250","1308","-773","-211","-987","588","3809911","-12280211","32980","30363","-420","13993","148"
"83042.650","67919","27176","14282","1272","-741","-224","-892","587","3809805","-12280093","32884","30352","-427","13971","157"
"83043.650","67999","27179","14290","1257","-721","-239","-855","587","3809700","-12279974","32788","30346","-513","13930","166"
"83044.650","68075","27185","14257","1266","-735","-231","-896","587","3809595","-12279856","32694","30342","-539","13893","152"
"83045.650","68153","27191","14224","1280","-749","-177","-974","588","3809490","-12279736","32602","30339","-408","13873","143"
"83046.650","68235","27199","14195","1302","-752","-162","-830","588","3809386","-12279617","32510","30338","-323","13866","139"
"83047.650","68316","27207","14171","1319","-754","-134","-806","589","3809283","-12279496","32418","30336","-359","13845","142"
"83048.650","68396","27214","14165","1316","-749","-133","-831","589","3809180","-12279375","32325","30334","-381","13825","141"
"83049.650","68473","27222","14163","1306","-745","-71","-876","588","3809077","-12279255","32231","30333","-318","13801","138"
"83050.650","68554","27230","14162","1298","-738","-11","-789","588","3808975","-12279134","32138","30332","-273","13792","135"
"83051.650","68633","27238","14157","1290","-738","0","-1045","588","3808873","-12279012","32044","30330","-279","13774","130"
"83052.650","68716","27246","14151","1282","-739","29","-846","588","3808771","-12278889","31950","30329","-283","13753","127"
"83053.650","68798","27253","14158","1263","-736","59","-921","587","3808670","-12278768","31856","30327","-272","13734","123"
"83054.650","68880","27258","14156","1266","-723","62","-880","587","3808570","-12278645","31761","30322","-162","13729","123"
"83055.650","68968","27263","14165","1256","-709","140","-718","587","3808469","-12278521","31665","30316","-24","13744","117"
"83056.650","69050","27268","14164","1261","-696","120","-765","586","3808369","-12278399","31569","30311","-8","13749","121"
"83057.650","69131","27275","14164","1253","-692","202","-647","586","3808268","-12278276","31473","30309","-69","13750","140"
"83058.650","69204","27281","14156","1258","-682","200","-672","586","3808168","-12278154","31378","30307","-55","13746","150"
"83059.650","69283","27287","14150","1265","-667","240","-1049","586","3808068","-12278030","31284","30303","-12","13755","141"
"83060.650","69356","27291","14128","1287","-662","272","-987","587","3807967","-12277909","31192","30298","37","13767","148"
"83061.650","69434","27298","14109","1296","-661","317","-792","587","3807867","-12277785","31102","30297","24","13785","156"
"83062.650","69510","27304","14088","1300","-668","391","-894","587","3807768","-12277662","31012","30294","-7","13784","164"
"83063.650","69583","27308","14063","1299","-685","401","-891","588","3807667","-12277541","30923","30289","-35","13781","170"
"83064.650","69654","27311","14028","1304","-709","493","-1071","588","3807567","-12277420","30833","30284","53","13779","161"
"83065.650","69729","27315","14002","1311","-720","495","-984","589","3807466","-12277298","30745","30278","-89","13778","160"
"83066.650","69793","27314","13975","1321","-733","526","-909","589","3807367","-12277176","30657","30270","-233","13755","158"
"83067.650","69863","27317","13972","1318","-725","589","-884","589","3807267","-12277055","30568","30265","-200","13739","138"
"83068.650","69941","27309","14002","1273","-716","633","-1197","588","3807167","-12276934","30482","30246","-116","13744","109"
"83069.650","70022","27297","14034","1211","-724","671","-919","586","3807068","-12276810","30397","30223","-9","13726","87"
"83070.650","70106","27294","13992","1220","-771","741","-888","587","3806969","-12276689","30310","30209","-3","13717","83"
"83071.650","70191","27286","13988","1211","-787","780","-878","587","3806869","-12276567","30218","30190","3","13711","75"
"83072.650","70279","27269","14015","1190","-770","791","-818","587","3806769","-12276445","30124","30160","22","13708","88"
"83073.650","70364","27259","14028","1141","-797","802","-866","586","3806670","-12276324","30030","30138","54","13713","94"
"83074.650","70447","27261","14057","1112","-776","775","-801","585","3806571","-12276202","29928","30131","31","13691","102"
"83075.650","70530","27264","14066","1096","-774","795","-796","584","3806471","-12276081","29835","30124","124","13715","88"
"83076.650","70612","27268","14060","1077","-796","833","-1052","585","3806372","-12275960","29739","30118","325","13731","73"
"83077.650","70702","27273","14057","1064","-812","845","-925","584","3806273","-12275840","29642","30112","366","13761","63"
"83078.650","70797","27274","14056","1046","-831","836","-957","584","3806173","-12275719","29545","30103","305","13773","61"
"83079.650","70888","27280","14059","1039","-833","781","-900","584","3806073","-12275600","29449","30098","169","13769","62"
"83080.650","70976","27286","14069","1062","-799","802","-985","584","3805972","-12275479","29350","30094","87","13790","65"
"83081.650","71060","27290","14059","1078","-799","837","-917","585","3805871","-12275360","29249","30088","310","13822","72"
"83082.650","71145","27291","14048","1080","-809","905","-866","585","3805770","-12275241","29147","30079","476","13867","81"
"83083.650","71235","27275","14061","1037","-827","840","-1000","584","3805668","-12275122","29053","30050","428","13902","81"
"83084.650","71316","27261","14082","994","-830","742","-942","583","3805566","-12275006","28954","30025","242","13888","91"
"83085.650","71402","27249","14102","956","-827","608","-871","582","3805464","-12274888","28858","30002","214","13899","107"
"83086.650","71491","27241","14119","893","-850","524","-829","581","3805361","-12274771","28759","29982","218","13893","92"
"83087.650","71568","27238","14145","867","-825","477","-795","580","3805258","-12274655","28663","29969","276","13904","121"
"83088.650","71652","27238","14148","841","-827","455","-746","580","3805154","-12274539","28565","29960","407","13936","124"
"83089.650","71736","27246","14131","845","-833","389","-715","580","3805051","-12274425","28477","29958","154","13943","80"
"83090.650","71822","27252","14135","841","-822","331","-806","580","3804948","-12274310","28385","29955","-46","13933","75"
"83091.650","71904","27257","14142","834","-813","240","-942","579","3804844","-12274196","28292","29951","-207","13911","71"
"83092.650","71991","27265","14149","808","-817","205","-886","579","3804740","-12274084","28191","29949","-166","13897","94"
"83093.650","72081","27267","14173","776","-806","245","-1023","577","3804636","-12273969","28089","29941","-84","13891","81"
"83094.650","72172","27270","14162","799","-792","278","-972","578","3804533","-12273855","27992","29933","-67","13890","52"
"83095.650","72270","27270","14183","779","-782","248","-1038","577","3804428","-12273741","27895","29921","-51","13898","47"
"83096.650","72363","27270","14203","769","-764","284","-1107","576","3804325","-12273625","27793","29910","-39","13887","43"
"83097.650","72457","27270","14229","757","-740","209","-835","575","3804221","-12273511","27692","29899","-27","13902","47"
"83098.650","72551","27268","14259","739","-713","81","-787","574","3804118","-12273396","27593","29886","2","13906","62"
"83099.650","72646","27233","14344","670","-649","-73","-757","570","3804014","-12273282","27491","29837","24","13916","88"
"83100.650","72734","27211","14403","636","-579","-298","-792","567","3803911","-12273168","27388","29802","-63","13908","146"
"83101.650","72813","27213","14376","647","-575","-460","-878","567","3803808","-12273055","27285","29795","-293","13891","180"
"83102.650","72890","27217","14356","643","-569","-573","-834","567","3803705","-12272940","27182","29791","-294","13867","205"
"83103.650","72964","27232","14319","651","-571","-601","-766","567","3803602","-12272827","27078","29798","-266","13859","204"
"83104.650","73031","27244","14304","649","-550","-645","-891","566","3803500","-12272715","26978","29803","-217","13850","217"
"83105.650","73100","27279","14234","665","-588","-745","-674","570","3803398","-12272599","26877","29833","-166","13849","216"
"83106.650","73162","27309","14134","696","-654","-896","-863","573","3803296","-12272485","26784","29859","-118","13827","216"
"83107.650","73231","27334","14062","709","-698","-1079","-683","571","3803193","-12272371","26767","29879","-69","13823","216"
"83108.650","73300","27368","13985","723","-752","-1155","-850","575","3803092","-12272257","26705","29907","-42","13812","227"
"83109.650","73372","27390","13925","743","-777","-1143","-937","576","3802990","-12272145","26640","29924","-16","13815","225"
"83110.650","73447","27415","13886","738","-802","-1169","-986","577","3802889","-12272030","26568","29942","34","13817","224"
"83111.650","73519","27433","13848","752","-804","-1134","-1009","577","3802789","-12271917","26492","29953","10","13817","250"
"83112.650","73594","27449","13825","744","-808","-1105","-1114","577","3802689","-12271804","26415","29962","-12","13820","232"
"83113.650","73665","27463","13794","748","-810","-1082","-889","577","3802588","-12271691","26339","29969","-64","13811","232"
"83114.650","73739","27478","13760","754","-818","-1022","-966","578","3802488","-12271578","26263","29977","-33","13814","221"
"83115.650","73816","27492","13726","765","-824","-989","-931","578","3802388","-12271466","26186","29984","0","13824","196"
"83116.650","73893","27505","13728","758","-805","-928","-873","578","3802288","-12271354","26106","29988","46","13835","186"
"83117.650","73974","27521","13721","752","-798","-820","-967","577","3802188","-12271241","26026","29996","9","13832","177"
"83118.650","74059","27540","13708","776","-775","-703","-973","577","3802089","-12271130","25942","30008","-71","13842","170"
"83119.650","74143","27553","13693","789","-767","-643","-891","577","3801989","-12271018","25857","30012","-156","13838","163"
"83120.650","74225","27561","13692","773","-770","-470","-818","577","3801890","-12270906","25768","30011","-186","13824","153"
"83121.650","74310","27564","13699","753","-767","-280","-912","576","3801790","-12270794","25677","30005","-146","13806","145"
"83122.650","74392","27573","13693","747","-771","-110","-980","576","3801692","-12270683","25586","30005","-152","13803","133"
"83123.650","74475","27581","13686","741","-778","33","-949","576","3801592","-12270571","25494","30004","-63","13798","122"
"83124.650","74561","27586","13691","731","-776","237","-963","576","3801494","-12270459","25401","29999","26","13799","114"
"83125.650","74648","27588","13695","714","-784","401","-874","576","3801395","-12270347","25308","29992","84","13814","104"
"83126.650","74737","27586","13681","720","-797","627","-911","576","3801296","-12270237","25214","29980","161","13818","96"
"83127.650","74821","27581","13670","732","-800","767","-782","577","3801197","-12270123","25120","29964","-51","13829","131"
"83128.650","74903","27573","13693","705","-788","785","-983","576","3801098","-12270012","25027","29946","-37","13811","115"
"83129.650","74978","27558","13715","711","-748","858","-846","575","3801000","-12269902","24936","29921","-134","13812","121"
"83130.650","75057","27532","13783","683","-676","771","-1443","572","3800900","-12269790","24847","29884","-121","13824","109"
"83131.650","75135","27485","13860","671","-573","827","-905","568","3800802","-12269680","24759","29824","-78","13832","118"
"83132.650","75214","27445","13857","753","-496","931","-932","570","3800702","-12269567","24672","29772","-123","13879","120"
"83133.650","75295","27441","13834","775","-499","928","-987","570","3800604","-12269457","24587","29759","-63","13892","122"
"83134.650","75372","27437","13815","784","-504","945","-1115","571","3800506","-12269345","24502","29746","-16","13896","121"
"83135.650","75452","27435","13787","810","-509","910","-918","572","3800407","-12269234","24420","29735","31","13912","122"
"83136.650","75526","27434","13770","833","-502","935","-845","573","3800308","-12269122","24338","29724","73","13927","128"
"83137.650","75598","27432","13758","854","-489","906","-950","574","3800210","-12269011","24256","29714","238","13956","148"
"83138.650","75675","27435","13742","854","-493","901","-823","574","3800111","-12268901","24176","29709","389","13996","165"
"83139.650","75741","27434","13728","859","-490","891","-921","574","3800012","-12268788","24097","29701","422","14037","170"
"83140.650","75811","27434","13679","872","-524","826","-884","575","3799913","-12268678","24019","29693","461","14068","173"
"83141.650","75884","27441","13659","871","-531","707","-1012","575","3799814","-12268570","23946","29692","483","14107","181"
"83142.650","75955","27446","13649","864","-529","596","-805","575","3799714","-12268462","23875","29690","424","14141","188"
"83143.650","76023","27448","13624","869","-536","556","-965","576","3799614","-12268354","23805","29684","321","14160","198"
"83144.650","76090","27451","13602","871","-541","517","-1102","576","3799513","-12268246","23736","29680","260","14176","203"
"83145.650","76155","27456","13591","868","-534","402","-875","575","3799413","-12268141","23668","29678","196","14191","207"
"83146.650","76221","27458","13566","872","-540","365","-917","576","3799311","-12268037","23601","29673","168","14206","205"
"83147.650","76287","27463","13540","880","-543","271","-799","576","3799210","-12267932","23534","29671","147","14213","212"
"83148.650","76350","27466","13518","884","-544","221","-833","576","3799109","-12267826","23466","29668","113","14233","207"
"83149.650","76415","27471","13488","894","-553","148","-787","576","3799008","-12267723","23398","29666","111","14239","205"
"83150.650","76487","27477","13463","908","-554","120","-900","577","3798906","-12267620","23329","29664","77","14253","197"
"83151.650","76556","27481","13441","915","-557","64","-911","578","3798805","-12267517","23259","29660","58","14261","190"
"83152.650","76629","27487","13416","928","-560","-33","-772","578","3798703","-12267414","23187","29659","2","14265","184"
"83153.650","76705","27493","13397","930","-569","-129","-909","578","3798602","-12267311","23113","29658","-22","14266","176"
"83154.650","76782","27500","13383","941","-565","-259","-945","579","3798501","-12267208","23038","29657","-20","14263","171"
"83155.650","76859","27509","13374","936","-567","-380","-731","579","3798400","-12267108","22962","29658","-2","14275","178"
"83156.650","76939","27517","13356","941","-572","-439","-834","579","3798298","-12267006","22883","29657","-6","14262","173"
"83157.650","77016","27527","13349","946","-566","-470","-840","579","3798197","-12266902","22801","29659","-70","14276","169"
"83158.650","77098","27533","13330","946","-581","-554","-873","579","3798097","-12266802","22718","29657","-83","14258","163"
"83159.650","77183","27541","13320","956","-576","-638","-823","580","3797995","-12266700","22632","29656","-118","14261","156"
"83160.650","77270","27555","13310","953","-586","-671","-696","579","3797895","-12266598","22544","29662","-45","14263","149"
"83161.650","77357","27571","13327","931","-577","-592","-806","579","3797794","-12266497","22453","29669","35","14259","141"
"83162.650","77448","27578","13355","910","-554","-568","-925","578","3797693","-12266394","22361","29667","96","14279","135"
"83163.650","77538","27584","13309","937","-590","-456","-873","579","3797592","-12266293","22266","29664","50","14284","145"
"83164.650","77622","27594","13311","972","-554","-566","-664","580","3797491","-12266191","22170","29665","-73","14293","162"
"83165.650","77705","27597","13279","989","-578","-479","-898","581","3797390","-12266091","22076","29659","15","14304","171"
"83166.650","77786","27612","13293","973","-559","-504","-783","580","3797290","-12265988","21983","29667","44","14309","201"
"83167.650","77866","27613","13277","993","-553","-239","-699","581","3797189","-12265886","21892","29659","87","14335","205"
"83168.650","77948","27622","13244","1007","-572","-211","-853","581","3797088","-12265786","21802","29659","62","14336","186"
"83169.650","78021","27635","13270","991","-539","-328","-774","580","3796986","-12265683","21716","29665","16","14351","201"
"83170.650","78101","27636","13247","1010","-545","31","-765","581","3796886","-12265583","21632","29658","-81","14353","182"
"83171.650","78178","27644","13217","1026","-562","-22","-930","582","3796785","-12265485","21552","29658","2","14346","177"
"83172.650","78250","27654","13226","1023","-540","-197","-745","581","3796684","-12265383","21472","29662","-21","14363","201"
"83173.650","78319","27656","13185","1055","-558","198","-819","583","3796583","-12265283","21393","29656","-93","14351","202"
"83174.650","78394","27662","13152","1075","-575","195","-811","583","3796483","-12265182","21315","29654","-184","14356","184"
"83175.650","78467","27667","13146","1087","-565","57","-907","584","3796381","-12265082","21238","29652","-94","14345","193"
"83176.650","78537","27674","13121","1114","-564","121","-881","585","3796281","-12264981","21161","29651","-66","14358","221"
"83177.650","78607","27679","13103","1127","-562","120","-930","585","3796180","-12264881","21085","29650","-29","14362","233"
"83178.650","78681","27687","13079","1141","-566","315","-778","586","3796080","-12264782","21011","29651","-98","14365","222"
"83179.650","78751","27694","13079","1132","-563","263","-812","585","3795980","-12264681","20939","29651","-120","14353","186"
"83180.650","78814","27702","13067","1142","-559","200","-823","586","3795880","-12264582","20868","29651","-83","14348","231"
"83181.650","78883","27708","13052","1139","-564","202","-706","586","3795779","-12264480","20797","29651","0","14353","241"
"83182.650","78942","27717","13045","1130","-560","263","-885","585","3795680","-12264381","20727","29654","54","14367","251"
"83183.650","79007","27725","13069","1109","-526","355","-1063","584","3795580","-12264281","20659","29656","13","14372","261"
"83184.650","79073","27731","13050","1108","-531","340","-800","584","3795480","-12264180","20592","29655","-43","14371","218"
"83185.650","79138","27738","13033","1109","-539","343","-954","585","3795380","-12264080","20529","29655","-36","14368","200"
"83186.650","79208","27744","13026","1105","-542","316","-860","584","3795280","-12263980","20463","29654","12","14374","187"
"83187.650","79284","27749","13012","1098","-557","343","-849","584","3795181","-12263880","20396","29652","37","14380","178"
"83188.650","79358","27754","13004","1089","-571","323","-917","584","3795081","-12263781","20326","29649","0","14378","168"
"83189.650","79437","27760","13004","1080","-575","359","-791","584","3794982","-12263682","20256","29647","72","14376","162"
"83190.650","79520","27760","12994","1077","-588","393","-855","584","3794882","-12263584","20182","29639","129","14396","150"
"83191.650","79598","27761","12976","1085","-608","445","-855","585","3794782","-12263485","20105","29631","206","14403","146"
"83192.650","79674","27765","12971","1092","-610","465","-865","585","3794683","-12263386","20024","29627","33","14413","168"
"83193.650","79754","27769","12958","1085","-630","398","-945","585","3794582","-12263288","19940","29624","-24","14400","178"
"83194.650","79836","27776","12955","1062","-646","331","-1030","585","3794482","-12263188","19858","29622","-61","14384","181"
"83195.650","79913","27783","12947","1061","-651","302","-857","585","3794382","-12263091","19778","29621","-48","14376","185"
"83196.650","79992","27791","12940","1057","-659","290","-759","585","3794281","-12262992","19700","29621","22","14390","185"
"83197.650","80068","27798","12934","1040","-673","295","-841","585","3794182","-12262896","19621","29621","109","14388","185"
"83198.650","80138","27803","12943","1019","-672","323","-776","584","3794082","-12262797","19543","29619","44","14399","188"
"83199.650","80210","27799","12914","1013","-709","334","-897","585","3793981","-12262700","19466","29607","21","14378","188"
"83200.650","80278","27805","12870","1037","-741","389","-971","586","3793881","-12262602","19390","29606","15","14384","188"
"83201.650","80352","27812","12867","1035","-743","362","-815","586","3793780","-12262503","19313","29605","79","14395","191"
"83202.650","80433","27818","12855","1021","-763","322","-1182","586","3793680","-12262406","19237","29604","149","14406","180"
"83203.650","80511","27826","12862","1004","-765","294","-868","586","3793579","-12262310","19161","29604","197","14428","163"
"83204.650","80590","27832","12865","998","-766","264","-808","586","3793478","-12262213","19083","29602","158","14434","171"
"83205.650","80670","27838","12854","996","-780","220","-798","586","3793378","-12262116","19004","29600","98","14431","172"
"83206.650","80753","27845","12839","1006","-791","187","-804","587","3793277","-12262020","18924","29598","42","14442","169"
"83207.650","80832","27851","12829","1013","-798","186","-984","587","3793176","-12261924","18843","29597","45","14442","163"
"83208.650","80908","27858","12825","1019","-801","212","-829","587","3793074","-12261828","18762","29597","79","14457","164"
"83209.650","80989","27866","12825","1019","-801","167","-1007","587","3792973","-12261733","18680","29596","149","14469","174"
"83210.650","81070","27872","12825","1018","-803","256","-636","587","3792871","-12261638","18597","29594","688","14518","170"
"83211.650","81152","27879","12817","991","-829","380","-749","587","3792769","-12261542","18513","29593","1434","14661","172"
"83212.650","81236","27885","12807","981","-847","397","-846","587","3792667","-12261448","18429","29590","1674","14814","171"
"83213.650","81322","27891","12804","973","-855","359","-981","587","3792564","-12261357","18346","29589","1707","14939","155"
"83214.650","81402","27898","12807","955","-861","210","-765","587","3792459","-12261267","18264","29588","1721","15080","169"
"83215.650","81481","27906","12800","949","-870","173","-751","587","3792353","-12261181","18181","29588","1744","15213","171"
"83216.650","81560","27913","12795","947","-875","109","-667","588","3792245","-12261097","18098","29587","1752","15354","167"
"83217.650","81643","27921","12796","943","-873","22","-747","587","3792136","-12261018","18014","29586","1757","15480","172"
"83218.650","81718","27928","12799","913","-883","76","-993","587","3792026","-12260942","17929","29587","1740","15624","190"
"83219.650","81802","27937","12788","925","-881","10","-647","587","3791914","-12260868","17843","29587","1643","15744","218"
"83220.650","81876","27944","12776","965","-868","-120","-683","587","3791802","-12260797","17763","29587","1394","15887","245"
"83221.650","81955","27952","12774","976","-862","-124","-816","588","3791688","-12260731","17688","29588","927","15963","312"
"83222.650","82019","27957","12781","988","-846","-502","-691","587","3791573","-12260666","17617","29586","-783","15889","366"
"83223.650","82058","27961","12800","986","-818","-706","-908","587","3791458","-12260603","17556","29586","-1049","15727","357"
"83224.650","82107","27965","12799","963","-813","-557","-633","587","3791343","-12260542","17505","29585","-964","15650","373"
"83225.650","82147","27971","12790","965","-805","-482","-736","586","3791228","-12260478","17461","29588","-860","15580","389"
"83226.650","82189","27975","12783","960","-794","-431","-764","586","3791114","-12260412","17422","29587","-793","15537","403"
"83227.650","82226","27981","12776","956","-782","-320","-801","586","3791001","-12260343","17384","29590","-683","15484","414"
"83228.650","82259","27985","12769","948","-769","-272","-1125","585","3790888","-12260276","17349","29591","-604","15449","433"
"83229.650","82290","27990","12751","953","-761","-209","-857","585","3790776","-12260206","17317","29593","-502","15415","441"
"83230.650","82321","27993","12731","934","-765","-252","-821","585","3790664","-12260135","17288","29593","-431","15395","437"
"83231.650","82351","27996","12715","910","-769","-139","-872","584","3790553","-12260062","17263","29593","-326","15368","423"
"83232.650","82387","28002","12705","898","-767","122","-897","584","3790444","-12259990","17238","29596","-248","15366","351"
"83233.650","82426","28004","12700","892","-766","153","-973","583","3790333","-12259916","17211","29594","-159","15348","340"
"83234.650","82474","28010","12694","883","-770","199","-783","583","3790223","-12259844","17182","29595","-113","15349","322"
"83235.650","82514","28014","12691","886","-766","294","-892","583","3790113","-12259768","17148","29595","-37","15346","328"
"83236.650","82565","28016","12688","877","-767","340","-825","583","3790004","-12259697","17110","29592","-8","15352","327"
"83237.650","82598","28018","12702","852","-757","357","-635","582","3789894","-12259623","17067","29591","23","15345","386"
"83238.650","82636","28023","12682","818","-780","374","-550","581","3789785","-12259551","17020","29592","-6","15331","411"
"83239.650","82668","28025","12682","820","-764","447","-863","581","3789676","-12259477","16979","29591","-32","15323","448"
"83240.650","82685","28027","12663","832","-760","434","-836","582","3789567","-12259404","16941","29591","-36","15332","483"
"83241.650","82702","28028","12640","817","-772","425","-621","582","3789457","-12259330","16906","29591","33","15332","510"
"83242.650","82714","28029","12600","821","-788","424","-749","582","3789349","-12259258","16879","29590","34","15343","531"
"83243.650","82716","28030","12566","830","-793","459","-680","582","3789240","-12259186","16860","29592","8","15353","543"
"83244.650","82712","28030","12541","851","-779","446","-666","583","3789131","-12259113","16851","29592","-73","15355","554"
"83245.650","82712","28030","12520","810","-793","455","-713","582","3789023","-12259039","16850","29592","-162","15340","544"
"83246.650","82707","28029","12497","818","-786","451","-805","582","3788914","-12258968","16857","29592","-176","15310","519"
"83247.650","82713","28031","12466","843","-785","534","-770","583","3788805","-12258896","16869","29593","-114","15328","491"
"83248.650","82714","28031","12465","854","-763","584","-684","582","3788698","-12258824","16874","29593","-32","15330","489"
"83249.650","82725","28032","12452","871","-770","592","-931","583","3788590","-12258752","16873","29592","20","15347","503"
"83250.650","82725","28032","12450","892","-776","739","-863","584","3788482","-12258680","16870","29593","-12","15346","522"
"83251.650","82738","28032","12456","883","-783","852","-804","584","3788375","-12258608","16868","29591","-113","15347","502"
"83252.650","82751","28033","12462","870","-798","908","-768","584","3788267","-12258535","16867","29591","-101","15346","455"
"83253.650","82752","28033","12483","899","-778","1012","-900","584","3788159","-12258464","16863","29591","-31","15343","470"
"83254.650","82757","28031","12510","914","-755","1062","-916","584","3788051","-12258391","16857","29588","24","15362","509"
"83255.650","82768","28030","12522","903","-757","1119","-855","583","3787943","-12258318","16852","29586","45","15382","489"
"83256.650","82774","28029","12534","912","-751","1188","-958","584","3787834","-12258247","16847","29585","-24","15380","498"
"83257.650","82772","28025","12539","917","-754","1220","-812","584","3787726","-12258173","16845","29581","-101","15376","497"
"83258.650","82770","28016","12526","917","-780","1289","-950","585","3787618","-12258101","16845","29572","-67","15372","492"
"83259.650","82768","28012","12523","941","-784","1304","-795","585","3787509","-12258028","16845","29567","-21","15386","481"
"83260.650","82763","28008","12523","936","-801","1365","-921","586","3787401","-12257957","16846","29564","58","15398","479"
"83261.650","82772","27995","12527","910","-825","1643","-815","585","3787291","-12257883","16846","29549","92","15394","443"
"83262.650","82781","27984","12522","905","-855","1632","-807","586","3787182","-12257811","16845","29536","-72","15382","408"
"83263.650","82787","27978","12531","888","-878","1563","-937","586","3787074","-12257740","16842","29530","-54","15354","420"
"83264.650","82803","27967","12525","898","-902","1635","-998","587","3786964","-12257666","16837","29517","-35","15362","399"
"83265.650","82810","27965","12527","921","-919","1450","-789","588","3786855","-12257595","16829","29513","40","15372","421"
"83266.650","82825","27965","12558","899","-915","1223","-797","587","3786745","-12257521","16817","29512","86","15371","433"
"83267.650","82846","27961","12577","893","-921","1398","-1094","588","3786635","-12257451","16800","29505","98","15403","406"
"83268.650","82855","27946","12570","892","-952","1203","-801","589","3786525","-12257377","16785","29489","69","15387","437"
"83269.650","82871","27934","12606","847","-956","1017","-851","587","3786415","-12257306","16771","29474","-118","15375","432"
"83270.650","82878","27935","12614","848","-967","872","-750","588","3786304","-12257232","16757","29475","-78","15347","446"
"83271.650","82894","27935","12607","869","-982","598","-841","589","3786193","-12257161","16743","29473","-66","15364","449"
"83272.650","82906","27933","12610","841","-980","530","-930","588","3786082","-12257088","16729","29470","-56","15365","407"
"83273.650","82920","27933","12600","838","-963","212","-766","587","3785971","-12257016","16713","29468","-78","15360","421"
"83274.650","82940","27937","12566","861","-959","-76","-835","588","3785860","-12256943","16696","29471","-66","15367","441"
"83275.650","82959","27937","12549","860","-944","-386","-612","589","3785750","-12256871","16676","29468","-119","15351","479"
"83276.650","82979","27942","12498","867","-957","-717","-601","588","3785640","-12256800","16652","29472","-164","15357","508"
"83277.650","83001","27949","12439","857","-987","-787","-805","589","3785529","-12256726","16631","29477","-74","15337","496"
"83278.650","83020","27960","12405","895","-967","-896","-843","589","3785420","-12256656","16610","29486","-185","15352","495"
"83279.650","83039","27982","12379","966","-925","-977","-932","589","3785310","-12256584","16589","29508","-153","15362","491"
"83280.650","83040","27984","12365","961","-903","-1042","-749","589","3785201","-12256511","16566","29511","-86","15376","605"
"83281.650","83056","27991","12319","963","-898","-1005","-937","589","3785092","-12256440","16545","29516","-45","15371","605"
"83282.650","83077","27995","12275","960","-897","-879","-706","589","3784984","-12256367","16527","29518","8","15391","567"
"83283.650","83081","28002","12225","972","-899","-843","-741","589","3784876","-12256296","16513","29524","80","15395","563"
"83284.650","83097","28007","12194","962","-896","-743","-797","589","3784769","-12256224","16506","29528","100","15420","530"
"83285.650","83111","28021","12176","964","-877","-873","-668","588","3784661","-12256153","16495","29542","29","15411","521"
"83286.650","83128","28028","12172","972","-840","-940","-1054","588","3784554","-12256083","16482","29547","-45","15430","522"
"83287.650","83149","28025","12130","965","-856","-866","-902","588","3784448","-12256012","16467","29542","28","15430","514"
"83288.650","83173","28024","12086","957","-877","-747","-732","588","3784342","-12255942","16450","29539","48","15434","496"
"83289.650","83198","28032","12067","955","-868","-763","-875","588","3784235","-12255873","16431","29545","55","15440","491"
"83290.650","83227","28041","12060","969","-841","-775","-954","588","3784129","-12255804","16410","29551","115","15468","484"
"83291.650","83263","28043","12030","973","-850","-683","-703","588","3784023","-12255735","16385","29550","90","15490","431"
"83292.650","83300","28047","12016","964","-855","-632","-851","588","3783918","-12255667","16358","29550","35","15477","401"
"83293.650","83348","28051","11997","962","-867","-642","-819","588","3783811","-12255598","16327","29549","10","15479","370"
"83294.650","83401","28057","11996","960","-865","-618","-791","588","3783706","-12255529","16290","29550","52","15485","343"
"83295.650","83455","28061","11988","953","-878","-609","-842","588","3783600","-12255463","16246","29549","17","15496","343"
"83296.650","83505","28065","11993","955","-873","-617","-851","588","3783494","-12255394","16194","29549","1","15487","357"
"83297.650","83561","28068","11988","944","-878","-559","-715","588","3783387","-12255326","16136","29546","-6","15491","369"
"83298.650","83618","28073","11969","952","-885","-505","-755","588","3783283","-12255259","16073","29545","62","15500","346"
"83299.650","83681","28074","11959","932","-902","-301","-779","588","3783177","-12255192","16009","29540","159","15517","315"
"83300.650","83734","28076","11944","933","-916","-358","-853","589","3783070","-12255123","15944","29537","187","15529","344"
"83301.650","83790","28087","11952","922","-906","-281","-864","588","3782965","-12255059","15878","29543","211","15550","370"
"83302.650","83848","28087","11950","916","-901","-107","-985","588","3782858","-12254991","15818","29536","175","15571","385"
"83303.650","83902","28088","11933","910","-913","-63","-761","588","3782752","-12254924","15760","29533","93","15574","368"
"83304.650","83950","28088","11922","912","-915","-30","-735","588","3782646","-12254859","15705","29528","23","15569","362"
"83305.650","84009","28091","11911","909","-924","-17","-1171","588","3782539","-12254793","15652","29525","68","15581","332"
"83306.650","84040","28093","11916","902","-917","-56","-632","588","3782433","-12254729","15600","29524","87","15586","392"
"83307.650","84023","28098","11901","936","-909","-55","-702","588","3782327","-12254663","15547","29531","8","15587","600"
"83308.650","84000","28107","11852","955","-951","136","-802","589","3782221","-12254599","15497","29543","115","15605","807"
"83309.650","84001","28097","11911","949","-885","205","-673","588","3782115","-12254534","15457","29532","111","15642","935"
"83310.650","83991","28086","11918","922","-863","300","-751","587","3782007","-12254471","15432","29522","13","15641","995"
"83311.650","83944","28085","11864","912","-893","409","-815","587","3781901","-12254407","15442","29525","-46","15636","942"
"83312.650","83867","28079","11851","912","-878","385","-872","587","3781793","-12254344","15500","29527","-146","15624","961"
"83313.650","83791","28074","11821","890","-889","544","-946","587","3781688","-12254280","15588","29529","-45","15623","931"
"83314.650","83716","28067","11809","870","-883","620","-772","586","3781582","-12254219","15683","29529","56","15630","930"
"83315.650","83638","28061","11770","859","-889","695","-888","586","3781477","-12254156","15777","29531","82","15642","900"
"83316.650","83570","28057","11729","868","-888","784","-848","586","3781371","-12254093","15873","29534","126","15646","859"
"83317.650","83507","28054","11706","864","-896","688","-820","586","3781266","-12254029","15954","29537","-31","15661","864"
"83318.650","83447","28049","11711","859","-889","745","-869","586","3781161","-12253968","16033","29537","-11","15652","837"
"83319.650","83401","28043","11706","865","-893","876","-770","586","3781056","-12253907","16111","29535","12","15666","748"
"83320.650","83363","28039","11701","879","-903","847","-875","587","3780952","-12253846","16184","29536","-1","15673","750"
"83321.650","83331","28039","11710","871","-908","870","-706","587","3780847","-12253784","16252","29538","-44","15662","732"
"83322.650","83301","28038","11717","880","-912","878","-888","587","3780742","-12253723","16312","29540","-91","15661","720"
"83323.650","83270","28035","11730","908","-901","866","-729","588","3780636","-12253662","16366","29541","-112","15657","727"
"83324.650","83231","28029","11732","897","-919","865","-854","588","3780531","-12253599","16411","29538","-41","15660","737"
"83325.650","83193","28025","11734","902","-927","866","-1047","588","3780425","-12253538","16449","29537","49","15666","758"
"83326.650","83158","28022","11745","912","-920","817","-819","588","3780319","-12253477","16481","29538","10","15683","767"
"83327.650","83122","28021","11759","905","-920","705","-941","588","3780214","-12253414","16511","29541","-257","15665","753"
"83328.650","83081","28018","11776","914","-905","627","-762","588","3780108","-12253353","16543","29542","-349","15630","726"
"83329.650","83045","28015","11786","910","-904","609","-867","587","3780002","-12253292","16575","29542","-311","15612","715"
"83330.650","83021","28011","11800","902","-905","654","-725","587","3779896","-12253228","16606","29540","-281","15604","657"
"83331.650","83004","28008","11822","893","-909","688","-871","587","3779791","-12253163","16636","29539","-257","15593","561"
"83332.650","82990","28004","11845","907","-911","663","-748","588","3779684","-12253102","16662","29536","-260","15570","537"
"83333.650","82993","28001","11858","910","-924","654","-811","588","3779578","-12253038","16682","29533","-230","15566","513"
"83334.650","82992","28000","11888","932","-911","686","-765","588","3779472","-12252973","16691","29532","-136","15559","545"
"83335.650","82997","28000","11912","937","-909","704","-738","588","3779366","-12252909","16688","29531","-101","15565","538"
"83336.650","82997","27999","11933","939","-910","672","-780","588","3779260","-12252843","16675","29530","-97","15557","567"
"83337.650","83004","28001","11948","936","-918","632","-1102","589","3779154","-12252778","16659","29532","-160","15550","567"
"83338.650","82997","28001","11967","932","-919","564","-799","589","3779047","-12252712","16652","29533","-204","15530","596"
"83339.650","82998","28000","11981","933","-918","546","-781","588","3778940","-12252646","16647","29531","-226","15515","586"
"83340.650","82997","27999","12002","936","-911","561","-851","588","3778833","-12252581","16644","29531","-123","15511","561"
"83341.650","82996","28000","12018","940","-913","517","-946","588","3778726","-12252513","16644","29532","-19","15530","557"
"83342.650","82990","28001","12032","945","-915","549","-888","589","3778619","-12252447","16643","29533","86","15531","580"
"83343.650","82984","27999","12053","946","-907","480","-763","589","3778512","-12252379","16643","29531","50","15555","596"
"83344.650","82981","27996","12072","944","-902","530","-887","588","3778405","-12252314","16644","29529","-14","15557","587"
"83345.650","82973","27997","12082","945","-907","434","-878","588","3778297","-12252247","16647","29531","-331","15530","579"
"83346.650","82967","27994","12094","958","-904","299","-658","588","3778190","-12252180","16651","29528","-324","15494","568"
"83347.650","82967","27991","12103","959","-913","240","-853","589","3778082","-12252114","16654","29525","-346","15483","557"
"83348.650","82962","27992","12113","950","-904","168","-692","589","3777975","-12252047","16657","29527","-322","15458","561"
"83349.650","82958","27989","12095","940","-901","138","-723","588","3777867","-12251978","16658","29524","-269","15437","562"
"83350.650","82957","27990","12062","937","-906","103","-844","588","3777760","-12251909","16656","29524","-198","15430","580"
"83351.650","82962","27993","12041","934","-898","72","-847","588","3777653","-12251842","16655","29527","-244","15413","587"
"83352.650","82959","27991","12013","926","-900","10","-920","588","3777547","-12251772","16654","29526","-234","15392","585"
"83353.650","82959","27994","11986","924","-897","12","-710","588","3777441","-12251702","16654","29529","-146","15389","583"
"83354.650","82965","27997","11963","920","-895","71","-839","588","3777335","-12251634","16653","29532","-77","15388","566"
"83355.650","82969","27999","11936","916","-900","137","-963","588","3777229","-12251564","16651","29533","-79","15386","562"
"83356.650","82975","28000","11916","907","-902","146","-731","587","3777125","-12251496","16647","29534","-98","15382","556"
"83357.650","82970","28000","11898","902","-898","146","-861","587","3777020","-12251428","16642","29534","-80","15379","575"
"83358.650","82977","28001","11872","912","-897","218","-875","587","3776915","-12251358","16636","29534","-47","15382","584"
"83359.650","82974","28001","11842","910","-902","246","-825","588","3776810","-12251290","16631","29534","-89","15381","610"
"83360.650","82963","27999","11814","908","-901","212","-1020","587","3776706","-12251219","16628","29534","-163","15370","658"
"83361.650","82963","27999","11776","905","-905","319","-667","587","3776602","-12251153","16626","29534","-66","15362","655"
"83362.650","82956","27998","11746","918","-897","389","-846","587","3776499","-12251084","16628","29534","21","15383","624"
"83363.650","82951","27996","11709","921","-904","431","-785","588","3776395","-12251015","16634","29532","-107","15378","624"
"83364.650","82942","27996","11678","922","-910","419","-753","588","3776292","-12250947","16644","29532","-250","15354","599"
"83365.650","82934","27995","11658","924","-905","446","-910","588","3776189","-12250878","16649","29533","-233","15332","598"
"83366.650","82929","27995","11632","934","-904","435","-894","588","3776087","-12250809","16653","29533","-274","15324","615"
"83367.650","82926","27993","11606","940","-903","398","-877","588","3775984","-12250742","16656","29531","-309","15291","620"
"83368.650","82923","27995","11575","934","-912","409","-822","588","3775882","-12250672","16658","29533","-210","15278","614"
"83369.650","82909","27993","11548","947","-906","455","-778","589","3775780","-12250604","16661","29533","-189","15280","669"
"83370.650","82907","27991","11512","944","-915","497","-770","589","3775679","-12250534","16664","29531","-150","15269","658"
"83371.650","82898","27989","11482","952","-912","508","-773","589","3775579","-12250464","16670","29530","-71","15272","664"
"83372.650","82890","27989","11444","957","-919","457","-863","589","3775478","-12250395","16678","29530","18","15284","659"
"83373.650","82881","27988","11413","953","-923","452","-760","589","3775377","-12250325","16686","29531","-12","15292","671"
"83374.650","82875","27988","11376","966","-926","457","-862","589","3775277","-12250257","16695","29531","51","15298","651"
"83375.650","82867","27988","11346","973","-929","486","-895","590","3775177","-12250189","16703","29531","99","15325","646"
"83376.650","82855","27986","11319","978","-929","493","-890","590","3775077","-12250119","16710","29531","-6","15330","671"
"83377.650","82859","27985","11292","985","-929","466","-813","590","3774978","-12250052","16715","29530","-30","15320","625"
"83378.650","82852","27986","11276","985","-924","404","-862","590","3774878","-12249984","16720","29531","-30","15328","646"
"83379.650","82852","27987","11258","1000","-919","375","-761","590","3774779","-12249915","16723","29533","-80","15330","629"
"83380.650","82854","27987","11244","1006","-922","396","-729","590","3774679","-12249848","16724","29532","-63","15325","616"
"83381.650","82853","27987","11232","1008","-926","368","-727","590","3774580","-12249780","16724","29532","-107","15328","609"
"83382.650","82862","27987","11224","1021","-922","301","-893","591","3774481","-12249713","16721","29531","-147","15318","603"
"83383.650","82867","27987","11218","1027","-919","303","-918","591","3774382","-12249645","16716","29531","-158","15311","605"
"83384.650","82877","27986","11210","1041","-916","258","-922","591","3774283","-12249577","16709","29529","-254","15300","600"
"83385.650","82886","27986","11203","1045","-920","214","-729","591","3774184","-12249510","16700","29528","-218","15279","593"
"83386.650","82890","27986","11203","1059","-913","231","-877","591","3774085","-12249442","16689","29527","-209","15272","615"
"83387.650","82902","27985","11201","1067","-914","217","-797","591","3773988","-12249372","16679","29525","-219","15261","613"
"83388.650","82906","27983","11198","1063","-919","257","-838","591","3773889","-12249304","16669","29522","-130","15248","620"
"83389.650","82914","27982","11188","1079","-923","269","-920","592","3773791","-12249234","16660","29521","-125","15255","626"
"83390.650","82918","27980","11189","1099","-919","236","-700","593","3773693","-12249164","16652","29518","-185","15246","655"
"83391.650","82918","27978","11180","1093","-936","272","-786","593","3773594","-12249095","16645","29516","-111","15239","640"
"83392.650","82924","27977","11182","1097","-935","309","-994","593","3773496","-12249027","16641","29515","-2","15251","647"
"83393.650","82924","27975","11181","1098","-937","305","-905","593","3773398","-12248957","16637","29512","-56","15256","662"
"83394.650","82926","27973","11180","1094","-942","314","-816","593","3773299","-12248885","16635","29510","-111","15242","652"
"83395.650","82920","27974","11180","1102","-940","335","-848","593","3773201","-12248815","16635","29511","-59","15242","656"
"83396.650","82919","27974","11178","1108","-940","389","-772","593","3773103","-12248747","16635","29512","64","15265","655"
"83397.650","82920","27975","11179","1109","-940","451","-855","593","3773005","-12248677","16635","29513","193","15288","654"
"83398.650","82918","27976","11179","1100","-947","441","-757","593","3772906","-12248607","16636","29514","309","15331","639"
"83399.650","82924","27973","11176","1096","-958","478","-768","593","3772808","-12248537","16636","29511","421","15369","625"
"83400.650","82927","27974","11174","1097","-966","520","-800","593","3772709","-12248468","16635","29511","458","15417","621"
"83401.650","82931","27974","11188","1097","-961","520","-920","593","3772611","-12248400","16633","29511","355","15454","617"
"83402.650","82929","27973","11193","1095","-963","477","-850","593","3772511","-12248333","16629","29510","386","15472","633"
"83403.650","82935","27975","11194","1092","-967","383","-801","593","3772411","-12248267","16625","29512","372","15513","642"
"83404.650","82943","27975","11189","1081","-982","278","-770","593","3772311","-12248201","16621","29510","359","15545","635"
"83405.650","82945","27974","11190","1087","-982","258","-788","593","3772210","-12248135","16618","29509","245","15569","635"
"83406.650","82950","27974","11186","1088","-993","165","-843","594","3772109","-12248072","16615","29508","131","15574","629"
"83407.650","82956","27975","11191","1089","-991","-5","-786","594","3772008","-12248008","16611","29509","141","15582","640"
"83408.650","82943","27975","11194","1125","-971","-160","-851","594","3771908","-12247944","16606","29510","30","15594","705"
"83409.650","82938","27975","11187","1116","-974","-263","-925","594","3771806","-12247882","16603","29511","-23","15587","739"
"83410.650","82944","27976","11176","1090","-985","-240","-833","594","3771705","-12247818","16600","29511","9","15591","723"
"83411.650","82938","27978","11168","1068","-993","-301","-738","593","3771603","-12247754","16601","29514","54","15594","718"
"83412.650","82928","27980","11163","1072","-984","-252","-815","593","3771502","-12247692","16605","29517","61","15605","716"
"83413.650","82921","27980","11152","1079","-983","-251","-905","593","3771401","-12247628","16614","29518","78","15623","713"
"83414.650","82915","27981","11144","1078","-982","-312","-798","593","3771300","-12247567","16622","29519","102","15633","721"
"83415.650","82908","27981","11139","1087","-973","-402","-868","593","3771199","-12247504","16629","29521","97","15652","730"
"83416.650","82900","27981","11137","1093","-960","-443","-846","593","3771098","-12247443","16636","29521","105","15671","734"
"83417.650","82896","27981","11131","1086","-958","-436","-918","593","3770997","-12247382","16643","29521","101","15683","722"
"83418.650","82889","27981","11119","1086","-960","-436","-944","593","3770896","-12247319","16650","29522","78","15696","719"
"83419.650","82882","27983","11117","1089","-951","-429","-922","593","3770795","-12247260","16657","29525","48","15700","717"
"83420.650","82878","27984","11117","1081","-945","-379","-868","592","3770694","-12247199","16662","29527","5","15704","712"
"83421.650","82886","27988","11111","1079","-946","-296","-910","592","3770593","-12247139","16667","29530","-22","15702","677"
"83422.650","82889","27991","11113","1072","-946","-296","-885","592","3770492","-12247078","16670","29533","-72","15699","653"
"83423.650","82894","27993","11129","1078","-937","-314","-876","592","3770390","-12247018","16672","29534","-102","15689","644"
"83424.650","82901","27993","11155","1094","-924","-303","-812","592","3770289","-12246958","16673","29534","-146","15689","658"
"83425.650","82911","27993","11168","1085","-935","-269","-809","592","3770188","-12246898","16671","29533","-113","15683","632"
"83426.650","82915","27993","11183","1097","-932","-308","-928","592","3770087","-12246838","16666","29532","-103","15674","659"
"83427.650","82921","27994","11194","1099","-936","-330","-883","593","3769985","-12246777","16657","29532","-269","15672","663"
"83428.650","82928","27993","11210","1094","-939","-406","-884","592","3769884","-12246716","16652","29531","-353","15625","653"
"83429.650","82933","27994","11222","1092","-940","-362","-887","593","3769782","-12246653","16646","29531","-394","15591","663"
"83430.650","82937","27994","11236","1101","-935","-380","-1031","593","3769681","-12246592","16641","29531","-518","15556","672"
"83431.650","82935","27994","11245","1099","-937","-353","-797","593","3769579","-12246529","16637","29531","-596","15495","677"
"83432.650","82939","27993","11253","1097","-940","-336","-762","593","3769478","-12246465","16635","29530","-628","15447","668"
"83433.650","82938","27995","11267","1095","-935","-300","-779","593","3769377","-12246400","16634","29532","-573","15404","671"
"83434.650","82937","27998","11281","1093","-930","-194","-793","592","3769277","-12246334","16633","29535","-508","15367","675"
"83435.650","82925","28001","11294","1093","-923","-200","-758","592","3769177","-12246268","16633","29540","-448","15331","696"
"83436.650","82925","28002","11303","1076","-925","-113","-774","592","3769077","-12246199","16635","29541","-134","15322","690"
"83437.650","82927","28001","11304","1079","-928","-99","-835","592","3768976","-12246133","16638","29540","-47","15344","692"
"83438.650","82919","28000","11313","1077","-926","-121","-838","592","3768877","-12246064","16643","29539","12","15350","685"
"83439.650","82915","28001","11316","1080","-928","-89","-802","592","3768777","-12245995","16649","29541","47","15355","679"
"83440.650","82908","28006","11330","1062","-929","-21","-745","592","3768676","-12245927","16654","29547","78","15371","678"
"83441.650","82903","28003","11335","1060","-931","-15","-861","592","3768576","-12245858","16659","29544","125","15378","679"
"83442.650","82896","28004","11344","1061","-928","-98","-880","592","3768476","-12245790","16665","29546","114","15398","685"
"83443.650","82893","28005","11354","1065","-921","-28","-962","592","3768376","-12245723","16671","29547","120","15412","683"
"83444.650","82888","28002","11353","1068","-928","77","-928","592","3768275","-12245655","16678","29544","40","15420","681"
"83445.650","82882","28003","11355","1076","-929","113","-753","592","3768174","-12245587","16685","29546","-5","15423","680"
"83446.650","82880","28006","11360","1055","-941","134","-1087","592","3768073","-12245520","16692","29549","2","15418","659"
"83447.650","82880","28006","11368","1049","-947","226","-827","592","3767972","-12245453","16699","29549","12","15424","627"
"83448.650","82884","28009","11381","1065","-943","302","-836","592","3767871","-12245385","16704","29552","19","15432","580"
"83449.650","82886","28010","11410","1072","-930","280","-899","592","3767770","-12245320","16707","29554","30","15440","585"
"83450.650","82896","28009","11427","1071","-935","293","-984","592","3767669","-12245253","16708","29551","48","15451","579"
"83451.650","82903","28007","11437","1074","-945","288","-967","592","3767568","-12245185","16703","29548","63","15456","576"
"83452.650","82911","28006","11448","1083","-950","272","-935","592","3767465","-12245118","16695","29546","-34","15458","590"
"83453.650","82919","28005","11460","1080","-959","287","-979","593","3767363","-12245053","16683","29545","-116","15445","587"
"83454.650","82932","28006","11477","1078","-964","262","-851","593","3767261","-12244984","16674","29545","-158","15437","570"
"83455.650","82937","28006","11501","1090","-955","263","-676","593","3767159","-12244918","16664","29544","-136","15432","578"
"83456.650","82945","28005","11510","1092","-963","256","-976","593","3767056","-12244850","16654","29542","-105","15429","585"
"83457.650","82957","28006","11525","1098","-962","208","-767","593","3766953","-12244783","16645","29542","-93","15432","592"
"83458.650","82955","28006","11549","1112","-946","188","-859","593","3766851","-12244714","16637","29541","-67","15431","625"
"83459.650","82961","28005","11558","1095","-953","170","-1019","593","3766748","-12244647","16631","29541","-38","15438","623"
"83460.650","82964","28004","11560","1096","-948","121","-903","593","3766645","-12244578","16627","29539","-23","15437","606"
"83461.650","82964","28002","11554","1102","-950","14","-829","593","3766542","-12244509","16624","29537","-20","15440","633"
"83462.650","82966","28001","11549","1086","-961","-55","-758","593","3766440","-12244443","16622","29535","1","15443","625"
"83463.650","82965","27999","11549","1079","-962","-132","-944","593","3766336","-12244374","16621","29533","-3","15439","633"
"83464.650","82966","27998","11542","1082","-965","-167","-816","593","3766234","-12244306","16621","29532","-18","15450","629"
"83465.650","82967","27996","11539","1080","-967","-182","-839","593","3766130","-12244239","16620","29530","2","15449","624"
"83466.650","82973","27995","11534","1063","-979","-236","-926","593","3766028","-12244171","16618","29528","-1","15450","619"
"83467.650","82977","27994","11534","1060","-979","-255","-780","593","3765925","-12244104","16616","29527","22","15443","613"
"83468.650","82984","27995","11531","1064","-980","-303","-759","593","3765822","-12244036","16612","29528","-16","15449","603"
"83469.650","82992","27996","11533","1051","-988","-318","-772","593","3765719","-12243968","16606","29528","-31","15448","597"
"83470.650","83002","27997","11538","1058","-982","-397","-940","593","3765616","-12243903","16599","29527","-111","15430","582"
"83471.650","83018","27998","11543","1052","-986","-474","-910","593","3765513","-12243834","16590","29528","-183","15420","576"
"83472.650","83031","28002","11548","1052","-986","-558","-690","593","3765410","-12243767","16579","29530","-202","15401","573"
"83473.650","83048","28005","11557","1036","-990","-680","-916","592","3765307","-12243700","16566","29531","-202","15391","579"
"83474.650","83068","28005","11561","1050","-985","-722","-989","593","3765204","-12243632","16551","29529","-188","15374","566"
"83475.650","83085","28007","11562","1032","-998","-817","-886","592","3765101","-12243563","16533","29529","-195","15360","578"
"83476.650","83105","28010","11569","1026","-1000","-894","-805","592","3764998","-12243494","16515","29531","-191","15339","575"
"83477.650","83128","28013","11585","1037","-981","-964","-798","592","3764895","-12243425","16496","29532","-205","15331","568"
"83478.650","83153","28017","11597","1015","-987","-949","-881","592","3764793","-12243355","16476","29533","-192","15325","544"
"83479.650","83175","28020","11616","1014","-976","-957","-840","592","3764690","-12243286","16455","29535","-161","15305","538"
"83480.650","83200","28026","11633","1002","-973","-963","-864","591","3764587","-12243216","16431","29538","-171","15299","544"
"83481.650","83233","28030","11654","983","-972","-862","-810","591","3764485","-12243148","16406","29539","-132","15288","514"
"83482.650","83257","28032","11668","983","-969","-900","-856","591","3764382","-12243077","16379","29539","-120","15279","521"
"83483.650","83285","28036","11683","986","-962","-998","-913","591","3764279","-12243006","16351","29540","-133","15275","529"
"83484.650","83313","28037","11688","972","-969","-1018","-903","591","3764177","-12242935","16322","29538","-131","15262","541"
"83485.650","83342","28039","11677","970","-978","-1066","-887","591","3764074","-12242865","16294","29538","-135","15259","518"
"83486.650","83373","28044","11673","963","-979","-1070","-916","591","3763971","-12242794","16266","29540","-151","15242","507"
"83487.650","83397","28050","11670","960","-977","-1121","-903","590","3763869","-12242723","16237","29543","-156","15235","531"
"83488.650","83434","28056","11666","945","-974","-1072","-930","590","3763767","-12242652","16206","29546","-153","15220","501"
"83489.650","83467","28065","11666","935","-968","-995","-890","590","3763664","-12242581","16175","29552","-123","15209","494"
"83490.650","83503","28073","11657","932","-969","-1038","-774","590","3763562","-12242510","16142","29557","-132","15201","474"
"83491.650","83539","28079","11658","936","-961","-1011","-815","590","3763460","-12242438","16106","29560","-117","15206","472"
"83492.650","83575","28084","11653","951","-954","-935","-843","590","3763358","-12242366","16069","29561","-99","15194","462"
"83493.650","83618","28089","11642","947","-965","-899","-862","590","3763256","-12242295","16029","29562","-114","15197","460"
"83494.650","83657","28093","11634","949","-971","-852","-871","590","3763154","-12242224","15988","29562","-103","15192","455"
"83495.650","83698","28096","11633","941","-974","-805","-862","590","3763053","-12242153","15946","29561","-92","15187","465"
"83496.650","83742","28101","11630","936","-976","-811","-793","590","3762951","-12242079","15904","29562","-152","15178","471"
"83497.650","83780","28105","11642","928","-963","-768","-1030","589","3762850","-12242008","15863","29563","-188","15156","479"
"83498.650","83816","28108","11647","918","-956","-710","-845","589","3762748","-12241936","15824","29562","-182","15143","483"
"83499.650","83858","28112","11642","913","-958","-618","-919","589","3762647","-12241864","15785","29562","-167","15130","477"
"83500.650","83896","28115","11636","908","-962","-515","-857","589","3762546","-12241791","15748","29561","-158","15124","473"
"83501.650","83935","28117","11629","915","-961","-461","-1023","589","3762445","-12241719","15712","29560","-267","15104","463"
"83502.650","83970","28120","11628","908","-965","-413","-833","589","3762344","-12241648","15677","29560","-345","15071","453"
"83503.650","84006","28123","11627","905","-965","-355","-895","589","3762244","-12241574","15640","29559","-324","15038","445"
"83504.650","84049","28126","11628","895","-971","-236","-847","589","3762143","-12241500","15603","29558","-304","15023","425"
"83505.650","84096","28130","11629","883","-981","-112","-886","589","3762043","-12241425","15564","29558","-419","14989","393"
"83506.650","84141","28135","11641","879","-979","-102","-950","589","3761942","-12241351","15523","29557","-571","14939","371"
"83507.650","84191","28139","11659","867","-978","-62","-992","588","3761843","-12241276","15479","29557","-561","14884","351"
"83508.650","84245","28144","11674","864","-978","-7","-1027","589","3761743","-12241200","15432","29557","-626","14839","343"
"83509.650","84299","28149","11694","859","-974","56","-1124","588","3761644","-12241124","15379","29556","-683","14778","339"
"83510.650","84352","28154","11710","850","-976","124","-845","588","3761545","-12241046","15322","29556","-756","14712","350"
"83511.650","84404","28156","11729","840","-975","134","-929","588","3761446","-12240966","15267","29554","-798","14644","357"
"83512.650","84452","28156","11729","833","-991","212","-782","588","3761348","-12240885","15214","29549","-763","14564","373"
"83513.650","84505","28160","11733","830","-997","360","-1054","588","3761251","-12240804","15163","29548","-731","14522","369"
"83514.650","84555","28162","11745","821","-1001","437","-883","588","3761154","-12240721","15115","29545","-665","14468","357"
"83515.650","84606","28160","11752","805","-1015","470","-807","588","3761058","-12240638","15069","29538","-685","14411","348"
"83516.650","84656","28158","11770","794","-1017","534","-709","588","3760961","-12240551","15022","29531","-785","14349","341"
"83517.650","84704","28153","11785","773","-1028","502","-778","588","3760865","-12240466","14976","29520","-897","14258","340"
"83518.650","84747","28151","11806","764","-1022","539","-768","588","3760771","-12240379","14928","29514","-985","14167","345"
"83519.650","84797","28149","11859","711","-1008","474","-927","586","3760677","-12240289","14881","29507","-969","14087","347"
"83520.650","84842","28150","11878","700","-1001","426","-892","586","3760583","-12240200","14834","29503","-881","14004","353"
"83521.650","84887","28153","11868","722","-1004","317","-851","586","3760491","-12240108","14789","29502","-851","13955","351"
"83522.650","84937","28159","11876","719","-1008","355","-886","587","3760399","-12240013","14743","29504","-785","13902","334"
"83523.650","84993","28165","11908","692","-1005","401","-709","586","3760308","-12239920","14697","29504","-734","13850","287"
"83524.650","85047","28170","11908","716","-1007","327","-689","587","3760217","-12239824","14647","29504","-665","13800","290"
"83525.650","85113","28177","11942","695","-1007","443","-687","586","3760127","-12239729","14594","29505","-632","13766","264"
"83526.650","85167","28180","11966","691","-1006","439","-727","586","3760038","-12239631","14534","29503","-467","13714","259"
"83527.650","85231","28189","11951","718","-1029","422","-759","587","3759948","-12239534","14473","29506","-418","13713","249"
"83528.650","85302","28196","11993","693","-1029","362","-699","587","3759859","-12239434","14409","29506","-340","13673","237"
"83529.650","85365","28201","11996","728","-1021","518","-704","588","3759771","-12239334","14344","29505","-299","13665","247"
"83530.650","85440","28210","12034","700","-1019","470","-755","587","3759682","-12239234","14278","29507","-259","13666","223"
"83531.650","85506","28213","12086","678","-982","308","-653","586","3759594","-12239134","14211","29504","-186","13638","235"
"83532.650","85577","28220","12093","687","-978","403","-667","585","3759506","-12239033","14143","29504","-153","13648","231"
"83533.650","85648","28228","12111","680","-976","421","-757","585","3759418","-12238931","14075","29505","-133","13643","236"
"83534.650","85716","28231","12126","683","-967","609","-748","584","3759330","-12238830","14007","29502","-116","13635","233"
"83535.650","85784","28233","12157","678","-941","404","-826","584","3759242","-12238728","13941","29498","-115","13648","249"
"83536.650","85847","28238","12164","679","-933","317","-829","584","3759153","-12238626","13875","29496","-83","13629","285"
"83537.650","85916","28244","12164","689","-927","300","-753","584","3759065","-12238524","13811","29496","-116","13654","257"
"83538.650","85976","28245","12174","685","-920","388","-776","584","3758977","-12238423","13749","29491","-151","13638","261"
"83539.650","86039","28246","12175","702","-900","97","-662","583","3758889","-12238320","13689","29486","-154","13632","260"
"83540.650","86095","28248","12162","744","-878","208","-746","584","3758801","-12238218","13629","29482","-227","13640","304"
"83541.650","86163","28248","12167","744","-872","358","-843","583","3758713","-12238115","13570","29476","-170","13637","281"
"83542.650","86222","28251","12159","756","-866","280","-924","584","3758625","-12238014","13513","29473","-180","13627","291"
"83543.650","86279","28243","12154","780","-850","319","-924","584","3758537","-12237911","13458","29459","-433","13610","281"
"83544.650","86335","28238","12164","801","-815","228","-727","584","3758450","-12237809","13404","29449","-576","13568","273"
"83545.650","86388","28241","12155","811","-814","139","-772","584","3758363","-12237705","13349","29446","-570","13535","301"
"83546.650","86448","28244","12122","829","-822","151","-743","585","3758276","-12237599","13295","29444","-580","13494","282"
"83547.650","86507","28247","12115","832","-810","36","-803","584","3758191","-12237495","13240","29442","-585","13464","283"
"83548.650","86565","28249","12113","837","-790","-7","-767","584","3758106","-12237390","13185","29438","-564","13421","298"
"83549.650","86628","28254","12086","841","-807","-38","-744","585","3758021","-12237284","13129","29437","-547","13387","298"
"83550.650","86685","28252","12068","849","-804","-126","-792","585","3757937","-12237177","13073","29430","-557","13350","300"
"83551.650","86746","28254","12047","870","-796","-31","-722","585","3757853","-12237070","13018","29425","-529","13324","280"
"83552.650","86807","28246","12030","901","-777","67","-683","586","3757771","-12236963","12961","29411","-500","13302","265"
"83553.650","86869","28245","12016","898","-793","9","-777","586","3757689","-12236853","12902","29405","-391","13274","278"
"83554.650","86933","28254","12005","892","-801","-2","-899","586","3757607","-12236745","12842","29407","-365","13247","280"
"83555.650","87000","28254","12017","857","-809","-47","-769","586","3757527","-12236636","12782","29401","-346","13222","279"
"83556.650","87062","28257","12000","854","-823","-201","-600","585","3757446","-12236527","12722","29398","-339","13175","287"
"83557.650","87126","28275","12015","830","-814","-195","-814","584","3757365","-12236418","12662","29410","-364","13161","289"
"83558.650","87189","28291","12038","788","-812","-226","-743","584","3757286","-12236306","12602","29421","-301","13110","289"
"83559.650","87254","28301","12105","684","-812","15","-576","580","3757206","-12236196","12542","29425","-305","13092","300"
"83560.650","87313","28306","12070","633","-904","-197","-577","581","3757126","-12236086","12483","29425","-119","13022","305"
"83561.650","87371","28310","12065","676","-834","-201","-712","584","3757048","-12235975","12425","29423","-229","13021","293"
"83562.650","87435","28312","12048","688","-826","-548","-723","580","3756970","-12235865","12369","29419","-276","13051","325"
"83563.650","87492","28323","12013","675","-869","-530","-662","583","3756891","-12235754","12312","29425","-221","12990","316"
"83564.650","87548","28328","12014","666","-858","-189","-576","578","3756812","-12235643","12256","29425","-181","13000","304"
"83565.650","87607","28332","11962","734","-845","-136","-576","583","3756735","-12235531","12199","29424","-303","12984","284"
"83566.650","87668","28329","11967","712","-852","-87","-653","583","3756657","-12235421","12141","29415","-134","12981","288"
"83567.650","87732","28328","11889","792","-867","344","-577","586","3756580","-12235310","12082","29408","-151","12994","269"
"83568.650","87798","28321","11863","821","-870","402","-753","586","3756503","-12235199","12022","29394","-67","12998","266"
"83569.650","87861","28325","11837","863","-855","193","-844","587","3756426","-12235086","11962","29392","-105","13014","264"
"83570.650","87927","28328","11835","861","-863","336","-815","587","3756349","-12234977","11901","29389","-4","13014","250"
"83571.650","87994","28313","11873","844","-821","494","-721","586","3756272","-12234864","11838","29367","52","13034","263"
"83572.650","88060","28307","11912","832","-769","287","-713","584","3756195","-12234754","11775","29355","63","13063","290"
"83573.650","88126","28309","11938","786","-769","237","-761","582","3756118","-12234642","11713","29350","120","13067","299"
"83574.650","88184","28306","11994","724","-739","160","-646","579","3756041","-12234529","11653","29341","145","13072","303"
"83575.650","88242","28307","11997","700","-736","88","-1024","579","3755963","-12234420","11595","29337","135","13084","344"
"83576.650","88303","28306","12016","664","-719","-80","-704","578","3755886","-12234310","11540","29330","119","13095","341"
"83577.650","88352","28308","12010","665","-697","-16","-762","577","3755808","-12234199","11487","29328","107","13104","345"
"83578.650","88407","28311","11995","668","-687","-19","-783","576","3755731","-12234090","11438","29325","88","13128","337"
"83579.650","88462","28318","11981","676","-674","54","-978","577","3755653","-12233980","11391","29327","71","13140","308"
"83580.650","88520","28324","11971","678","-667","-77","-786","576","3755575","-12233872","11341","29328","53","13143","306"
"83581.650","88575","28330","11959","675","-667","-135","-660","576","3755497","-12233763","11289","29329","17","13151","312"
"83582.650","88633","28336","11961","674","-650","-64","-873","576","3755420","-12233655","11236","29330","33","13158","320"
"83583.650","88694","28343","11957","669","-649","-3","-700","576","3755342","-12233547","11183","29331","11","13169","327"
"83584.650","88752","28347","11957","665","-644","43","-752","575","3755264","-12233440","11130","29330","0","13173","301"
"83585.650","88808","28352","11936","680","-647","40","-881","576","3755186","-12233330","11077","29330","-31","13171","312"
"83586.650","88862","28358","11922","691","-646","141","-712","577","3755108","-12233224","11024","29331","-47","13183","310"
"83587.650","88922","28365","11918","682","-654","242","-790","576","3755030","-12233116","10971","29333","-36","13181","299"
"83588.650","88980","28368","11915","687","-648","403","-748","576","3754952","-12233008","10917","29331","-31","13181","294"
"83589.650","89033","28369","11923","704","-609","387","-968","576","3754874","-12232901","10863","29327","-54","13188","316"
"83590.650","89088","28374","11922","704","-598","296","-810","575","3754797","-12232794","10810","29327","-68","13196","330"
"83591.650","89138","28379","11903","713","-601","458","-764","576","3754719","-12232685","10759","29327","-61","13196","338"
"83592.650","89191","28380","11896","713","-596","448","-689","576","3754641","-12232579","10710","29323","-50","13201","332"
"83593.650","89238","28384","11875","737","-587","464","-741","576","3754564","-12232472","10663","29323","-76","13208","331"
"83594.650","89286","28387","11866","744","-580","588","-787","576","3754486","-12232365","10617","29321","-60","13210","330"
"83595.650","89334","28387","11835","761","-591","294","-633","578","3754408","-12232257","10572","29317","-92","13212","339"
"83596.650","89381","28391","11822","770","-586","511","-632","577","3754331","-12232150","10527","29316","-110","13214","345"
"83597.650","89430","28398","11795","788","-593","626","-729","578","3754254","-12232044","10483","29319","-101","13209","325"
"83598.650","89473","28402","11778","813","-582","721","-808","579","3754176","-12231937","10439","29319","-87","13215","327"
"83599.650","89520","28406","11765","814","-597","987","-852","579","3754100","-12231829","10394","29319","-60","13214","307"
"83600.650","89569","28409","11773","810","-585","1042","-815","579","3754023","-12231722","10349","29317","-51","13207","300"
"83601.650","89618","28410","11767","807","-596","1218","-617","580","3753945","-12231616","10303","29313","-62","13216","291"
"83602.650","89670","28414","11733","852","-600","1338","-925","581","3753869","-12231508","10256","29313","-86","13197","276"
"83603.650","89720","28417","11719","888","-585","1286","-780","581","3753791","-12231400","10208","29311","-166","13228","280"
"83604.650","89775","28418","11706","907","-587","1304","-730","582","3753715","-12231295","10159","29308","-172","13203","282"
"83605.650","89828","28407","11711","938","-548","1214","-679","582","3753638","-12231187","10111","29291","-210","13215","283"
"83606.650","89880","28372","11745","964","-466","965","-765","582","3753561","-12231079","10062","29250","-256","13219","288"
"83607.650","89937","28353","11799","967","-376","969","-776","581","3753485","-12230972","10012","29225","-144","13257","289"
"83608.650","89994","28339","11857","943","-310","980","-799","579","3753409","-12230863","9963","29205","-129","13277","287"
"83609.650","90048","28301","11931","922","-213","1048","-729","577","3753333","-12230755","9913","29162","-113","13280","277"
"83610.650","90107","28292","11938","906","-214","996","-851","577","3753257","-12230647","9864","29147","-121","13307","267"
"83611.650","90157","28280","11934","877","-239","920","-682","576","3753181","-12230540","9814","29130","-55","13268","295"
"83612.650","90213","28271","11921","841","-285","771","-680","574","3753105","-12230430","9766","29116","-32","13261","285"
"83613.650","90264","28276","11912","835","-287","483","-658","575","3753029","-12230322","9717","29115","-47","13238","307"
"83614.650","90323","28289","11878","863","-287","76","-767","576","3752954","-12230215","9668","29124","-110","13250","301"
"83615.650","90376","28299","11854","888","-284","305","-684","577","3752879","-12230107","9618","29129","-150","13247","271"
"83616.650","90433","28297","11856","881","-286","482","-851","577","3752804","-12230000","9566","29122","-190","13238","246"
"83617.650","90500","28288","11844","884","-304","512","-624","577","3752728","-12229892","9512","29106","-195","13213","240"
"83618.650","90566","28290","11847","867","-319","529","-960","577","3752653","-12229782","9456","29102","-232","13202","241"
"83619.650","90636","28289","11834","859","-348","413","-753","575","3752578","-12229675","9395","29095","-179","13167","245"
"83620.650","90702","28277","11816","926","-294","105","-613","580","3752504","-12229567","9332","29077","-235","13169","247"
"83621.650","90770","28254","11846","899","-275","-273","-633","579","3752429","-12229457","9267","29047","-264","13192","284"
"83622.650","90835","28285","11811","873","-345","-540","-681","577","3752354","-12229350","9203","29072","-188","13129","273"
"83623.650","90910","28289","11859","792","-357","-528","-667","574","3752281","-12229239","9139","29070","-234","13104","250"
"83624.650","90984","28291","11836","803","-373","-621","-620","575","3752207","-12229130","9073","29065","-257","13062","241"
"83625.650","91063","28286","11843","824","-338","-780","-819","575","3752133","-12229019","9005","29053","-93","13074","229"
"83626.650","91143","28273","11794","890","-340","-724","-644","577","3752059","-12228911","8934","29032","-168","13085","233"
"83627.650","91229","28301","11737","931","-389","-720","-572","581","3751986","-12228802","8861","29053","-167","13092","211"
"83628.650","91311","28307","11731","899","-444","-950","-765","579","3751913","-12228691","8784","29052","-100","13050","252"
"83629.650","91398","28317","11714","945","-410","-1227","-860","581","3751839","-12228581","8702","29054","-119","13042","251"
"83630.650","91479","28331","11743","921","-397","-1329","-735","579","3751766","-12228471","8624","29061","-158","13076","268"
"83631.650","91561","28342","11767","904","-375","-1326","-771","579","3751693","-12228361","8545","29065","-100","13043","270"
"83632.650","91644","28355","11748","910","-395","-1209","-884","580","3751620","-12228250","8468","29071","-131","13048","264"
"83633.650","91731","28364","11763","898","-390","-977","-748","579","3751547","-12228140","8391","29072","-68","13030","229"
"83634.650","91807","28372","11747","911","-396","-1149","-709","580","3751474","-12228029","8314","29073","-84","13043","292"
"83635.650","91895","28386","11720","926","-417","-914","-774","581","3751402","-12227918","8238","29080","-27","13042","254"
"83636.650","91973","28412","11707","953","-404","-1064","-719","582","3751329","-12227807","8163","29099","69","13063","264"
"83637.650","92047","28430","11716","956","-383","-1193","-961","581","3751256","-12227697","8089","29111","119","13084","291"
"83638.650","92126","28446","11720","951","-375","-1150","-718","581","3751183","-12227587","8016","29121","126","13107","281"
"83639.650","92200","28463","11711","965","-369","-919","-854","582","3751110","-12227478","7943","29131","110","13127","272"
"83640.650","92283","28493","11697","972","-384","-762","-968","582","3751037","-12227367","7871","29154","130","13151","252"
"83641.650","92361","28516","11691","968","-401","-795","-879","582","3750963","-12227257","7799","29170","130","13154","244"
"83642.650","92445","28498","11703","964","-396","-296","-921","582","3750889","-12227150","7726","29145","89","13157","216"
"83643.650","92525","28507","11714","965","-391","-188","-604","582","3750815","-12227038","7651","29147","63","13176","229"
"83644.650","92599","28501","11688","984","-411","-182","-728","583","3750742","-12226931","7577","29134","88","13180","265"
"83645.650","92677","28494","11663","969","-469","-145","-771","584","3750668","-12226821","7504","29120","136","13183","266"
"83646.650","92744","28517","11650","999","-449","-156","-687","584","3750593","-12226712","7433","29138","84","13179","276"
"83647.650","92821","28526","11642","1009","-450","-203","-763","584","3750518","-12226605","7364","29139","77","13224","273"
"83648.650","92882","28535","11631","1011","-461","-292","-630","585","3750444","-12226496","7298","29143","71","13209","305"
"83649.650","92948","28530","11619","1027","-465","372","-607","585","3750369","-12226387","7234","29132","13","13236","290"
"83650.650","93018","28531","11640","1000","-467","351","-838","585","3750294","-12226279","7172","29128","46","13224","284"
"83651.650","93070","28519","11647","986","-465","336","-825","584","3750218","-12226171","7114","29110","-46","13227","345"
"83652.650","93131","28499","11602","984","-532","186","-741","586","3750143","-12226062","7059","29085","-29","13211","359"
"83653.650","93171","28518","11602","993","-500","83","-736","584","3750068","-12225954","7010","29100","-26","13193","395"
"83654.650","93218","28507","11640","959","-465","655","-755","584","3749993","-12225847","6966","29084","-75","13220","380"
"83655.650","93255","28482","11609","989","-461","1158","-794","584","3749918","-12225740","6928","29056","-123","13206","374"
"83656.650","93293","28453","11598","981","-469","1423","-666","585","3749843","-12225632","6896","29023","-111","13208","373"
"83657.650","93319","28322","11689","942","-358","2118","-608","581","3749767","-12225525","6868","28887","4","13206","358"
"83658.650","93360","28341","11660","936","-383","1318","-446","580","3749693","-12225417","6844","28903","-394","13227","365"
"83659.650","93384","28300","11633","902","-432","602","-658","581","3749618","-12225309","6823","28859","-249","13122","415"
"83660.650","93406","28190","11704","889","-311","1589","-583","580","3749544","-12225202","6801","28745","-346","13136","357"
"83661.650","93442","28195","11693","922","-271","1267","-628","579","3749471","-12225095","6778","28747","-292","13133","335"
"83662.650","93477","28241","11541","1010","-369","-100","-647","583","3749398","-12224987","6752","28790","-302","13160","425"
"83663.650","93514","28285","11606","883","-388","107","-609","580","3749325","-12224877","6724","28832","-209","13077","405"
"83664.650","93541","28264","11611","870","-353","-74","-608","578","3749252","-12224770","6694","28809","-222","13028","448"
"83665.650","93577","28323","11675","864","-208","-626","-793","577","3749179","-12224662","6666","28865","-363","13059","508"
"83666.650","93612","28388","11547","923","-288","-1","-863","580","3749107","-12224552","6640","28928","-336","13073","467"
"83667.650","93639","28408","11452","979","-324","148","-676","583","3749037","-12224445","6618","28946","-286","13018","453"
"83668.650","93654","28392","11461","908","-352","435","-871","581","3748966","-12224335","6597","28929","-110","13029","473"
"83669.650","93677","28317","11465","865","-358","608","-634","575","3748895","-12224227","6575","28850","680","13030","439"
"83670.650","93693","28291","11474","845","-316","601","-501","578","3748825","-12224120","6552","28822","1789","13242","467"
"83671.650","93716","28298","11458","771","-373","504","-661","574","3748753","-12224012","6528","28828","2569","13557","484"
"83672.650","93723","28255","11398","748","-437","888","-1105","574","3748680","-12223909","6507","28783","2771","13815","483"
"83673.650","93744","28222","11360","772","-436","565","-688","578","3748604","-12223809","6491","28748","2511","14028","512"
"83674.650","93768","28263","11272","867","-427","-98","-712","579","3748523","-12223716","6480","28787","1949","14242","573"
"83675.650","93768","28230","11220","891","-438","-206","-641","582","3748442","-12223623","6471","28753","1019","14326","634"
"83676.650","93765","28280","11221","914","-364","-1307","-634","578","3748358","-12223536","6466","28805","297","14315","731"
"83677.650","93760","28404","11106","906","-450","-1479","-628","582","3748274","-12223450","6466","28932","53","14310","740"
"83678.650","93757","28422","11021","913","-486","-1233","-622","583","3748189","-12223365","6477","28950","31","14255","716"
"83679.650","93751","28483","11024","921","-414","-1230","-772","582","3748105","-12223281","6488","29013","-79","14282","692"
"83680.650","93742","28521","11034","920","-349","-672","-810","580","3748021","-12223196","6496","29052","-117","14302","688"
"83681.650","93741","28556","10999","948","-319","-156","-795","580","3747938","-12223112","6502","29088","-119","14311","659"
"83682.650","93730","28523","10950","984","-310","1063","-798","582","3747854","-12223030","6509","29055","-91","14340","620"
"83683.650","93724","28469","10926","950","-338","1945","-951","582","3747772","-12222946","6515","29001","5","14329","560"
"83684.650","93718","28427","10884","959","-354","1741","-626","582","3747689","-12222863","6523","28959","-4","14314","602"
"83685.650","93714","28368","10965","931","-240","1416","-674","581","3747607","-12222779","6531","28899","34","14344","609"
"83686.650","93719","28332","10981","860","-242","1293","-541","579","3747525","-12222696","6540","28862","144","14373","579"
"83687.650","93702","28309","11038","844","-152","1681","-595","573","3747442","-12222612","6549","28840","-141","14354","593"
"83688.650","93708","28324","10877","925","-262","511","-515","582","3747360","-12222531","6558","28855","-236","14333","579"
"83689.650","93709","28245","11040","874","-69","601","-435","576","3747278","-12222448","6565","28774","-104","14330","540"
"83690.650","93724","28270","11134","806","24","1147","-601","572","3747197","-12222365","6570","28799","-311","14369","489"
"83691.650","93739","28296","10951","770","-222","1015","-483","571","3747116","-12222283","6571","28824","-360","14272","479"
"83692.650","93743","28240","11038","811","-56","635","-622","569","3747036","-12222201","6567","28766","-298","14186","492"
"83693.650","93766","28219","11053","829","-12","1054","-559","575","3746955","-12222118","6555","28743","-535","14273","488"
"83694.650","93792","28236","11089","716","-47","720","-625","564","3746875","-12222032","6536","28758","-351","14163","438"
"83695.650","93808","28292","11063","828","33","516","-668","575","3746795","-12221950","6513","28813","-483","14119","488"
"83696.650","93842","28271","10965","882","-65","1116","-716","577","3746716","-12221865","6486","28789","-666","14165","452"
"83697.650","93860","28277","11012","833","-43","180","-758","573","3746637","-12221780","6461","28794","-608","14027","491"
"83698.650","93876","28335","10971","857","-68","837","-699","576","3746559","-12221691","6437","28851","-649","14015","513"
"83699.650","93903","28388","10886","833","-202","852","-584","573","3746481","-12221604","6415","28903","-360","13935","473"
"83700.650","93917","28330","10855","898","-174","547","-685","574","3746404","-12221517","6394","28843","-463","13891","527"
"83701.650","93938","28304","10999","795","-68","76","-711","572","3746327","-12221427","6375","28815","-610","13874","549"
"83702.650","93948","28303","10983","809","-54","49","-649","572","3746251","-12221337","6358","28813","-546","13809","564"
"83703.650","93975","28310","10896","849","-119","-58","-614","575","3746175","-12221249","6344","28818","-524","13800","529"
"83704.650","93979","28327","10833","879","-163","-477","-781","577","3746100","-12221158","6328","28834","-398","13754","571"
"83705.650","94009","28358","10759","907","-220","-519","-714","578","3746026","-12221067","6311","28863","-322","13736","535"
"83706.650","94038","28385","10737","906","-242","-1514","-600","578","3745951","-12220977","6292","28888","-899","13669","554"
"83707.650","94054","28446","10779","868","-205","-1806","-640","578","3745878","-12220885","6271","28949","-956","13534","566"
"83708.650","94089","28470","10786","843","-202","-1342","-664","576","3745805","-12220790","6245","28970","-946","13469","532"
"83709.650","94132","28480","10778","813","-239","-811","-710","573","3745733","-12220697","6212","28976","-850","13370","485"
"83710.650","94175","28499","10775","822","-235","-915","-661","575","3745662","-12220602","6175","28992","-786","13306","466"
"83711.650","94210","28476","10753","894","-199","-521","-646","578","3745592","-12220505","6136","28966","-766","13279","460"
"83712.650","94245","28488","10771","911","-178","-292","-771","579","3745523","-12220408","6096","28974","-703","13239","498"
"83713.650","94285","28481","10843","872","-122","-503","-679","575","3745455","-12220309","6059","28964","-654","13173","531"
"83714.650","94319","28454","10831","885","-135","-71","-697","576","3745387","-12220210","6025","28934","-639","13142","509"
"83715.650","94356","28447","10760","939","-191","-334","-682","578","3745320","-12220110","5997","28923","-633","13084","514"
"83716.650","94365","28485","10742","963","-197","-338","-792","580","3745253","-12220008","5971","28961","-515","13047","576"
"83717.650","94373","28508","10732","968","-201","-103","-704","581","3745187","-12219908","5947","28983","-433","12991","615"
"83718.650","94388","28486","10721","965","-204","131","-708","580","3745122","-12219805","5926","28960","-371","12982","652"
"83719.650","94404","28483","10717","955","-204","385","-687","580","3745057","-12219702","5910","28956","-343","12952","632"
"83720.650","94406","28476","10709","951","-210","1168","-544","579","3744993","-12219599","5901","28948","-238","12947","596"
"83721.650","94411","28405","10789","906","-135","1453","-571","576","3744929","-12219496","5898","28876","-121","12936","569"
"83722.650","94411","28357","10859","880","-39","149","-499","579","3744865","-12219393","5900","28827","-227","12953","646"
"83723.650","94403","28333","10823","893","-52","-201","-533","579","3744802","-12219288","5906","28803","-29","12970","691"
"83724.650","94409","28399","10746","908","-124","-8","-603","577","3744738","-12219185","5917","28870","-5","12964","620"
"83725.650","94408","28439","10728","900","-147","-68","-748","577","3744675","-12219081","5921","28911","-49","12939","610"
"83726.650","94406","28408","10716","911","-135","352","-828","577","3744611","-12218978","5924","28879","-93","12949","616"
"83727.650","94414","28403","10730","882","-144","638","-576","577","3744549","-12218876","5925","28874","-79","12941","581"
"83728.650","94416","28389","10719","861","-176","447","-488","576","3744485","-12218772","5924","28859","-32","12911","609"
"83729.650","94424","28392","10723","874","-146","487","-703","577","3744422","-12218670","5920","28861","-68","12914","607"
"83730.650","94427","28382","10716","928","-77","378","-587","578","3744359","-12218566","5916","28851","-43","12958","621"
"83731.650","94439","28384","10688","952","-79","-185","-667","579","3744296","-12218463","5914","28852","-5","12995","639"
"83732.650","94436","28394","10741","852","-100","228","-557","576","3744233","-12218360","5912","28862","12","12968","634"
"83733.650","94440","28400","10750","901","-9","293","-851","577","3744170","-12218257","5910","28868","10","12947","607"
"83734.650","94449","28397","10731","956","42","-243","-773","579","3744107","-12218155","5908","28864","-263","13038","627"
"83735.650","94459","28400","10745","892","-6","-36","-780","576","3744043","-12218052","5904","28867","-75","12991","594"
"83736.650","94465","28393","10705","904","-37","-517","-665","576","3743981","-12217952","5899","28858","-110","12961","602"
"83737.650","94480","28389","10694","887","-71","-509","-647","576","3743919","-12217848","5892","28853","-25","12955","572"
"83738.650","94493","28407","10684","896","-75","-76","-835","577","3743856","-12217746","5881","28870","3","12957","554"
"83739.650","94513","28430","10656","906","-107","-417","-827","578","3743793","-12217644","5866","28892","48","12971","582"
"83740.650","94533","28436","10625","927","-128","-601","-702","577","3743730","-12217542","5847","28896","170","12980","579"
"83741.650","94543","28444","10567","1005","-119","-527","-591","583","3743668","-12217439","5826","28903","-11","13008","613"
"83742.650","94571","28451","10564","997","-133","-595","-684","580","3743604","-12217338","5806","28908","41","13031","587"
"83743.650","94583","28486","10563","974","-160","-317","-639","581","3743541","-12217236","5786","28943","119","13020","591"
"83744.650","94601","28490","10549","978","-178","464","-573","581","3743477","-12217133","5767","28945","145","13019","570"
"83745.650","94628","28501","10575","960","-166","647","-778","579","3743414","-12217033","5750","28954","-38","13030","544"
"83746.650","94639","28498","10588","992","-122","839","-692","582","3743350","-12216930","5732","28950","-27","13029","541"
"83747.650","94657","28490","10667","963","-48","1406","-611","579","3743287","-12216831","5716","28941","-109","13066","516"
"83748.650","94680","28481","10685","979","-22","1580","-694","579","3743223","-12216728","5701","28929","-95","13066","493"
"83749.650","94697","28445","10857","819","38","1595","-533","574","3743160","-12216626","5687","28892","-121","13068","507"
"83750.650","94707","28446","11006","691","119","773","-510","567","3743095","-12216526","5674","28892","-34","13003","547"
"83751.650","94718","28426","11011","703","164","-41","-787","566","3743032","-12216422","5663","28870","-155","13050","614"
"83752.650","94722","28445","11069","629","188","15","-560","561","3742968","-12216322","5653","28889","-13","13021","634"
"83753.650","94712","28442","11006","696","213","-50","-731","567","3742904","-12216219","5647","28887","-142","13050","679"
"83754.650","94706","28472","10888","790","174","-197","-652","577","3742841","-12216117","5645","28918","-257","13032","686"
"83755.650","94696","28442","10893","762","189","62","-499","570","3742778","-12216017","5650","28889","-246","13047","681"
"83756.650","94691","28425","10838","729","100","284","-616","568","3742715","-12215913","5660","28871","-125","12981","674"
"83757.650","94680","28444","10692","853","56","-281","-647","575","3742653","-12215813","5674","28892","-191","12965","681"
"83758.650","94669","28467","10762","804","140","-279","-582","570","3742590","-12215712","5683","28916","-251","13001","681"
"83759.650","94669","28461","10738","776","91","-300","-645","573","3742529","-12215612","5691","28910","-30","12965","661"
"83760.650","94658","28495","10718","828","152","-600","-528","573","3742467","-12215509","5697","28946","-97","12964","689"
"83761.650","94660","28495","10785","754","190","-350","-548","569","3742405","-12215409","5702","28945","-85","13020","678"
"83762.650","94643","28472","10719","816","188","296","-646","577","3742345","-12215307","5706","28924","6","12962","679"
"83763.650","94650","28498","10748","760","184","453","-540","569","3742283","-12215207","5711","28950","-166","13019","659"
"83764.650","94644","28507","10894","630","280","-74","-744","565","3742222","-12215104","5718","28959","51","12960","677"
"83765.650","94631","28508","10824","671","261","-140","-591","569","3742161","-12215006","5726","28961","143","13017","706"
"83766.650","94627","28501","10835","652","285","-111","-640","566","3742100","-12214904","5735","28954","-145","13010","710"
"83767.650","94609","28494","10790","669","272","-235","-713","566","3742039","-12214804","5747","28949","-138","12988","707"
"83768.650","94604","28496","10740","688","254","-574","-641","567","3741979","-12214704","5758","28951","-71","12991","719"
"83769.650","94591","28479","10658","674","144","-1180","-548","565","3741918","-12214604","5769","28935","-103","12973","755"
"83770.650","94555","28479","10564","706","76","191","-791","573","3741857","-12214505","5778","28938","-109","12884","752"
"83771.650","94558","28486","10628","660","152","782","-698","563","3741797","-12214405","5790","28945","-214","12896","681"
"83772.650","94558","28487","10672","629","199","366","-782","563","3741737","-12214304","5801","28946","-372","12897","643"
"83773.650","94546","28488","10691","608","226","-579","-909","562","3741677","-12214206","5811","28948","-362","12854","699"
"83774.650","94531","28499","10660","619","227","-865","-656","562","3741618","-12214106","5819","28961","-330","12829","722"
"83775.650","94533","28505","10660","578","207","-424","-682","560","3741559","-12214006","5824","28967","-238","12822","692"
"83776.650","94526","28506","10671","536","201","-188","-613","555","3741501","-12213903","5829","28968","-174","12769","672"
"83777.650","94521","28504","10602","587","178","155","-739","560","3741443","-12213804","5832","28967","-187","12767","684"
"83778.650","94511","28492","10577","588","155","-14","-786","559","3741386","-12213707","5836","28955","-220","12753","682"
"83779.650","94494","28488","10554","586","145","-142","-708","559","3741328","-12213604","5840","28952","52","12732","749"
"83780.650","94501","28484","10505","639","169","84","-590","562","3741270","-12213504","5846","28948","60","12785","695"
"83781.650","94491","28480","10510","606","148","72","-796","560","3741213","-12213404","5853","28945","264","12840","688"
"83782.650","94492","28467","10544","583","196","15","-582","562","3741155","-12213304","5860","28931","278","12837","650"
"83783.650","94488","28458","10560","586","231","-385","-713","559","3741098","-12213204","5865","28923","234","12899","690"
"83784.650","94488","28456","10540","598","206","92","-655","564","3741040","-12213106","5867","28920","144","12907","665"
"83785.650","94486","28447","10557","590","209","-484","-756","561","3740981","-12213007","5868","28911","37","12909","688"
"83786.650","94478","28452","10527","622","197","-22","-613","559","3740923","-12212908","5869","28917","34","12926","694"
"83787.650","94496","28444","10593","543","191","88","-638","557","3740864","-12212809","5870","28908","206","12932","613"
"83788.650","94488","28445","10489","669","153","645","-455","564","3740805","-12212712","5869","28909","-156","12924","616"
"83789.650","94498","28447","10519","649","124","501","-543","562","3740745","-12212613","5866","28910","-152","12893","598"
"83790.650","94489","28444","10608","593","159","-189","-701","558","3740686","-12212514","5862","28908","-149","12874","689"
"83791.650","94485","28437","10671","557","160","40","-625","556","3740627","-12212416","5859","28902","-51","12847","748"
"83792.650","94482","28443","10678","558","133","225","-639","557","3740567","-12212316","5859","28908","-51","12868","722"
"83793.650","94475","28437","10742","468","77","651","-796","551","3740507","-12212216","5862","28903","-14","12823","717"
"83794.650","94449","28441","10696","567","95","-605","-554","559","3740447","-12212117","5870","28909","-118","12794","755"
"83795.650","94430","28443","10828","434","106","482","-630","547","3740387","-12212017","5885","28913","-114","12841","743"
"83796.650","94426","28429","10809","454","56","-35","-566","549","3740327","-12211914","5906","28899","-10","12756","628"
"83797.650","94400","28437","10775","537","61","-86","-577","552","3740267","-12211814","5922","28909","-87","12811","682"
"83798.650","94394","28441","10854","483","60","182","-588","547","3740207","-12211714","5934","28914","-83","12803","654"
"83799.650","94370","28440","10940","457","122","1042","-726","544","3740146","-12211613","5945","28915","-84","12785","648"
"83800.650","94382","28429","10884","512","41","626","-481","555","3740086","-12211512","5958","28903","-41","12800","630"
"83801.650","94353","28437","10957","475","74","-1534","-562","547","3740025","-12211409","5972","28914","-148","12780","772"
"83802.650","94348","28436","11011","429","83","-1274","-595","551","3739964","-12211307","5987","28913","-46","12777","739"
"83803.650","94328","28436","10999","476","100","-2192","-514","553","3739903","-12211204","6001","28914","16","12788","753"
"83804.650","94256","28458","10950","544","70","1366","-616","555","3739842","-12211103","6014","28943","-15","12820","806"
"83805.650","94310","28447","10943","563","-2","3072","-595","557","3739781","-12211001","6029","28927","-160","12821","510"
"83806.650","94279","28442","10840","674","-129","-314","-531","564","3739719","-12210897","6046","28925","109","12803","547"
"83807.650","94289","28450","10902","557","-273","1053","-568","564","3739658","-12210794","6060","28932","180","12766","511"
"83808.650","94304","28447","10936","548","-344","1006","-634","562","3739596","-12210691","6066","28928","-179","12678","460"
"83809.650","94311","28466","10953","703","-221","728","-479","566","3739532","-12210588","6061","28946","-92","12725","411"
"83810.650","94355","28457","11195","525","-183","944","-538","560","3739469","-12210482","6041","28933","36","12791","426"
"83811.650","94379","28446","11172","595","-239","-312","-586","568","3739404","-12210376","6011","28920","-275","12693","430"
"83812.650","94388","28454","11155","668","-275","160","-685","570","3739341","-12210269","5977","28927","-709","12675","525"
"83813.650","94430","28435","11227","646","-287","61","-774","566","3739277","-12210163","5950","28905","-446","12585","439"
"83814.650","94442","28459","11226","697","-302","-1143","-638","569","3739213","-12210053","5925","28927","-470","12580","583"
"83815.650","94465","28479","11349","642","-244","-482","-697","566","3739150","-12209944","5903","28947","-433","12538","560"
"83816.650","94477","28460","11403","651","-207","-334","-708","566","3739086","-12209833","5885","28926","-378","12547","563"
"83817.650","94499","28459","11459","620","-229","-41","-757","562","3739023","-12209722","5872","28923","-133","12526","548"
"83818.650","94500","28458","11547","552","-237","-952","-488","552","3738960","-12209609","5863","28922","-215","12516","589"
"83819.650","94503","28457","11576","537","-267","-787","-651","558","3738897","-12209497","5859","28921","-174","12471","576"
"83820.650","94501","28459","11511","675","-234","-870","-823","567","3738834","-12209384","5857","28923","-240","12476","592"
"83821.650","94502","28461","11561","646","-252","-537","-692","565","3738772","-12209270","5858","28924","-144","12511","590"
"83822.650","94500","28459","11607","634","-244","-128","-586","562","3738709","-12209159","5859","28923","-56","12472","565"
"83823.650","94512","28463","11609","658","-272","-266","-856","566","3738646","-12209043","5861","28926","-24","12504","531"
"83824.650","94521","28468","11602","701","-296","-347","-602","569","3738583","-12208929","5860","28930","-95","12493","480"
"83825.650","94541","28476","11681","726","-203","-703","-716","568","3738519","-12208815","5856","28936","-360","12500","432"
"83826.650","94573","28465","11892","705","31","-449","-589","569","3738456","-12208701","5846","28923","-538","12527","373"
"83827.650","94615","28477","11995","656","25","195","-596","564","3738393","-12208583","5825","28931","-579","12546","300"
"83828.650","94670","28483","12020","653","-66","363","-720","563","3738330","-12208466","5787","28932","-691","12404","241"
"83829.650","94729","28491","12008","688","-227","-1483","-556","568","3738267","-12208347","5739","28935","-1363","12292","358"
"83830.650","94772","28508","12176","630","-247","-1543","-537","565","3738204","-12208227","5681","28949","-1863","12023","365"
"83831.650","94798","28507","12363","594","-192","-1443","-602","561","3738143","-12208103","5635","28945","-2234","11809","489"
"83832.650","94854","28521","12555","536","-151","-1517","-543","556","3738085","-12207975","5596","28955","-2589","11635","404"
"83833.650","94878","28546","12593","612","-174","-2529","-630","564","3738029","-12207844","5571","28978","-3126","11372","413"
"83834.650","94905","28572","12756","603","-89","-2529","-593","560","3737977","-12207709","5542","29002","-3146","11168","364"
"83835.650","94946","28569","12877","615","-50","-2338","-496","562","3737929","-12207572","5512","28995","-3123","10941","355"
"83836.650","94985","28543","12991","617","-100","-1603","-714","558","3737885","-12207429","5479","28965","-3177","10684","310"
"83837.650","95032","28571","13142","629","-49","-1243","-607","562","3737845","-12207284","5446","28990","-3437","10427","270"
"83838.650","95086","28550","13294","585","-165","-1994","-507","560","3737809","-12207135","5407","28964","-3600","10144","214"
"83839.650","95132","28562","13554","455","-167","-2004","-479","549","3737779","-12206983","5362","28972","-3740","9792","243"
"83840.650","95178","28562","13642","501","-188","-931","-657","557","3737755","-12206825","5309","28968","-3874","9462","196"
"83841.650","95218","28565","13830","434","-148","-1801","-620","545","3737736","-12206667","5258","28968","-4037","9095","242"
"83842.650","95293","28543","13900","478","-189","-2929","-588","553","3737725","-12206508","5212","28939","-3832","8810","296"
"83843.650","95338","28544","13857","629","-251","-2093","-774","567","3737721","-12206345","5172","28936","-3798","8456","264"
"83844.650","95392","28551","14049","535","-225","-2396","-575","557","3737724","-12206182","5132","28938","-4149","8155","246"
"83845.650","95443","28555","14188","502","-194","-1317","-632","556","3737734","-12206015","5089","28938","-4031","7875","152"
"83846.650","95514","28574","14243","543","-94","-2087","-726","554","3737750","-12205853","5040","28951","-4142","7613","104"
"83847.650","95572","28594","14287","632","-120","-1300","-651","566","3737774","-12205687","4982","28967","-4571","7244","132"
"83848.650","95648","28608","14347","702","-148","-403","-479","563","3737804","-12205525","4920","28974","-4383","6789","65"
"83849.650","95741","28604","14531","570","-48","-1612","-615","555","3737843","-12205362","4852","28962","-5211","6486","63"
"83850.650","95797","28608","14492","728","-3","-885","-569","565","3737891","-12205204","4778","28961","-5376","6020","-66"
"83851.650","95916","28617","14583","726","27","-1785","-521","573","3737948","-12205047","4690","28960","-5222","5584","-99"
"83852.650","96013","28599","14871","628","-103","-859","-670","570","3738014","-12204895","4586","28933","-5129","5141","-58"
"83853.650","96120","28600","14924","660","-131","-1563","-459","562","3738089","-12204750","4476","28925","-5100","4646","-42"
"83854.650","96231","28612","15097","608","-264","-770","-542","561","3738174","-12204614","4369","28928","-5215","4135","10"
"83855.650","96311","28617","15129","543","-221","-427","-554","558","3738267","-12204485","4277","28925","-5680","3581","15"
"83856.650","96427","28625","15116","532","-176","-1240","-519","558","3738370","-12204369","4206","28924","-5829","3051","-11"
"83857.650","96551","28646","15058","621","-141","-1518","-578","557","3738483","-12204265","4151","28934","-5242","2581","-12"
"83858.650","96680","28658","15149","607","-198","-617","-620","567","3738601","-12204174","4096","28935","-4981","2126","28"
"83859.650","96813","28663","15227","490","-201","-1028","-605","549","3738725","-12204097","4033","28930","-5190","1749","-23"
"83860.650","96934","28670","15271","549","-234","-1597","-571","562","3738853","-12204030","3965","28926","-5163","1326","-71"
"83861.650","97054","28688","15380","549","-293","-1247","-745","559","3738983","-12203975","3878","28934","-5191","932","-85"
"83862.650","97176","28682","15546","568","-413","-728","-608","567","3739116","-12203932","3771","28918","-5066","456","-83"
"83863.650","97320","28685","15622","588","-438","-1116","-572","568","3739251","-12203900","3641","28908","-5047","61","-124"
"83864.650","97452","28701","15623","597","-386","-426","-513","572","3739389","-12203880","3497","28914","-4935","35643","-115"
"83865.650","97577","28702","15712","665","-413","-468","-602","566","3739528","-12203872","3364","28904","-4795","35246","-92"
"83866.650","97677","28705","15740","739","-394","156","-653","575","3739666","-12203875","3223","28899","-4195","34798","78"
"83867.650","97818","28716","15745","588","-401","-992","-718","569","3739804","-12203894","3120","28897","-3889","34497","120"
"83868.650","97890","28725","15705","629","-345","-2054","-495","568","3739941","-12203923","3045","28901","-3729","34189","209"
"83869.650","97942","28717","15753","549","-421","-979","-561","564","3740077","-12203965","3004","28888","-3376","33970","215"
"83870.650","97989","28713","15848","707","-481","-949","-606","576","3740209","-12204014","2977","28881","-2496","33781","300"
"83871.650","98031","28701","15750","721","-399","-481","-707","576","3740340","-12204070","2963","28865","-1012","33724","408"
"83872.650","98037","28704","15683","651","-387","-691","-667","572","3740468","-12204129","2956","28867","-403","33762","398"
"83873.650","98023","28711","15706","738","-415","-898","-811","578","3740595","-12204187","2925","28875","-16","33729","396"
"83874.650","98028","28720","15647","753","-362","-699","-732","576","3740722","-12204245","2898","28884","18","33740","388"
"83875.650","98009","28714","15662","886","-299","-738","-635","579","3740849","-12204306","2876","28879","-52","33716","352"
"83876.650","98034","28713","15759","723","-414","-1047","-667","572","3740975","-12204367","2862","28876","-132","33745","388"
"83877.650","98011","28715","15868","798","-374","-372","-875","575","3741103","-12204427","2851","28881","-87","33741","360"
"83878.650","98041","28709","15947","860","-311","-687","-697","575","3741231","-12204488","2848","28871","-172","33704","376"
"83879.650","97987","28724","16032","715","-369","-695","-777","573","3741360","-12204549","2848","28891","-116","33734","396"
"83880.650","98001","28702","16045","802","-339","-1344","-542","578","3741490","-12204612","2855","28868","3364","33971","369"
"83881.650","97299","28702","15828","865","-372","-2130","-503","579","3741621","-12204673","2888","28928","7418","35286","385"
"83882.650","96108","28699","15399","399","-415","-4439","-657","556","3741754","-12204733","2890","29026","7445","1099","416"
"83883.650","95876","28698","14893","215","-400","-3651","-701","542","3741897","-12204789","2923","29046","7723","2743","433"
"83884.650","95888","28653","14523","251","-477","-3105","-590","550","3742047","-12204808","2918","28999","7855","4302","329"
"83885.650","95739","28589","14048","191","-467","-2024","-600","544","3742171","-12204737","2791","28947","7202","5955","353"
"83886.650","95638","28608","13628","165","-507","-397","-661","553","3742238","-12204575","2266","28975","7126","7362","556"
"83887.650","96325","28649","12950","378","-447","-244","-505","552","3742289","-12204399","1853","28957","7506","8606","459"
"83888.650","96296","28607","12453","481","-371","1081","-785","556","3742289","-12204399","1853","28917","7184","9966","405"
"83889.650","96398","28625","11968","586","-271","1042","-570","561","3742367","-12204063","1915","28927","7129","11346","440"
"83890.650","96888","28669","11469","721","-357","402","-782","569","3742364","-12203891","2159","28929","6834","12457","415"
"83891.650","96890","28652","10976","914","-374","1984","-531","582","3742309","-12203757","2407","28912","6350","13625","559"
"83892.650","97367","28684","10346","1008","-759","3085","-501","590","3742157","-12203674","2584","28903","6277","14631","555"
"83893.650","97853","28677","10100","750","-959","3336","-615","589","3742157","-12203674","2584","28855","6276","15322","419"
"83894.650","98503","28755","9575","804","-1265","3675","-946","598","3742048","-12203585","2775","28879","4798","15915","376"
"83895.650","97915","28716","9992","688","-694","3076","-415","573","3741877","-12203447","2803","28890","1582","15993","584"
"83896.650","97636","28663","10192","649","-342","25","-567","595","3741787","-12203395","2803","28860","385","15737","560"
"83897.650","97536","28663","10044","648","-332","-1197","-583","568","3741699","-12203344","2801","28868","-1","15695","797"
"83898.650","97330","28643","10144","511","-110","-74","-630","553","3741612","-12203295","2799","28865","-46","15723","566"
"83899.650","97483","28658","9941","475","-168","648","-653","550","3741527","-12203244","2797","28867","-244","15681","440"
"83900.650","97602","28675","9758","501","-167","1003","-693","549","3741527","-12203244","2797","28875","-264","15681","326"
"83901.650","97668","28691","9466","555","-270","889","-565","562","3741443","-12203195","2786","28885","36","15715","469"
"83902.650","97843","28704","9196","593","-337","1702","-673","569","3741361","-12203148","2761","28884","-38","15691","551"
"83903.650","98058","28698","8949","617","-398","2340","-627","570","3741281","-12203099","2734","28859","9","15705","420"
"83904.650","98158","28697","8675","610","-552","2628","-685","572","3741201","-12203054","2718","28849","224","15668","306"
"83905.650","98256","28708","8450","709","-625","2895","-636","581","3741124","-12203004","2716","28853","125","15666","197"
"83906.650","98298","28733","8262","742","-722","4322","-591","581","3741048","-12202959","2727","28874","30","15716","-14"
"83907.650","98348","28727","8165","651","-796","4421","-645","580","3740972","-12202914","2742","28865","177","15673","-78"
"83908.650","98391","28734","7961","692","-905","3666","-638","587","3740898","-12202870","2751","28867","1428","15646","-68"
"83909.650","98473","28745","7740","525","-1116","3226","-586","591","3740825","-12202827","2756","28872","5146","16207","82"
"83910.650","98543","28749","7686","563","-1081","2377","-490","592","3740751","-12202784","2749","28870","4965","17031","-21"
"83911.650","98631","28761","7712","531","-1099","2130","-539","592","3740677","-12202749","2726","28875","4761","17939","-68"
"83912.650","98727","28766","7886","452","-993","2043","-588","589","3740600","-12202724","2681","28871","4739","18552","-28"
"83913.650","98829","28769","7969","363","-971","2529","-547","586","3740522","-12202710","2613","28866","4852","19257","-77"
"83914.650","98918","28783","7926","182","-1001","2525","-513","585","3740441","-12202708","2544","28872","5019","19983","-209"
"83915.650","99065","28796","8052","123","-824","1357","-642","575","3740362","-12202719","2460","28874","5523","20688","-346"
"83916.650","99120","28806","8002","73","-810","1156","-730","576","3740284","-12202740","2366","28879","5164","21610","-239"
"83917.650","99236","28809","8031","104","-782","1415","-622","569","3740210","-12202774","2271","28872","5239","22370","-318"
"83918.650","99359","28821","8105","64","-624","1233","-486","565","3740144","-12202823","2190","28874","5231","23161","-417"
"83919.650","99491","28836","8251","141","-439","1644","-505","540","3740086","-12202890","2129","28878","5198","23861","-493"
"83920.650","99609","28839","8174","94","-348","792","-491","544","3740034","-12202961","2068","28872","5111","24691","-485"
"83921.650","99719","28864","8107","67","-393","1333","-614","541","3739990","-12203038","1983","28887","5040","25441","-438"
"83922.650","99866","28870","8159","155","-424","2761","-530","538","3739953","-12203118","1852","28882","4407","26368","-481"
"83923.650","100017","28866","8239","253","-477","2348","-660","560","3739925","-12203204","1714","28865","4072","27060","-415"
"83924.650","100123","28873","8158","233","-369","1435","-679","545","3739906","-12203291","1586","28863","4154","27656","-202"
"83925.650","100224","28876","8059","212","-290","1730","-637","543","3739898","-12203382","1440","28857","4642","28268","-142"
"83926.650","100340","28882","8043","294","-354","2353","-665","545","3739896","-12203469","1281","28854","4365","29061","-310"
"83927.650","100430","28884","7918","308","-206","1022","-598","533","3739906","-12203555","1158","28848","4483","29722","-269"
"83928.650","100526","28894","7839","327","-216","1438","-575","539","3739923","-12203637","1025","28851","4173","30110","-287"
"83929.650","100656","28912","7826","366","-250","1786","-779","548","3739947","-12203717","904","28858","3821","30666","-492"
"83930.650","100784","28916","7779","356","-287","1392","-594","546","3739979","-12203790","783","28851","3290","31068","-513"
"83931.650","100932","28930","7773","441","-262","1543","-607","555","3740015","-12203859","661","28853","3267","31414","-522"
"83932.650","101078","28946","7745","458","-276","1742","-644","556","3740056","-12203923","535","28858","3271","31885","-441"
"83933.650","101190","28963","7616","402","-266","1712","-673","551","3740101","-12203983","412","28865","3082","32501","-288"
"83934.650","101312","28978","7506","376","-242","1999","-583","548","3740151","-12204037","318","28870","2914","32960","-259"
"83935.650","101436","29001","7441","443","-225","1633","-562","550","3740205","-12204084","230","28883","2370","33295","-223"
"83936.650","101523","29055","7389","262","-360","2370","-575","547","3740262","-12204129","160","28929","1696","33530","-108"
"83937.650","101618","29062","7190","265","-230","2710","-446","529","3740319","-12204164","94","28929","754","33857","-96"
"83938.650","101680","29053","7121","170","-274","2694","-487","540","3740378","-12204198","36","28915","160","33746","-5"
"83939.650","101751","29027","7173","380","-370","2661","-617","558","3740435","-12204229","-26","28884","7","33746","161"
"83940.650","101787","29033","6900","495","-161","2531","-668","559","3740493","-12204258","-82","28886","316","33595","234"
"83941.650","101737","29093","6630","355","-93","3441","-527","530","3740550","-12204287","-139","28950","-423","33514","494"
"83942.650","101805","29144","6462","490","-17","3245","-586","550","3740606","-12204312","-193","28996","-12","33556","573"
"83943.650","101773","29181","6162","437","116","3841","-486","549","3740661","-12204338","-237","29034","-85","33492","666"
