"TIME_UTC","P","T","TAS","U","V","W","TEDR","REYN","G_LAT","G_LONG","G_ALT","POT","ROLL","HDG","PITCH "
"72706.920","101068","29959","9915","100","-218","920","-807","521","3742893","-12205608","-6","29868","3473","152","1296"
"72707.920","100976","29977","10003","109","-248","1017","-864","523","3742983","-12205612","75","29894","3665","620","1303"
"72708.920","100864","29988","10041","104","-236","1082","-766","520","3743073","-12205608","176","29914","3725","1103","1338"
"72709.920","100710","30018","10041","118","-193","955","-711","514","3743162","-12205595","247","29958","3751","1580","1412"
"72710.920","100546","30040","10036","158","-172","837","-868","517","3743250","-12205575","320","29994","3868","2075","1482"
"72711.920","100409","30039","10056","127","-171","870","-817","515","3743336","-12205547","405","30004","3979","2605","1525"
"72712.920","100253","30049","10053","89","-155","877","-636","503","3743419","-12205507","493","30027","4028","3118","1560"
"72713.920","100067","30071","10033","120","-147","812","-773","506","3743499","-12205455","610","30066","4099","3652","1589"
"72714.920","99899","30083","10041","141","-180","657","-932","515","3743575","-12205394","758","30092","4235","4169","1623"
"72715.920","99712","30073","10022","156","-187","679","-827","518","3743649","-12205314","1016","30098","4280","4708","1645"
"72716.920","99530","30074","10017","168","-222","661","-767","525","3743715","-12205237","1186","30115","4356","5247","1666"
"72717.920","99358","30078","9990","184","-234","696","-753","528","3743775","-12205147","1380","30133","4415","5782","1670"
"72718.920","99188","30071","9945","219","-249","664","-730","531","3743829","-12205052","1553","30141","4435","6305","1679"
"72719.920","99024","30066","9944","172","-222","978","-762","524","3743878","-12204948","1768","30150","4379","6818","1679"
"72720.920","98860","30051","9946","138","-204","1021","-783","519","3743917","-12204845","1915","30150","4238","7339","1655"
"72721.920","98674","30032","9923","139","-175","1097","-780","514","3743950","-12204742","2052","30147","4286","7840","1670"
"72722.970","98501","30012","9899","141","-158","1179","-757","513","3743974","-12204634","2186","30142","4292","8377","1653"
"72723.970","98337","30021","9870","150","-89","1214","-687","502","3743991","-12204522","2361","30165","4244","8893","1629"
"72724.970","98203","30028","9859","149","-28","1186","-790","495","3744001","-12204409","2525","30184","4019","9383","1612"
"72725.970","98092","30021","9869","156","-7","700","-843","498","3744003","-12204294","2690","30187","3259","9736","1586"
"72726.970","97965","30019","9918","118","0","728","-850","486","3744000","-12204180","2868","30195","2749","9960","1612"
"72727.970","97833","30013","9970","81","-14","716","-762","468","3743990","-12204065","3047","30201","2341","10142","1616"
"72728.970","97687","30003","10009","63","13","752","-865","458","3743976","-12203952","3226","30204","1960","10322","1624"
"72729.970","97540","29992","10039","61","34","610","-836","460","3743958","-12203842","3401","30206","1403","10464","1630"
"72730.970","97381","29978","10070","55","43","415","-780","455","3743939","-12203730","3574","30206","797","10528","1671"
"72731.970","97220","29968","10102","45","65","397","-812","469","3743916","-12203619","3743","30210","301","10515","1692"
"72732.970","97055","29958","10155","13","97","345","-962","478","3743894","-12203508","3912","30215","187","10528","1693"
"72733.970","96892","29959","10161","23","120","327","-829","488","3743871","-12203399","4081","30231","86","10556","1684"
"72734.970","96717","29965","10105","91","103","384","-865","492","3743847","-12203289","4249","30252","182","10596","1681"
"72735.970","96549","29958","10090","110","74","376","-840","490","3743823","-12203179","4416","30260","257","10599","1677"
"72736.970","96379","29948","10081","127","45","247","-911","491","3743799","-12203069","4581","30266","88","10592","1661"
"72737.970","96204","29936","10096","122","28","136","-662","487","3743773","-12202959","4744","30269","164","10587","1652"
"72738.970","96037","29925","10115","114","12","144","-779","487","3743747","-12202850","4905","30273","188","10615","1625"
"72739.970","95876","29914","10133","110","-9","67","-746","483","3743721","-12202740","5064","30276","155","10625","1613"
"72740.970","95711","29904","10158","103","-30","25","-881","482","3743695","-12202629","5221","30280","-31","10600","1609"
"72741.970","95548","29902","10181","102","-23","-98","-1104","481","3743668","-12202520","5378","30294","-73","10588","1597"
"72742.970","95394","29897","10202","121","22","14","-906","484","3743640","-12202410","5540","30303","-57","10611","1586"
"72743.970","95252","29885","10256","90","36","-158","-777","481","3743613","-12202299","5699","30303","-110","10632","1528"
"72744.970","95102","29872","10316","118","111","526","-1011","484","3743585","-12202190","5856","30303","-174","10621","1484"
"72745.970","94956","29860","10361","200","196","1870","-759","520","3743557","-12202079","6009","30305","-177","10662","1437"
"72746.970","94821","29851","10417","204","222","1730","-870","525","3743528","-12201968","6158","30308","-208","10661","1413"
"72747.970","94679","29843","10454","239","268","1882","-822","533","3743501","-12201854","6302","30313","-400","10660","1403"
"72748.970","94544","29839","10514","240","286","1950","-714","535","3743474","-12201743","6440","30321","-319","10641","1375"
"72749.970","94409","29854","10562","264","345","1906","-1009","542","3743446","-12201628","6572","30349","-340","10630","1348"
"72750.970","94283","29859","10590","300","376","1531","-1138","545","3743419","-12201514","6696","30365","-252","10663","1335"
"72751.970","94155","29852","10646","303","392","1306","-931","547","3743393","-12201400","6814","30370","-257","10653","1325"
"72752.970","94026","29848","10681","330","406","1151","-805","550","3743367","-12201282","6925","30378","-210","10644","1312"
"72753.970","93899","29846","10713","367","427","1220","-741","553","3743342","-12201165","7031","30388","-158","10654","1306"
"72754.970","93776","29843","10772","380","457","1250","-865","555","3743316","-12201047","7138","30396","-108","10672","1287"
"72755.970","93664","29841","10824","395","483","1228","-816","557","3743290","-12200930","7246","30405","-58","10684","1272"
"72756.970","93542","29834","10860","393","489","1201","-1058","557","3743264","-12200810","7354","30409","-15","10692","1267"
"72757.970","93421","29823","10901","385","484","1004","-881","557","3743238","-12200689","7462","30408","-46","10693","1264"
"72758.970","93301","29813","10952","377","484","847","-976","556","3743211","-12200569","7570","30410","-39","10699","1266"
"72759.970","93182","29802","11005","373","485","711","-815","556","3743185","-12200449","7679","30409","-69","10693","1261"
"72760.970","93063","29792","11057","369","476","601","-818","556","3743158","-12200328","7788","30410","-75","10698","1261"
"72761.970","92948","29781","11124","358","485","472","-815","556","3743130","-12200205","7899","30409","-290","10665","1263"
"72762.970","92799","29773","11153","377","479","200","-737","555","3743102","-12200083","8009","30415","-391","10636","1365"
"72763.970","92655","29767","11183","378","477","234","-952","556","3743076","-12199959","8121","30423","-286","10609","1438"
"72764.970","92514","29754","11234","354","495","140","-875","555","3743050","-12199835","8236","30423","-269","10612","1477"
"72765.970","92349","29741","11254","351","496","1","-768","556","3743024","-12199710","8354","30425","-262","10591","1545"
"72766.970","92176","29726","11277","333","502","-109","-875","554","3742999","-12199586","8479","30426","-194","10580","1608"
"72767.970","91997","29710","11293","321","524","-158","-698","556","3742976","-12199460","8591","30427","-129","10589","1612"
"72768.970","91819","29690","11319","288","543","-138","-931","555","3742952","-12199335","8723","30423","-90","10597","1577"
"72769.970","91633","29678","11323","293","589","-194","-887","558","3742927","-12199213","8867","30428","-139","10591","1565"
"72770.970","91446","29665","11334","298","597","-326","-917","559","3742903","-12199085","9007","30432","-145","10625","1540"
"72771.970","91265","29647","11353","290","608","-363","-804","560","3742879","-12198963","9157","30431","8","10611","1536"
"72772.970","91078","29631","11364","288","608","-422","-909","560","3742854","-12198838","9319","30433","3","10643","1528"
"72773.970","90900","29614","11377","267","559","-373","-1058","557","3742825","-12198714","9501","30432","55","10656","1509"
"72774.970","90721","29602","11384","248","493","-236","-760","552","3742796","-12198590","9693","30437","22","10653","1499"
"72775.970","90551","29587","11409","223","449","-99","-740","545","3742768","-12198466","9883","30438","69","10667","1470"
"72776.970","90385","29568","11427","221","435","-191","-948","546","3742739","-12198343","10078","30434","60","10662","1454"
"72777.970","90222","29556","11447","220","427","-223","-1077","545","3742711","-12198219","10260","30437","-3","10685","1456"
"72778.970","90064","29541","11476","214","425","-227","-912","544","3742683","-12198094","10438","30438","9","10682","1434"
"72779.970","89909","29533","11515","193","408","-201","-876","542","3742655","-12197969","10610","30444","-56","10681","1415"
"72780.970","89748","29523","11555","175","388","-216","-886","539","3742627","-12197845","10778","30450","-50","10672","1406"
"72781.970","89588","29512","11577","177","378","-115","-855","538","3742599","-12197719","10942","30454","13","10666","1397"
"72782.970","89431","29497","11607","177","381","-124","-913","539","3742571","-12197594","11102","30453","25","10685","1378"
"72783.970","89273","29484","11641","177","386","-164","-959","538","3742544","-12197466","11258","30455","23","10696","1370"
"72784.970","89120","29474","11673","176","380","-130","-780","539","3742515","-12197341","11410","30460","-14","10702","1354"
"72785.970","88970","29464","11722","164","387","-154","-802","538","3742487","-12197214","11559","30465","-64","10697","1342"
"72786.970","88812","29455","11758","162","391","-148","-712","539","3742459","-12197086","11706","30471","-88","10698","1379"
"72787.970","88638","29445","11775","169","387","-237","-816","537","3742431","-12196958","11857","30477","-81","10702","1477"
"72788.970","88477","29431","11844","118","419","-285","-998","539","3742403","-12196830","12011","30478","3","10713","1509"
"72789.970","88305","29417","11891","73","410","-259","-840","537","3742375","-12196703","12170","30481","-29","10724","1506"
"72790.970","88125","29401","11922","46","414","-202","-792","538","3742348","-12196575","12336","30483","-58","10701","1499"
"72791.970","87939","29386","11931","42","408","-316","-946","536","3742319","-12196448","12510","30485","-92","10711","1489"
"72792.970","87756","29374","11934","48","405","-382","-882","537","3742291","-12196319","12690","30491","-42","10702","1482"
"72793.970","87576","29359","11957","37","419","-317","-821","539","3742262","-12196192","12875","30493","-30","10710","1425"
"72794.970","87405","29344","11980","33","423","-248","-839","538","3742233","-12196064","13053","30495","-12","10718","1381"
"72795.970","87245","29330","11997","38","419","-252","-886","537","3742204","-12195935","13227","30496","-29","10714","1361"
"72796.970","87085","29317","12017","46","417","-281","-981","538","3742175","-12195809","13398","30499","-45","10730","1333"
"72797.970","86932","29304","12038","53","405","-163","-838","536","3742145","-12195678","13565","30501","-8","10717","1297"
"72798.970","86784","29287","12081","51","427","-130","-782","538","3742115","-12195550","13725","30497","-15","10728","1264"
"72799.970","86646","29271","12118","57","428","-106","-975","539","3742085","-12195420","13877","30495","-13","10749","1249"
"72800.970","86512","29258","12160","63","435","-100","-805","540","3742055","-12195290","14020","30495","20","10751","1214"
"72801.970","86384","29249","12197","69","417","-168","-1063","538","3742025","-12195160","14154","30499","35","10760","1196"
"72802.970","86259","29238","12228","83","400","-46","-757","537","3741995","-12195028","14281","30499","44","10760","1183"
"72803.970","86130","29226","12295","76","415","-43","-769","540","3741964","-12194896","14403","30499","50","10766","1119"
"72804.970","86009","29216","12348","79","403","-10","-887","535","3741934","-12194763","14520","30501","58","10762","1106"
"72805.970","85898","29206","12401","88","399","61","-881","537","3741903","-12194630","14632","30503","31","10782","1080"
"72806.970","85784","29195","12486","71","402","36","-998","535","3741872","-12194495","14739","30503","56","10775","1054"
"72807.970","85657","29180","12595","50","453","222","-689","542","3741840","-12194361","14840","30500","331","10802","913"
"72808.970","85592","29174","12653","53","374","365","-790","531","3741808","-12194226","14929","30500","1623","10915","917"
"72809.970","85524","29165","12709","71","346","480","-878","529","3741773","-12194090","15013","30498","2360","11160","907"
"72810.970","85444","29160","12789","77","342","611","-770","529","3741735","-12193955","15088","30500","2431","11416","898"
"72811.970","85365","29153","12890","57","321","681","-796","526","3741694","-12193820","15161","30501","2410","11571","828"
"72812.970","85292","29148","12983","62","319","794","-1011","528","3741649","-12193686","15228","30503","2349","11713","791"
"72813.970","85227","29136","13079","70","327","662","-740","527","3741601","-12193554","15290","30498","2247","11886","768"
"72814.970","85175","29132","13178","72","306","595","-761","526","3741549","-12193421","15346","30498","2244","12045","741"
"72815.970","85110","29123","13280","28","296","633","-699","522","3741493","-12193291","15407","30496","2227","12190","717"
"72816.970","85049","29115","13274","11","290","377","-944","520","3741434","-12193161","15457","30494","2033","12329","696"
"72817.970","85011","29115","13236","22","272","330","-1130","520","3741373","-12193035","15498","30497","1815","12471","720"
"72818.970","84957","29107","13230","42","328","377","-727","527","3741309","-12192910","15536","30495","1172","12540","678"
"72819.970","84918","29105","13205","61","329","341","-667","525","3741245","-12192786","15570","30497","915","12578","649"
"72820.970","84882","29103","13209","45","324","200","-807","527","3741178","-12192666","15599","30498","371","12597","618"
"72821.970","84857","29106","13192","52","308","164","-930","524","3741111","-12192543","15624","30504","184","12585","629"
"72822.970","84832","29106","13182","58","307","154","-744","524","3741044","-12192424","15646","30507","99","12586","617"
"72823.970","84816","29104","13199","42","313","57","-745","525","3740976","-12192303","15666","30507","188","12607","604"
"72824.970","84799","29103","13193","54","319","-19","-795","525","3740908","-12192182","15683","30507","115","12619","578"
"72825.970","84794","29105","13207","39","302","-42","-713","526","3740839","-12192062","15697","30509","71","12622","560"
"72826.970","84796","29107","13240","49","298","-43","-722","523","3740770","-12191941","15707","30511","42","12616","585"
"72827.970","84792","29104","13350","76","355","-32","-624","532","3740702","-12191822","15712","30508","14","12646","549"
"72828.970","84784","29101","13459","73","351","-18","-683","531","3740632","-12191700","15715","30506","-61","12635","523"
"72829.970","84785","29101","13562","79","352","-110","-789","531","3740563","-12191577","15717","30507","-11","12641","518"
"72830.970","84786","29101","13679","85","360","-71","-747","531","3740492","-12191455","15718","30507","17","12639","504"
"72831.970","84785","29099","13820","66","355","27","-720","531","3740420","-12191329","15717","30504","57","12655","493"
"72832.970","84778","29099","13921","62","357","-53","-902","531","3740348","-12191204","15717","30505","97","12652","502"
"72833.970","84774","29098","13976","48","353","-12","-943","531","3740275","-12191077","15717","30504","59","12675","510"
"72834.970","84772","29094","14050","25","361","-21","-715","532","3740202","-12190951","15718","30501","59","12667","512"
"72835.970","84765","29089","14121","5","375","-10","-852","534","3740129","-12190825","15721","30495","92","12678","498"
"72836.970","84759","29083","14201","-20","391","131","-776","534","3740054","-12190697","15725","30490","-8","12674","485"
"72837.970","84751","29093","14217","9","374","-9","-728","530","3739980","-12190570","15727","30501","-30","12671","474"
"72838.970","84749","29089","14272","8","378","-210","-935","532","3739906","-12190441","15728","30498","44","12681","473"
"72839.970","84745","29080","14346","-18","397","-65","-796","534","3739830","-12190314","15728","30488","21","12686","452"
"72840.970","84746","29090","14347","0","392","-39","-775","535","3739755","-12190184","15725","30499","79","12687","430"
"72841.970","84753","29099","14330","35","372","-136","-619","531","3739680","-12190057","15720","30507","79","12720","461"
"72842.970","84764","29087","14393","-38","350","-168","-682","528","3739604","-12189926","15717","30494","102","12724","506"
"72843.970","84753","29090","14407","-35","311","-312","-719","522","3739528","-12189799","15715","30498","63","12722","662"
"72844.970","84713","29088","14490","-19","315","-261","-702","524","3739453","-12189669","15717","30500","56","12746","821"
"72845.970","84642","29080","14590","-31","331","-281","-841","526","3739379","-12189538","15730","30499","38","12754","935"
"72846.970","84531","29067","14643","-14","351","-233","-884","530","3739304","-12189408","15762","30496","45","12770","1042"
"72847.970","84398","29060","14676","24","390","-94","-694","533","3739230","-12189279","15808","30503","64","12785","1091"
"72848.970","84240","29050","14696","56","416","52","-731","538","3739156","-12189147","15883","30509","-21","12796","1118"
"72849.970","84076","29032","14717","67","426","59","-816","538","3739082","-12189019","15979","30507","-224","12776","1160"
"72850.970","83887","29017","14721","74","414","-239","-735","537","3739007","-12188886","16068","30511","-484","12744","1230"
"72851.970","83679","29000","14699","86","401","-173","-865","538","3738934","-12188754","16162","30514","-335","12723","1350"
"72852.970","83470","28984","14671","134","451","-29","-702","541","3738863","-12188619","16261","30519","-245","12734","1385"
"72853.970","83235","28962","14673","120","466","-6","-705","544","3738791","-12188484","16364","30521","-209","12721","1332"
"72854.970","83005","28946","14660","135","485","-124","-845","544","3738721","-12188349","16478","30528","-115","12723","1300"
"72855.970","82792","28923","14657","136","496","-85","-775","546","3738651","-12188214","16597","30526","-26","12738","1275"
"72856.970","82582","28899","14656","128","495","-55","-800","544","3738580","-12188080","16719","30523","-170","12727","1262"
"72857.970","82388","28886","14634","150","488","-126","-793","545","3738510","-12187947","16847","30531","-337","12702","1233"
"72858.970","82194","28868","14632","148","483","-137","-856","544","3738438","-12187815","16984","30532","-442","12665","1235"
"72859.970","82002","28849","14613","175","487","-196","-834","546","3738366","-12187681","17141","30532","-455","12644","1239"
"72860.970","81811","28824","14606","192","501","-171","-772","547","3738293","-12187549","17312","30526","-421","12627","1239"
"72861.970","81622","28805","14602","213","525","-158","-853","549","3738221","-12187415","17476","30526","-360","12619","1235"
"72862.970","81425","28784","14606","211","530","-25","-821","550","3738148","-12187281","17652","30525","-263","12621","1213"
"72863.970","81236","28763","14605","214","526","-7","-690","549","3738076","-12187149","17833","30522","-256","12605","1194"
"72864.970","81056","28752","14594","210","493","162","-661","547","3738003","-12187015","18018","30530","-168","12596","1172"
"72865.970","80876","28741","14576","239","480","-92","-809","546","3737930","-12186881","18212","30538","-188","12579","1167"
"72866.970","80701","28736","14544","286","471","-78","-933","547","3737856","-12186749","18413","30551","-169","12589","1171"
"72867.970","80520","28718","14558","293","485","-12","-991","548","3737782","-12186615","18622","30552","-165","12581","1149"
"72868.970","80350","28706","14543","332","488","-112","-935","550","3737706","-12186482","18855","30557","-88","12595","1159"
"72869.970","80179","28690","14560","327","491","15","-762","550","3737630","-12186348","19081","30559","0","12602","1151"
"72870.970","80011","28676","14574","343","511","-3","-856","552","3737554","-12186216","19318","30563","-52","12611","1145"
"72871.970","79842","28665","14548","378","494","96","-786","554","3737475","-12186081","19578","30569","-45","12622","1170"
"72872.970","79668","28656","14533","417","502","227","-736","555","3737399","-12185950","19806","30578","-21","12637","1165"
"72873.970","79499","28645","14524","451","515","273","-745","557","3737324","-12185816","20024","30586","-94","12650","1182"
"72874.970","79320","28623","14515","460","496","362","-704","555","3737249","-12185681","20238","30582","-82","12651","1186"
"72875.970","79138","28606","14516","480","507","332","-629","555","3737174","-12185547","20450","30583","-75","12648","1177"
"72876.970","78968","28592","14530","481","516","304","-555","559","3737099","-12185412","20659","30587","31","12671","1176"
"72877.970","78790","28573","14529","489","510","258","-736","558","3737024","-12185279","20866","30587","114","12681","1194"
"72878.970","78608","28560","14520","512","509","111","-939","559","3736948","-12185145","21074","30593","-47","12690","1196"
"72879.970","78430","28561","14478","572","505","16","-888","561","3736873","-12185010","21280","30614","-109","12688","1212"
"72880.970","78253","28544","14456","604","508","349","-970","562","3736798","-12184876","21487","30616","-194","12703","1205"
"72881.970","78072","28519","14493","575","515","121","-761","562","3736723","-12184741","21693","30609","-273","12676","1213"
"72882.970","77883","28525","14493","590","517","-97","-877","563","3736648","-12184605","21897","30637","-282","12664","1163"
"72883.970","77722","28512","14492","596","498","-316","-757","562","3736574","-12184471","22094","30641","-298","12643","1142"
"72884.970","77567","28486","14502","595","488","-464","-1120","561","3736498","-12184335","22294","30630","-368","12625","1140"
"72885.970","77410","28500","14556","550","494","-381","-1004","560","3736423","-12184200","22493","30663","-361","12594","1136"
"72886.970","77250","28546","14545","596","515","-250","-853","563","3736348","-12184063","22690","30731","-379","12579","1097"
"72887.970","77104","28544","14546","632","528","-414","-834","563","3736273","-12183926","22886","30745","-451","12583","1093"
"72888.970","76963","28537","14578","623","535","-414","-656","563","3736197","-12183788","23080","30754","-391","12560","1087"
"72889.970","76822","28527","14614","599","535","-262","-1028","562","3736123","-12183651","23274","30759","309","12592","1127"
"72890.970","76667","28515","14604","578","480","132","-733","560","3736048","-12183514","23463","30764","1937","12780","1171"
"72891.970","76519","28501","14583","587","459","605","-739","559","3735972","-12183377","23639","30766","3018","13060","1148"
"72892.970","76362","28489","14532","661","456","532","-696","563","3735892","-12183245","23841","30771","3218","13359","1135"
"72893.970","76204","28473","14551","661","474","607","-847","562","3735808","-12183116","24025","30771","3452","13628","1113"
"72894.970","76046","28462","14494","746","461","465","-809","568","3735721","-12182991","24194","30779","3552","13900","1092"
"72895.970","75893","28450","14453","791","431","800","-566","568","3735629","-12182875","24357","30783","3656","14190","1053"
"72896.970","75739","28438","14451","815","419","728","-563","573","3735534","-12182761","24507","30787","3763","14472","1030"
"72897.970","75607","28420","14502","773","423","919","-691","565","3735436","-12182653","24644","30783","4079","14756","961"
"72898.970","75486","28407","14528","805","439","1022","-673","570","3735332","-12182552","24789","30784","4231","15093","906"
"72899.970","75372","28397","14569","846","465","1266","-774","571","3735225","-12182457","24912","30786","4445","15421","825"
"72900.970","75261","28386","14595","865","448","1276","-725","569","3735114","-12182370","25008","30787","4485","15793","778"
"72901.970","75159","28376","14645","867","444","1228","-809","571","3735001","-12182291","25075","30788","4407","16141","758"
"72902.970","75080","28368","14700","902","454","1098","-741","572","3734884","-12182222","25123","30789","4275","16482","734"
"72903.970","74998","28364","14735","933","439","1001","-631","574","3734763","-12182158","25198","30794","4226","16822","736"
"72904.970","74927","28355","14804","955","453","945","-778","573","3734638","-12182106","25269","30793","4133","17159","730"
"72905.970","74849","28349","14855","980","451","874","-602","575","3734512","-12182063","25339","30795","4020","17491","745"
"72906.970","74785","28343","14929","1021","471","645","-747","576","3734385","-12182030","25410","30796","3901","17805","759"
"72907.970","74711","28336","14977","1030","468","567","-630","576","3734255","-12182006","25485","30797","3893","18127","770"
"72908.970","74639","28329","15027","1054","464","649","-748","577","3734124","-12181990","25563","30799","4088","18439","763"
"72909.970","74554","28321","15105","1059","493","471","-1038","578","3733994","-12181983","25641","30800","4097","18795","759"
"72910.970","74474","28312","15164","1049","500","518","-743","578","3733863","-12181987","25721","30799","4169","19109","763"
"72911.970","74395","28306","15221","1089","506","498","-752","579","3733733","-12182001","25791","30802","4122","19464","768"
"72912.970","74313","28300","15282","1104","515","473","-847","580","3733605","-12182025","25851","30805","4104","19797","776"
"72913.970","74234","28293","15334","1115","522","452","-902","580","3733478","-12182057","25921","30807","4075","20125","790"
"72914.970","74134","28292","15379","1117","523","280","-704","580","3733354","-12182100","25984","30817","4050","20461","818"
"72915.970","74016","28279","15430","1133","540","249","-935","581","3733232","-12182151","26046","30818","4018","20820","879"
"72916.970","73919","28271","15468","1164","545","524","-692","582","3733113","-12182213","26123","30820","3966","21166","911"
"72917.970","73816","28280","15473","1163","536","632","-751","582","3732998","-12182283","26224","30843","3917","21494","939"
"72918.970","73714","28276","15475","1145","528","429","-890","581","3732886","-12182365","26348","30850","3709","21784","985"
"72919.970","73580","28260","15484","1161","517","345","-794","581","3732777","-12182452","26477","30849","3616","22071","1020"
"72920.970","73431","28247","15464","1143","510","394","-860","580","3732675","-12182547","26620","30853","3734","22384","1071"
"72921.970","73281","28237","15456","1146","509","369","-825","580","3732575","-12182650","26771","30860","3708","22709","1119"
"72922.970","73118","28229","15413","1121","494","421","-917","579","3732483","-12182758","26931","30871","3598","23002","1172"
"72923.970","72935","28222","15356","1098","473","390","-844","578","3732396","-12182872","27093","30885","3562","23310","1247"
"72924.970","72739","28207","15313","1085","479","350","-883","578","3732316","-12182991","27269","30893","3561","23621","1309"
"72925.970","72535","28190","15259","1081","482","423","-940","578","3732242","-12183116","27442","30899","3589","23931","1385"
"72926.970","72350","28179","15176","1054","479","559","-882","577","3732174","-12183246","27631","30909","3563","24227","1413"
"72927.970","72157","28170","15066","1012","450","675","-964","575","3732112","-12183378","27838","30922","3542","24499","1437"
"72928.970","71954","28150","15017","1022","452","891","-875","575","3732056","-12183518","28080","30925","3561","24760","1417"
"72929.970","71729","28133","14946","1001","458","904","-812","574","3732005","-12183658","28336","30935","3634","25023","1417"
"72930.970","71514","28116","14877","984","458","971","-915","573","3731960","-12183802","28584","30942","3636","25304","1410"
"72931.970","71302","28098","14799","958","441","935","-1040","572","3731921","-12183947","28829","30949","3406","25547","1409"
"72932.970","71105","28089","14686","908","378","1256","-665","569","3731888","-12184096","29075","30964","3273","25758","1370"
"72933.970","70920","28077","14623","881","351","1542","-724","567","3731854","-12184246","29395","30973","3237","25906","1245"
"72934.970","70727","28062","14588","849","353","1442","-703","566","3731828","-12184399","29624","30981","3150","26057","1123"
"72935.970","70555","28050","14552","803","346","1370","-861","564","3731805","-12184552","29865","30989","3052","26255","1086"
"72936.970","70403","28036","14534","764","353","1192","-849","562","3731785","-12184707","30080","30993","2980","26478","1080"
"72937.970","70263","28026","14541","752","362","1003","-902","562","3731769","-12184865","30304","30999","2951","26686","1066"
"72938.970","70135","28013","14537","729","365","951","-969","561","3731748","-12185026","30578","31001","2976","26904","1049"
"72939.970","70011","28000","14536","705","369","1040","-800","559","3731737","-12185189","30829","31002","2993","27116","1026"
"72940.970","69890","27989","14549","692","380","1001","-946","558","3731734","-12185347","31054","31006","2994","27335","1008"
"72941.970","69773","27979","14586","701","415","946","-728","560","3731739","-12185508","31245","31010","3010","27542","993"
"72942.970","69662","27968","14620","708","435","893","-810","561","3731743","-12185671","31482","31011","3005","27757","993"
"72943.970","69554","27957","14652","712","440","886","-737","562","3731751","-12185833","31733","31012","3021","27982","982"
"72944.970","69445","27950","14673","700","411","964","-715","560","3731761","-12185999","32018","31019","3052","28208","970"
"72945.970","69329","27944","14660","650","397","820","-854","558","3731765","-12186167","32435","31027","3086","28457","964"
"72946.970","69220","27932","14681","641","407","714","-834","557","3731785","-12186331","32704","31028","3142","28674","956"
"72947.970","69118","27930","14720","640","375","883","-786","556","3731810","-12186492","32974","31038","3092","28900","928"
"72948.970","69015","27917","14793","671","366","711","-781","557","3731840","-12186654","33248","31038","3029","29116","911"
"72949.970","68921","27901","14855","693","363","770","-808","558","3731869","-12186817","33570","31032","3013","29306","887"
"72950.970","68829","27890","14883","677","367","763","-847","558","3731907","-12186975","33843","31031","2966","29518","859"
"72951.970","68742","27877","14917","662","371","804","-812","557","3731952","-12187134","34104","31028","2839","29706","846"
"72952.970","68658","27870","14968","659","362","831","-894","556","3732001","-12187287","34354","31031","2754","29898","832"
"72953.970","68577","27862","15035","670","352","791","-887","557","3732047","-12187445","34651","31033","2718","30084","819"
"72954.970","68501","27853","15076","658","358","768","-872","556","3732111","-12187596","34864","31032","2671","30266","808"
"72955.970","68424","27846","15116","641","357","809","-785","555","3732170","-12187750","35200","31034","2425","30439","812"
"72956.970","68347","27840","15151","618","361","692","-1047","554","3732244","-12187894","35366","31038","2244","30588","811"
"72957.970","68273","27846","15175","597","381","612","-914","554","3732330","-12188030","35444","31054","2107","30729","817"
"72958.970","68195","27861","15191","523","346","549","-819","547","3732417","-12188165","35556","31081","1651","30850","822"
"72959.970","68114","27860","15211","475","339","436","-923","546","3732505","-12188299","35708","31091","1448","30956","845"
"72960.970","68032","27859","15240","425","309","420","-977","539","3732596","-12188430","35854","31100","1197","31056","862"
"72961.970","67943","27859","15272","396","297","424","-766","537","3732695","-12188555","35917","31112","1064","31141","881"
"72962.970","67861","27851","15313","421","326","336","-679","540","3732802","-12188679","35929","31113","680","31168","905"
"72963.970","67766","27841","15355","443","350","175","-803","545","3732913","-12188799","35921","31115","180","31149","909"
"72964.970","67668","27830","15410","460","342","189","-670","545","3733025","-12188917","35901","31115","31","31137","868"
"72965.970","67571","27819","15468","476","335","234","-832","545","3733138","-12189035","35881","31116","61","31137","861"
"72966.970","67480","27810","15513","493","347","260","-753","546","3733250","-12189154","35863","31118","206","31163","873"
"72967.970","67393","27804","15575","526","348","333","-833","549","3733358","-12189276","35885","31123","196","31182","894"
"72968.970","67295","27793","15621","536","345","164","-817","549","3733467","-12189395","35912","31123","123","31189","901"
"72969.970","67199","27780","15644","516","333","265","-736","545","3733576","-12189517","35941","31121","148","31208","907"
"72970.970","67098","27766","15677","505","320","282","-687","547","3733686","-12189636","35974","31119","179","31248","909"
"72971.970","66995","27753","15720","513","310","83","-743","544","3733796","-12189759","36012","31118","223","31265","926"
"72972.970","66883","27741","15799","561","283","334","-958","547","3733905","-12189878","36055","31119","294","31290","918"
"72973.970","66778","27730","15836","549","252","561","-887","546","3734019","-12189997","36078","31121","915","31365","904"
"72974.970","66676","27719","15850","532","254","573","-902","543","3734133","-12190115","36097","31122","1034","31461","903"
"72975.970","66571","27706","15873","533","263","627","-768","545","3734245","-12190234","36152","31122","1031","31530","895"
"72976.970","66462","27692","15909","533","255","541","-823","544","3734355","-12190351","36231","31121","1038","31598","888"
"72977.970","66358","27678","15944","539","256","692","-853","547","3734464","-12190470","36333","31119","1221","31684","849"
"72978.970","66256","27666","15959","526","268","941","-864","544","3734574","-12190586","36435","31119","1642","31781","818"
"72979.970","66164","27656","15994","529","276","1052","-848","545","3734684","-12190699","36537","31120","1963","31931","812"
"72980.970","66075","27645","16039","542","283","985","-730","547","3734797","-12190812","36638","31119","2046","32069","802"
"72981.970","65983","27634","16055","510","287","964","-876","545","3734912","-12190921","36738","31120","2040","32206","807"
"72982.970","65895","27623","16092","509","291","939","-816","544","3735029","-12191029","36839","31119","2102","32356","797"
"72983.970","65808","27612","16125","509","300","1014","-774","545","3735147","-12191132","36947","31118","2242","32487","784"
"72984.970","65720","27601","16163","507","303","1097","-692","546","3735268","-12191231","37057","31118","2239","32643","769"
"72985.970","65635","27590","16209","494","293","1015","-900","543","3735391","-12191329","37163","31117","2235","32781","766"
"72986.970","65545","27580","16229","503","326","981","-822","545","3735516","-12191423","37271","31118","2253","32939","770"
"72987.970","65450","27569","16280","517","319","969","-762","546","3735643","-12191512","37379","31118","2334","33105","825"
"72988.970","65347","27559","16283","503","341","799","-861","546","3735773","-12191598","37496","31121","2325","33297","883"
"72989.970","65244","27546","16305","511","343","899","-687","547","3735905","-12191679","37624","31121","2343","33468","910"
"72990.970","65141","27533","16313","493","341","1003","-774","544","3736039","-12191754","37764","31119","2382","33621","925"
"72991.970","65023","27520","16318","475","343","964","-843","544","3736177","-12191825","37891","31121","2377","33794","940"
"72992.970","64905","27507","16333","461","333","913","-730","542","3736317","-12191890","38023","31123","2374","33958","948"
"72993.970","64784","27493","16332","442","337","943","-953","541","3736458","-12191951","38159","31124","2320","34111","952"
"72994.970","64667","27480","16339","433","338","869","-947","541","3736600","-12192009","38302","31125","2227","34257","949"
"72995.970","64546","27468","16343","422","340","889","-917","541","3736742","-12192060","38453","31128","2093","34393","960"
"72996.970","64419","27458","16335","401","351","884","-761","539","3736886","-12192109","38605","31134","2016","34525","960"
"72997.970","64285","27447","16318","401","377","680","-1039","541","3737030","-12192154","38761","31140","1742","34653","1017"
"72998.970","64140","27436","16301","426","398","592","-896","544","3737177","-12192194","38916","31147","1547","34754","1090"
"72999.970","63985","27423","16280","457","413","490","-764","546","3737323","-12192229","39080","31154","1373","34845","1171"
"73000.970","63823","27409","16253","440","408","542","-795","545","3737470","-12192261","39250","31162","1241","34937","1238"
"73001.970","63662","27395","16216","392","400","548","-750","542","3737616","-12192294","39434","31167","1144","35027","1270"
"73002.970","63484","27376","16177","361","394","451","-809","540","3737763","-12192321","39637","31171","841","35100","1311"
"73003.970","63288","27358","16133","340","391","304","-801","538","3737909","-12192344","39858","31178","483","35124","1359"
"73004.970","63088","27339","16080","319","386","265","-815","537","3738055","-12192369","40053","31185","363","35152","1385"
"73005.970","62888","27320","16035","273","369","264","-960","533","3738199","-12192392","40250","31191","350","35190","1389"
"73006.970","62689","27300","16010","236","334","226","-957","527","3738344","-12192414","40457","31196","339","35236","1381"
"73007.970","62480","27282","15953","208","332","226","-850","525","3738488","-12192434","40675","31206","302","35259","1390"
"73008.970","62279","27291","15945","112","271","206","-757","511","3738632","-12192453","40904","31245","155","35305","1359"
"73009.970","62086","27323","15948","23","209","231","-840","500","3738777","-12192471","41179","31309","109","35358","1300"
"73010.970","61895","27318","15932","4","178","270","-764","491","3738920","-12192487","41445","31331","119","35384","1289"
"73011.970","61711","27295","15958","16","111","414","-601","473","3739063","-12192504","41694","31331","197","35395","1270"
"73012.970","61533","27277","15943","-61","80","321","-834","470","3739206","-12192520","41943","31337","172","35432","1254"
"73013.970","61363","27260","15926","-21","72","210","-702","461","3739348","-12192540","42175","31341","217","35461","1243"
"73014.970","61196","27239","15893","-58","65","298","-593","459","3739490","-12192554","42403","31342","177","35461","1244"
"73015.970","61027","27222","15862","-101","63","204","-1348","466","3739632","-12192569","42629","31347","-81","35498","1250"
"73016.970","60860","27202","15844","-109","50","146","-775","472","3739773","-12192585","42853","31348","-61","35483","1245"
"73017.970","60698","27182","15823","-121","38","202","-715","481","3739915","-12192601","43076","31350","-41","35498","1207"
"73018.970","60535","27162","15783","-129","52","296","-863","482","3740056","-12192616","43301","31351","-14","35502","1203"
"73019.970","60375","27151","15747","-150","63","275","-843","483","3740197","-12192630","43522","31361","-7","35517","1205"
"73020.970","60216","27135","15736","-155","54","159","-817","486","3740337","-12192646","43739","31367","37","35537","1195"
"73021.970","60063","27120","15732","-140","36","230","-922","478","3740477","-12192659","43951","31372","112","35547","1200"
"73022.970","59912","27098","15712","-149","33","297","-856","484","3740617","-12192673","44158","31369","98","35562","1198"
"73023.970","59760","27086","15667","-168","58","204","-1004","490","3740757","-12192686","44364","31378","65","35583","1198"
"73024.970","59605","27085","15639","-146","69","160","-831","483","3740898","-12192701","44568","31401","68","35584","1206"
"73025.970","59458","27100","15632","-176","51","188","-854","491","3741038","-12192713","44771","31440","42","35587","1206"
"73026.970","59316","27098","15660","-204","0","180","-1013","495","3741178","-12192725","44976","31459","-13","35625","1210"
"73027.970","59166","27086","15639","-201","-1","185","-801","497","3741317","-12192736","45180","31467","-4","35622","1211"
"73028.970","59021","27085","15601","-147","21","116","-875","482","3741457","-12192749","45384","31489","-13","35613","1199"
"73029.970","58876","27075","15554","-106","50","85","-1026","470","3741596","-12192762","45586","31499","-31","35589","1194"
"73030.970","58735","27064","15521","-84","65","58","-748","470","3741735","-12192773","45788","31508","-61","35588","1191"
"73031.970","58590","27047","15512","-69","59","16","-951","461","3741875","-12192784","45992","31510","-57","35584","1192"
"73032.970","58452","27032","15488","-60","65","31","-1051","459","3742014","-12192794","46198","31514","-82","35583","1187"
"73033.970","58318","27015","15477","-52","62","116","-953","454","3742152","-12192805","46400","31515","-92","35581","1155"
"73034.970","58184","27000","15460","-21","71","110","-792","451","3742291","-12192816","46599","31519","-88","35564","1132"
"73035.970","58052","26985","15440","-1","85","110","-755","454","3742429","-12192829","46794","31522","-69","35564","1130"
"73036.970","57932","26970","15431","10","91","203","-989","459","3742566","-12192839","46985","31523","-21","35570","1053"
"73037.970","57817","26957","15427","37","105","276","-723","466","3742705","-12192850","47170","31525","15","35554","1004"
"73038.970","57713","26945","15444","55","104","172","-932","468","3742844","-12192860","47346","31527","-42","35557","976"
"73039.970","57612","26936","15445","91","126","145","-833","480","3742986","-12192870","47512","31532","1","35554","959"
"73040.970","57518","26922","15481","101","112","191","-869","475","3743126","-12192879","47669","31531","-11","35547","942"
"73041.970","57427","26911","15492","125","129","161","-668","487","3743270","-12192885","47854","31532","-39","35554","942"
"73042.970","57340","26898","15528","152","119","221","-780","489","3743412","-12192894","48008","31531","-2","35543","926"
"73043.970","57254","26894","15540","221","141","189","-614","508","3743553","-12192904","48142","31539","21","35557","915"
"73044.970","57165","26897","15512","266","199","171","-829","516","3743695","-12192913","48264","31556","12","35527","937"
"73045.970","57080","26890","15514","280","223","205","-734","518","3743837","-12192923","48371","31562","-16","35531","938"
"73046.970","56997","26883","15518","314","247","222","-780","524","3743978","-12192933","48457","31567","9","35529","940"
"73047.970","56907","26877","15516","324","273","215","-880","525","3744119","-12192942","48550","31574","18","35526","955"
"73048.970","56823","26872","15520","331","292","238","-733","529","3744261","-12192954","48654","31581","14","35528","954"
"73049.970","56742","26862","15555","343","282","228","-1014","528","3744403","-12192961","48759","31583","51","35548","934"
"73050.970","56654","26853","15571","332","290","162","-812","528","3744548","-12192970","48850","31586","74","35555","934"
"73051.970","56572","26843","15595","324","291","141","-842","527","3744691","-12192979","48954","31588","4","35569","926"
"73052.970","56486","26834","15619","307","293","126","-1016","526","3744833","-12192987","49060","31591","-43","35573","918"
"73053.970","56407","26824","15641","286","295","111","-876","526","3744976","-12192995","49169","31592","-46","35577","922"
"73054.970","56324","26815","15671","283","292","73","-722","522","3745120","-12193005","49278","31594","-45","35587","913"
"73055.970","56242","26806","15700","278","288","131","-754","524","3745263","-12193013","49387","31597","-36","35596","913"
"73056.970","56163","26797","15740","269","272","129","-913","523","3745406","-12193021","49499","31599","-52","35599","922"
"73057.970","56080","26792","15753","294","284","126","-994","523","3745550","-12193031","49611","31607","31","35608","930"
"73058.970","55998","26788","15742","326","322","92","-920","529","3745694","-12193038","49726","31615","14","35608","935"
"73059.970","55907","26785","15772","327","313","55","-741","529","3745839","-12193045","49842","31626","-27","35594","955"
"73060.970","55824","26782","15804","309","297","104","-903","527","3745982","-12193053","49960","31636","21","35617","950"
"73061.970","55737","26777","15836","291","281","150","-868","523","3746127","-12193061","50080","31644","24","35640","961"
"73062.970","55650","26772","15876","261","254","163","-797","519","3746272","-12193068","50202","31652","-46","35648","966"
"73063.970","55557","26766","15900","228","242","191","-937","515","3746416","-12193076","50327","31661","-17","35657","972"
"73064.970","55470","26760","15928","223","226","210","-916","513","3746561","-12193083","50454","31667","-56","35671","966"
"73065.970","55375","26756","15941","223","226","215","-1126","513","3746707","-12193090","50581","31678","-48","35673","974"
"73066.970","55283","26750","15944","233","234","215","-867","515","3746851","-12193096","50711","31687","-70","35676","976"
"73067.970","55185","26743","15974","223","215","226","-791","512","3746997","-12193102","50843","31694","-70","35682","977"
"73068.970","55086","26741","15991","219","207","244","-909","510","3747143","-12193109","50978","31707","-40","35690","968"
"73069.970","54997","26736","16006","219","204","240","-776","511","3747287","-12193116","51116","31716","-55","35692","966"
"73070.970","54900","26731","16016","215","205","213","-871","510","3747433","-12193121","51255","31726","-174","35689","965"
"73071.970","54808","26725","16017","206","216","181","-827","510","3747578","-12193126","51390","31734","-248","35678","961"
"73072.970","54712","26717","16033","202","211","147","-961","509","3747723","-12193136","51525","31741","-278","35669","961"
"73073.970","54622","26708","16040","181","214","158","-898","506","3747870","-12193141","51659","31746","-258","35666","952"
"73074.970","54530","26700","16054","176","213","82","-897","506","3748015","-12193150","51792","31751","-288","35660","951"
"73075.970","54438","26695","16069","175","209","96","-921","505","3748161","-12193156","51923","31760","-201","35654","945"
"73076.970","54353","26690","16082","155","208","155","-876","503","3748307","-12193165","52052","31768","-54","35674","938"
"73077.970","54267","26684","16088","144","215","186","-819","503","3748453","-12193171","52180","31776","-10","35690","930"
"73078.970","54184","26677","16100","157","218","200","-907","505","3748599","-12193179","52306","31781","34","35700","933"
"73079.970","54098","26668","16112","173","221","237","-885","507","3748746","-12193186","52432","31785","16","35701","933"
"73080.970","54011","26658","16133","184","215","238","-1095","507","3748892","-12193193","52558","31788","-12","35703","933"
"73081.970","53924","26650","16156","196","207","296","-780","507","3749039","-12193199","52684","31793","31","35711","930"
"73082.970","53841","26643","16186","186","190","278","-829","504","3749186","-12193206","52809","31798","15","35714","919"
"73083.970","53750","26635","16212","172","178","206","-880","502","3749333","-12193211","52934","31804","2","35727","920"
"73084.970","53667","26627","16230","154","175","220","-757","499","3749480","-12193219","53058","31809","-24","35740","917"
"73085.970","53582","26618","16247","145","172","225","-955","496","3749628","-12193224","53182","31812","-54","35751","918"
"73086.970","53498","26609","16266","136","168","249","-839","495","3749775","-12193230","53305","31816","-43","35756","912"
"73087.970","53416","26599","16281","146","168","217","-800","497","3749922","-12193235","53428","31818","-52","35762","910"
"73088.970","53332","26588","16298","151","167","168","-970","497","3750070","-12193240","53550","31819","-55","35760","908"
"73089.970","53246","26577","16315","163","165","143","-888","498","3750218","-12193245","53672","31821","-55","35765","915"
"73090.970","53164","26565","16327","171","167","146","-872","500","3750366","-12193251","53794","31821","-42","35762","910"
"73091.970","53079","26555","16342","193","167","124","-755","501","3750514","-12193255","53917","31823","-56","35765","918"
"73092.970","52997","26545","16361","214","162","113","-910","504","3750662","-12193259","54040","31825","-193","35746","920"
"73093.970","52908","26534","16379","230","157","45","-801","505","3750811","-12193264","54165","31826","-333","35723","935"
"73094.970","52819","26523","16392","247","154","10","-879","507","3750959","-12193270","54292","31829","-360","35699","947"
"73095.970","52731","26515","16404","271","150","10","-782","510","3751108","-12193275","54422","31834","-318","35680","956"
"73096.970","52642","26505","16405","269","154","-16","-892","510","3751256","-12193280","54555","31838","-274","35673","965"
"73097.970","52550","26495","16407","259","155","-33","-1062","509","3751404","-12193288","54690","31842","-261","35669","969"
"73098.970","52457","26483","16407","247","157","-27","-864","508","3751404","-12193288","54690","31844","-258","35663","973"
"73099.970","52363","26472","16407","227","158","29","-844","506","3751553","-12193295","54826","31847","-124","35673","968"
"73100.970","52272","26460","16405","217","161","79","-928","504","3751701","-12193301","54964","31848","-29","35691","973"
"73101.970","52176","26448","16405","217","164","71","-994","504","3751999","-12193314","55242","31850","-35","35700","988"
"73102.970","52082","26438","16396","200","171","110","-941","503","3751999","-12193314","55242","31855","-28","35707","990"
"73103.970","51988","26428","16389","176","177","115","-824","501","3752147","-12193322","55383","31859","-46","35725","992"
"73104.970","51889","26415","16388","174","177","151","-796","500","3752295","-12193327","55526","31860","16","35733","997"
"73105.970","51794","26402","16379","165","183","155","-898","500","3752444","-12193335","55669","31862","71","35751","1001"
"73106.970","51695","26390","16370","165","191","178","-936","501","3752592","-12193340","55814","31865","94","35772","1003"
"73107.970","51597","26382","16372","197","188","229","-931","505","3752741","-12193345","55960","31872","113","35770","1007"
"73108.970","51504","26371","16373","216","183","291","-818","506","3752889","-12193351","56107","31876","107","35774","1003"
"73109.970","51404","26359","16377","228","178","272","-1035","506","3753038","-12193354","56255","31878","96","35789","1008"
"73110.970","51308","26346","16380","235","172","242","-817","507","3753186","-12193359","56403","31880","102","35792","1009"
"73111.970","51211","26333","16378","240","171","213","-1008","508","3753334","-12193363","56551","31882","82","35808","1007"
"73112.970","51113","26321","16375","247","171","181","-819","507","3753483","-12193367","56700","31885","91","35815","1007"
"73113.970","51010","26310","16370","248","172","192","-1024","508","3753631","-12193370","56848","31890","102","35830","1015"
"73114.970","50917","26299","16365","231","172","255","-834","507","3753779","-12193372","56996","31893","112","35848","1006"
"73115.970","50823","26287","16361","227","174","313","-858","505","3753928","-12193374","57144","31895","119","35867","997"
"73116.970","50725","26274","16356","247","177","281","-818","509","3754076","-12193376","57292","31898","125","35874","1002"
"73117.970","50631","26264","16355","251","175","271","-969","509","3754224","-12193378","57438","31901","134","35889","1003"
"73118.970","50537","26257","16356","232","173","263","-937","505","3754372","-12193378","57584","31911","117","35909","994"
"73119.970","50442","26254","16340","258","190","228","-789","511","3754521","-12193378","57728","31924","90","35914","990"
"73120.970","50349","26244","16342","258","186","198","-843","509","3754669","-12193378","57872","31929","67","35917","978"
"73121.970","50260","26234","16333","250","197","228","-771","510","3754817","-12193376","58014","31933","87","35939","966"
"73122.970","50172","26227","16317","262","215","287","-905","513","3754966","-12193376","58154","31939","30","35940","967"
"73123.970","50077","26217","16317","285","222","152","-939","515","3755114","-12193374","58293","31945","-406","35906","971"
"73124.970","49982","26209","16313","304","228","89","-894","518","3755262","-12193372","58428","31953","-486","35855","989"
"73125.970","49886","26201","16313","329","229","36","-887","519","3755411","-12193371","58564","31960","-492","35832","999"
"73126.970","49796","26194","16306","358","235","26","-806","524","3755559","-12193371","58700","31968","-445","35802","1006"
"73127.970","49707","26186","16297","391","242","49","-940","526","3755708","-12193371","58838","31974","-392","35779","1009"
"73128.970","49619","26177","16291","400","244","76","-1001","526","3755856","-12193372","58978","31980","-337","35764","1009"
"73129.970","49527","26167","16273","407","259","90","-903","528","3756004","-12193374","59119","31984","-318","35754","1011"
"73130.970","49436","26155","16270","404","258","98","-912","527","3756152","-12193374","59260","31986","-347","35739","1008"
"73131.970","49342","26145","16262","419","265","55","-928","529","3756301","-12193378","59402","31992","-373","35723","1016"
"73132.970","49250","26136","16249","448","275","42","-874","532","3756449","-12193380","59544","31998","-334","35700","1020"
"73133.970","49158","26127","16231","452","288","70","-795","531","3756597","-12193382","59687","32003","-289","35688","1020"
"73134.970","49071","26117","16211","449","304","74","-874","532","3756745","-12193386","59829","32009","-238","35688","1012"
"73135.970","48985","26106","16200","447","312","84","-790","533","3756893","-12193390","59971","32010","-210","35683","1009"
"73136.970","48902","26095","16188","439","322","90","-829","533","3757041","-12193393","60112","32012","-209","35685","997"
"73137.970","48809","26082","16191","435","319","106","-726","532","3757189","-12193396","60251","32014","-191","35680","991"
"73138.970","48724","26070","16185","430","325","154","-976","532","3757337","-12193403","60389","32015","-184","35683","988"
"73139.970","48650","26059","16179","424","335","188","-949","532","3757485","-12193406","60526","32015","-191","35678","948"
"73140.970","48563","26046","16185","426","337","148","-819","533","3757633","-12193411","60659","32017","-216","35673","945"
"73141.970","48478","26034","16196","427","335","127","-857","532","3757780","-12193416","60790","32018","-223","35666","945"
"73142.970","48403","26023","16200","436","340","146","-955","533","3757928","-12193421","60917","32018","-211","35660","936"
"73143.970","48323","26012","16208","439","343","175","-859","533","3758076","-12193425","61040","32020","-186","35655","939"
"73144.970","48251","26002","16208","445","353","195","-796","534","3758225","-12193431","61159","32021","-149","35655","931"
"73145.970","48176","25992","16211","446","361","211","-821","535","3758373","-12193436","61275","32023","-121","35659","928"
"73146.970","48103","25981","16226","447","357","223","-1121","535","3758522","-12193441","61391","32022","-87","35659","922"
"73147.970","48028","25969","16235","451","360","194","-852","535","3758671","-12193446","61504","32023","-88","35661","926"
"73148.970","47951","25958","16252","447","355","174","-933","535","3758819","-12193451","61617","32023","-80","35664","937"
"73149.970","47879","25946","16263","453","353","193","-1036","535","3758968","-12193457","61730","32023","-57","35668","934"
"73150.970","47811","25935","16272","460","355","241","-901","535","3759117","-12193461","61845","32023","-27","35674","921"
"73151.970","47735","25924","16286","460","353","240","-805","535","3759267","-12193465","61959","32023","-11","35681","918"
"73152.970","47664","25913","16299","462","353","274","-953","535","3759416","-12193470","62073","32023","7","35690","912"
"73153.970","47596","25902","16313","465","352","290","-797","535","3759565","-12193475","62185","32023","20","35695","904"
"73154.970","47526","25891","16325","466","353","322","-896","535","3759715","-12193480","62297","32022","22","35706","894"
"73155.970","47458","25881","16339","471","356","330","-910","536","3759865","-12193483","62408","32023","37","35714","887"
"73156.970","47388","25870","16355","477","356","326","-887","536","3760014","-12193486","62517","32023","20","35719","893"
"73157.970","47319","25860","16382","467","344","352","-775","535","3760164","-12193490","62625","32025","-36","35727","884"
"73158.970","47252","25852","16411","462","331","372","-798","534","3760314","-12193494","62732","32026","-32","35729","878"
"73159.970","47187","25842","16429","455","330","391","-985","534","3760464","-12193496","62838","32027","-21","35741","872"
"73160.970","47120","25833","16448","451","329","392","-889","533","3760614","-12193499","62943","32029","-8","35747","868"
"73161.970","47055","25824","16467","444","328","433","-852","533","3760765","-12193501","63047","32030","-2","35757","866"
"73162.970","46991","25816","16484","423","327","433","-792","531","3760915","-12193504","63150","32032","-46","35769","864"
"73163.970","46925","25805","16505","413","325","427","-945","530","3761067","-12193506","63253","32033","-108","35770","867"
"73164.970","46861","25796","16521","407","326","470","-870","530","3761218","-12193508","63356","32034","-179","35763","862"
"73165.970","46792","25787","16535","411","330","442","-879","530","3761369","-12193510","63459","32035","-228","35757","873"
"73166.970","46728","25778","16547","413","333","457","-868","530","3761521","-12193514","63563","32037","-235","35743","878"
"73167.970","46660","25769","16561","408","334","471","-818","530","3761672","-12193515","63668","32040","-243","35743","887"
"73168.970","46593","25760","16568","422","340","474","-964","531","3761824","-12193517","63775","32042","-219","35729","892"
"73169.970","46525","25752","16574","434","347","444","-892","533","3761976","-12193521","63884","32044","-210","35723","899"
"73170.970","46453","25742","16583","449","349","421","-988","533","3762128","-12193523","63995","32046","-187","35714","907"
"73171.970","46390","25732","16591","466","350","399","-858","534","3762280","-12193525","64107","32046","-170","35707","911"
"73172.970","46310","25720","16602","484","349","369","-966","536","3762432","-12193530","64222","32048","-161","35698","921"
"73173.970","46246","25710","16605","490","352","409","-980","536","3762584","-12193534","64338","32047","-161","35695","926"
"73174.970","46180","25699","16609","488","355","430","-781","536","3762736","-12193536","64457","32046","-160","35692","912"
"73175.970","46104","25687","16623","489","348","376","-850","536","3762888","-12193540","64576","32047","-171","35688","914"
"73176.970","46031","25676","16627","487","352","370","-948","536","3763040","-12193544","64695","32047","-168","35686","918"
"73177.970","45957","25664","16636","486","350","366","-739","535","3763193","-12193547","64815","32048","-164","35683","916"
"73178.970","45885","25653","16642","489","351","361","-880","536","3763345","-12193551","64934","32048","-151","35685","919"
"73179.970","45810","25641","16648","489","351","413","-791","535","3763497","-12193555","65054","32048","-75","35687","917"
"73180.970","45731","25629","16650","500","355","410","-845","536","3763650","-12193560","65173","32049","-45","35694","941"
"73181.970","45663","25619","16650","499","359","430","-1013","536","3763803","-12193562","65294","32050","-79","35695","938"
"73182.970","45592","25608","16654","495","360","424","-948","536","3763955","-12193566","65416","32051","-99","35697","928"
"73183.970","45510","25596","16661","501","356","418","-888","536","3764108","-12193570","65539","32052","-76","35696","940"
"73184.970","45440","25585","16663","495","357","395","-797","536","3764260","-12193575","65663","32053","-90","35702","943"
"73185.970","45361","25573","16666","491","356","415","-793","536","3764413","-12193576","65789","32053","-89","35704","945"
"73186.970","45282","25562","16674","502","349","445","-863","536","3764565","-12193580","65914","32055","-66","35705","952"
"73187.970","45208","25551","16673","496","351","438","-935","536","3764719","-12193584","66042","32057","-40","35712","951"
"73188.970","45132","25539","16668","494","356","454","-736","536","3764871","-12193586","66170","32057","-16","35722","945"
"73189.970","45056","25527","16667","493","358","463","-949","536","3765024","-12193591","66298","32057","3","35729","950"
"73190.970","44980","25515","16665","491","360","480","-906","536","3765176","-12193594","66427","32058","24","35740","946"
"73191.970","44904","25504","16668","490","359","469","-809","535","3765329","-12193596","66555","32059","50","35751","944"
"73192.970","44824","25491","16668","491","361","434","-919","536","3765482","-12193599","66683","32060","84","35768","951"
"73193.970","44740","25481","16679","475","349","420","-787","534","3765635","-12193600","66811","32063","117","35784","954"
"73194.970","44663","25470","16691","468","336","454","-908","533","3765788","-12193602","66939","32066","83","35806","958"
"73195.970","44589","25459","16696","481","330","477","-840","533","3765940","-12193605","67068","32068","27","35800","956"
"73196.970","44508","25447","16703","476","323","441","-925","533","3766093","-12193605","67198","32069","-46","35806","958"
"73197.970","44429","25436","16717","480","308","404","-876","533","3766246","-12193605","67329","32071","-46","35805","964"
"73198.970","44355","25425","16735","483","287","404","-917","532","3766398","-12193605","67459","32073","-23","35810","956"
"73199.970","44286","25415","16742","472","278","430","-787","531","3766551","-12193605","67590","32074","-37","35821","949"
"73200.970","44216","25403","16747","475","274","465","-922","531","3766704","-12193605","67721","32074","-56","35819","924"
"73201.970","44145","25392","16754","480","271","454","-935","531","3766857","-12193605","67850","32075","-73","35819","904"
"73202.970","44080","25382","16769","477","263","471","-766","530","3767009","-12193605","67977","32075","-79","35821","870"
"73203.970","44010","25371","16794","486","250","468","-831","531","3767162","-12193605","68101","32076","-68","35821","848"
"73204.970","43944","25361","16818","502","241","414","-789","531","3767314","-12193605","68219","32077","-33","35825","834"
"73205.970","43878","25351","16845","516","231","394","-908","532","3767467","-12193605","68328","32078","-11","35829","830"
"73206.970","43822","25341","16863","518","231","374","-1002","532","3767621","-12193605","68428","32077","-2","35836","826"
"73207.970","43765","25332","16877","508","235","360","-810","531","3767774","-12193602","68523","32078","-10","35842","820"
"73208.970","43706","25323","16906","497","224","362","-902","530","3767928","-12193600","68614","32079","-21","35857","822"
"73209.970","43654","25314","16927","497","221","377","-988","530","3768083","-12193600","68703","32078","-19","35860","814"
"73210.970","43599","25305","16951","501","217","350","-769","530","3768237","-12193598","68791","32079","-29","35863","813"
"73211.970","43548","25296","16965","501","222","336","-952","530","3768392","-12193596","68880","32078","-30","35869","809"
"73212.970","43492","25288","16982","507","225","358","-787","531","3768546","-12193595","68970","32080","-24","35873","804"
"73213.970","43445","25280","17009","505","217","341","-855","531","3768701","-12193592","69059","32080","-32","35881","797"
"73214.970","43389","25272","17039","495","208","319","-813","529","3768856","-12193589","69148","32081","-35","35890","796"
"73215.970","43336","25264","17056","486","211","293","-882","529","3769011","-12193586","69235","32082","-34","35895","797"
"73216.970","43285","25256","17087","485","200","259","-1004","529","3769166","-12193586","69323","32083","-29","35903","798"
"73217.970","43232","25248","17120","486","185","257","-960","527","3769322","-12193581","69411","32084","-26","35907","800"
"73218.970","43184","25240","17144","489","181","267","-865","528","3769477","-12193580","69499","32084","-28","35913","796"
"73219.970","43132","25233","17161","483","182","236","-935","528","3769633","-12193576","69588","32085","-28","35917","799"
"73220.970","43079","25225","17189","480","172","222","-814","527","3769788","-12193575","69678","32086","-38","35927","800"
"73221.970","43029","25216","17211","479","168","210","-1008","527","3769945","-12193570","69767","32086","-42","35927","801"
"73222.970","42979","25208","17215","478","181","202","-975","526","3770101","-12193566","69857","32086","-53","35933","799"
"73223.970","42927","25201","17233","471","179","191","-852","526","3770258","-12193562","69948","32088","-59","35936","800"
"73224.970","42872","25192","17256","461","173","182","-1009","525","3770414","-12193560","70038","32089","-66","35944","801"
"73225.970","42820","25184","17268","458","178","210","-898","525","3770571","-12193557","70129","32089","-68","35948","800"
"73226.970","42770","25176","17293","446","169","187","-821","524","3770728","-12193553","70220","32091","-73","35951","800"
"73227.970","42714","25167","17317","436","160","201","-866","523","3770884","-12193547","70312","32091","-77","35959","801"
"73228.970","42661","25159","17333","426","159","213","-933","521","3771042","-12193544","70404","32093","-76","35962","800"
"73229.970","42609","25151","17356","413","151","281","-808","521","3771199","-12193540","70496","32094","-79","35968","792"
"73230.970","42556","25143","17386","392","136","292","-829","518","3771357","-12193536","70588","32094","-84","35979","793"
"73231.970","42502","25134","17409","389","130","343","-821","515","3771514","-12193531","70680","32094","-70","35982","790"
"73232.970","42450","25127","17429","388","125","247","-735","518","3771672","-12193526","70773","32096","-60","35985","792"
"73233.970","42396","25120","17458","375","111","254","-670","515","3771830","-12193521","70865","32099","-47","35995","795"
"73234.970","42348","25111","17484","373","99","353","-923","515","3771987","-12193517","70958","32098","-19","4","788"
"73235.970","42296","25104","17493","363","104","320","-687","514","3772146","-12193514","71051","32100","-38","8","783"
"73236.970","42237","25093","17504","352","109","418","-1002","513","3772304","-12193508","71143","32100","-91","13","787"
"73237.970","42181","25085","17526","332","101","439","-781","511","3772463","-12193502","71236","32101","-97","19","789"
"73238.970","42113","25076","17571","307","69","360","-729","505","3772621","-12193499","71330","32104","-102","27","823"
"73239.970","42059","25067","17596","313","53","324","-845","505","3772779","-12193493","71424","32105","-92","32","829"
"73240.970","42006","25059","17612","290","42","350","-853","503","3772938","-12193486","71520","32107","-82","35","834"
"73241.970","41945","25051","17605","274","55","286","-675","502","3773098","-12193481","71617","32110","-74","53","849"
"73242.970","41883","25041","17626","254","38","234","-719","496","3773257","-12193478","71718","32110","-51","55","852"
"73243.970","41816","25034","17657","221","8","245","-776","493","3773416","-12193470","71822","32116","-59","76","870"
"73244.970","41753","25026","17657","198","6","371","-956","484","3773575","-12193465","71932","32119","-35","86","875"
"73245.970","41687","25017","17642","187","18","464","-777","484","3773734","-12193461","72048","32123","-6","100","882"
"73246.970","41616","25009","17653","193","4","366","-748","485","3773892","-12193454","72168","32127","27","109","892"
"73247.970","41545","24998","17652","194","-2","326","-857","483","3774050","-12193448","72292","32129","60","116","910"
"73248.970","41471","24987","17637","195","4","375","-999","484","3774209","-12193441","72420","32132","77","132","918"
"73249.970","41401","24977","17626","209","5","394","-1011","486","3774367","-12193435","72551","32134","81","137","923"
"73250.970","41329","24966","17611","224","9","420","-966","491","3774525","-12193428","72685","32136","57","142","927"
"73251.970","41255","24957","17587","248","22","428","-995","495","3774683","-12193421","72823","32141","31","138","926"
"73252.970","41179","24948","17582","284","16","479","-978","500","3774841","-12193414","72961","32147","-5","130","921"
"73253.970","41100","24939","17568","317","19","433","-891","505","3774999","-12193405","73103","32152","-43","124","928"
"73254.970","41022","24927","17562","330","13","423","-951","507","3775156","-12193396","73243","32155","-57","119","932"
"73255.970","40938","24914","17554","340","9","389","-807","508","3775314","-12193389","73382","32157","-43","124","946"
"73256.970","40867","24904","17532","344","18","418","-900","508","3775471","-12193380","73521","32159","-21","126","946"
"73257.970","40792","24892","17509","347","29","436","-956","509","3775628","-12193372","73662","32160","-31","133","943"
"73258.970","40712","24880","17489","360","36","429","-786","511","3775786","-12193363","73802","32163","-43","130","944"
"73259.970","40639","24870","17466","366","46","451","-949","512","3775943","-12193354","73942","32167","-93","130","941"
"73260.970","40560","24859","17444","373","58","361","-902","513","3776100","-12193345","74082","32171","-423","101","943"
"73261.970","40475","24848","17432","399","59","248","-803","515","3776257","-12193337","74222","32175","-529","57","951"
"73262.970","40400","24838","17412","417","66","240","-838","517","3776414","-12193327","74360","32179","-529","27","954"
"73263.970","40327","24828","17391","426","73","241","-878","518","3776571","-12193319","74498","32184","-508","3","955"
"73264.970","40251","24822","17352","440","100","305","-880","520","3776727","-12193314","74636","32193","-471","35983","954"
"73265.970","40180","24815","17315","466","125","296","-762","524","3776884","-12193306","74773","32200","-428","35961","950"
"73266.970","40106","24805","17295","485","134","305","-830","524","3777041","-12193301","74910","32204","-400","35940","946"
"73267.970","40029","24795","17272","508","147","316","-1177","526","3777197","-12193296","75044","32208","-394","35921","945"
"73268.970","39958","24785","17246","528","164","284","-922","529","3777353","-12193291","75177","32212","-457","35890","942"
"73269.970","39885","24774","17231","546","171","269","-836","530","3777509","-12193288","75309","32214","-514","35861","934"
"73270.970","39808","24762","17220","569","174","253","-823","532","3777666","-12193285","75438","32217","-512","35828","941"
"73271.970","39737","24751","17211","581","175","235","-921","533","3777821","-12193282","75566","32219","-523","35803","939"
"73272.970","39665","24739","17207","590","171","182","-975","532","3777977","-12193280","75694","32220","-541","35776","951"
"73273.970","39601","24729","17197","614","172","235","-1061","534","3778133","-12193280","75821","32222","-539","35743","934"
"73274.970","39522","24716","17202","622","158","217","-861","535","3778290","-12193280","75948","32223","-557","35715","947"
"73275.970","39456","24705","17197","631","154","232","-1062","535","3778445","-12193280","76074","32224","-558","35686","946"
"73276.970","39385","24695","17191","657","154","210","-851","536","3778601","-12193282","76200","32228","-555","35655","948"
"73277.970","39312","24683","17185","657","149","170","-943","537","3778756","-12193284","76326","32230","-554","35624","956"
"73278.970","39242","24671","17187","663","137","209","-909","537","3778911","-12193288","76452","32230","-546","35605","959"
"73279.970","39176","24658","17177","677","136","265","-829","537","3779066","-12193291","76580","32229","-527","35572","958"
"73280.970","39109","24646","17164","674","137","313","-864","538","3779221","-12193296","76708","32229","-534","35557","956"
"73281.970","39041","24635","17161","687","132","314","-908","538","3779377","-12193301","76836","32229","-517","35531","956"
"73282.970","38978","24623","17155","692","127","238","-1103","538","3779531","-12193309","76964","32229","-508","35504","955"
"73283.970","38905","24609","17158","686","115","200","-931","538","3779686","-12193315","77092","32229","-489","35490","956"
"73284.970","38850","24599","17139","684","123","319","-1051","538","3779841","-12193324","77220","32228","-414","35477","945"
"73285.970","38818","24593","17103","653","153","394","-958","536","3779995","-12193331","77345","32227","-359","35477","866"
"73286.970","38754","24582","17109","649","151","394","-829","536","3780149","-12193341","77469","32228","-322","35466","828"
"73287.970","38685","24570","17134","657","136","309","-838","537","3780302","-12193351","77594","32229","-327","35458","824"
"73288.970","38621","24557","17165","651","116","271","-832","535","3780455","-12193363","77713","32227","-326","35450","819"
"73289.970","38576","24547","17178","655","116","269","-920","535","3780609","-12193372","77822","32226","-312","35438","804"
"73290.970","38520","24537","17215","671","94","230","-742","537","3780763","-12193383","77918","32226","-292","35430","803"
"73291.970","38475","24531","17229","653","94","222","-862","535","3780918","-12193393","78002","32228","-275","35426","797"
"73292.970","38426","24523","17239","657","100","175","-792","535","3781073","-12193405","78079","32230","-259","35423","800"
"73293.970","38379","24519","17259","635","92","240","-675","535","3781229","-12193418","78152","32235","-245","35411","801"
"73294.970","38336","24513","17301","564","57","275","-725","531","3781384","-12193428","78223","32238","-278","35437","800"
"73295.970","38292","24502","17287","575","88","347","-657","529","3781541","-12193440","78295","32234","-241","35427","803"
"73296.970","38255","24495","17280","586","108","472","-869","530","3781696","-12193454","78370","32234","-217","35410","795"
"73297.970","38210","24487","17307","540","93","397","-649","526","3781852","-12193464","78446","32235","-250","35426","806"
"73298.970","38171","24483","17316","524","98","380","-903","527","3782008","-12193478","78524","32238","-241","35419","783"
"73299.970","38121","24476","17318","527","112","277","-837","529","3782164","-12193490","78601","32242","-253","35421","801"
"73300.970","38086","24468","17363","538","81","333","-779","526","3782320","-12193504","78679","32239","-185","35400","802"
"73301.970","38050","24462","17371","527","86","208","-986","527","3782476","-12193517","78757","32240","-174","35422","786"
"73302.970","38012","24457","17355","530","118","353","-780","526","3782633","-12193531","78836","32242","-102","35411","773"
"73303.970","37970","24450","17381","523","109","380","-688","526","3782789","-12193544","78913","32243","-83","35422","764"
"73304.970","37930","24442","17412","536","98","420","-949","526","3782946","-12193557","78988","32242","-45","35431","762"
"73305.970","37880","24433","17448","550","82","392","-712","529","3783102","-12193572","79062","32243","-34","35419","769"
"73306.970","37839","24426","17473","533","72","419","-756","526","3783259","-12193584","79134","32244","-122","35429","762"
"73307.970","37805","24418","17483","529","79","373","-769","525","3783416","-12193599","79207","32241","-104","35427","774"
"73308.970","37767","24411","17496","544","85","407","-710","528","3783573","-12193611","79279","32241","-63","35433","764"
"73309.970","37727","24404","17513","532","83","245","-750","525","3783731","-12193625","79352","32242","-61","35430","773"
"73310.970","37692","24397","17542","524","70","358","-714","525","3783888","-12193639","79426","32241","-88","35447","767"
"73311.970","37658","24391","17531","527","97","414","-754","527","3784046","-12193653","79499","32242","-66","35436","759"
"73312.970","37613","24385","17544","526","102","292","-632","527","3784204","-12193665","79572","32244","-80","35445","762"
"73313.970","37570","24375","17591","542","73","312","-870","526","3784362","-12193679","79645","32242","-81","35437","768"
"73314.970","37521","24367","17605","512","69","300","-703","523","3784520","-12193692","79718","32243","-104","35443","779"
"73315.970","37462","24356","17643","538","48","108","-813","525","3784678","-12193705","79793","32243","-113","35444","817"
"73316.970","37436","24351","17623","540","74","283","-721","527","3784837","-12193718","79869","32242","-94","35427","818"
"73317.970","37402","24345","17626","507","74","351","-739","524","3784996","-12193730","79946","32244","-155","35450","811"
"73318.970","37363","24337","17631","519","80","540","-848","524","3785155","-12193743","80026","32243","-143","35439","798"
"73319.970","37321","24332","17621","518","100","424","-811","525","3785314","-12193756","80110","32246","-141","35438","794"
"73320.970","37269","24323","17661","527","71","365","-772","525","3785473","-12193769","80196","32247","-131","35435","795"
"73321.970","37223","24312","17696","551","48","421","-819","527","3785631","-12193782","80287","32244","-138","35432","793"
"73322.970","37180","24305","17675","544","77","445","-856","526","3785789","-12193795","80375","32245","-109","35421","791"
"73323.970","37131","24300","17668","516","90","346","-1108","525","3785948","-12193810","80462","32251","-119","35439","800"
"73324.970","37089","24295","17681","517","86","405","-813","524","3786107","-12193824","80550","32255","-69","35445","794"
"73325.970","37042","24289","17677","525","100","317","-745","525","3786266","-12193835","80637","32258","-17","35446","802"
"73326.970","36991","24287","17690","510","94","396","-651","525","3786425","-12193849","80724","32268","-1","35460","804"
"73327.970","36945","24282","17703","494","87","336","-872","522","3786585","-12193863","80811","32273","9","35473","810"
"73328.970","36900","24277","17702","476","91","344","-940","521","3786744","-12193875","80900","32278","1","35487","815"
"73329.970","36854","24276","17713","479","87","463","-759","520","3786903","-12193888","80990","32288","5","35496","810"
"73330.970","36815","24271","17717","506","91","460","-916","524","3787063","-12193900","81080","32291","35","35492","805"
"73331.970","36750","24259","17738","519","79","362","-910","524","3787222","-12193911","81171","32291","164","35509","808"
"73332.970","36691","24249","17749","536","74","463","-780","526","3787381","-12193924","81260","32293","1764","35647","795"
"73333.970","36602","24238","17775","564","49","414","-720","528","3787541","-12193934","81345","32301","2756","35925","804"
"73334.970","36539","24230","17783","564","41","421","-744","527","3787701","-12193940","81429","32305","2923","147","794"
"73335.970","36503","24232","17766","576","55","544","-999","530","3787861","-12193940","81511","32318","2959","332","798"
"73336.970","36470","24229","17751","546","68","694","-691","526","3788021","-12193934","81604","32322","2963","514","780"
"73337.970","36430","24222","17738","553","83","610","-834","527","3788181","-12193919","81703","32323","3015","701","775"
"73338.970","36386","24218","17728","559","95","548","-918","528","3788342","-12193900","81797","32328","3074","887","767"
"73339.970","36337","24208","17734","564","91","407","-922","528","3788501","-12193872","81887","32328","3113","1092","769"
"73340.970","36287","24201","17751","564","76","410","-984","527","3788661","-12193840","81973","32331","3146","1292","767"
"73341.970","36243","24198","17754","550","76","471","-923","526","3788818","-12193800","82054","32338","3144","1494","771"
"73342.970","36200","24189","17756","545","76","460","-725","526","3788976","-12193755","82130","32338","3102","1699","776"
"73343.970","36160","24184","17735","577","86","752","-914","528","3789133","-12193703","82205","32341","3046","1881","782"
"73344.970","36138","24183","17710","562","117","838","-760","527","3789287","-12193641","82282","32345","2973","2063","785"
"73345.970","36094","24178","17698","549","131","687","-850","527","3789441","-12193576","82370","32349","2963","2265","793"
"73346.970","36057","24173","17689","573","130","693","-842","528","3789592","-12193502","82451","32352","3020","2440","796"
"73347.970","36023","24168","17666","574","151","734","-882","530","3789742","-12193425","82532","32355","3032","2636","785"
"73348.970","35982","24158","17678","567","140","687","-797","528","3789890","-12193340","82613","32351","3075","2826","780"
"73349.970","35943","24152","17679","552","145","701","-964","528","3790036","-12193251","82691","32354","3088","3022","770"
"73350.970","35897","24147","17676","549","150","768","-986","527","3790179","-12193155","82764","32358","3106","3218","760"
"73351.970","35860","24139","17683","556","143","720","-1026","527","3790320","-12193053","82831","32357","3130","3406","752"
"73352.970","35823","24134","17679","561","149","725","-978","528","3790458","-12192945","82897","32360","3145","3601","744"
"73353.970","35771","24124","17706","550","131","768","-799","527","3790594","-12192831","82955","32360","3164","3800","735"
"73354.970","35731","24116","17720","538","128","691","-820","526","3790728","-12192713","83007","32360","3129","3998","741"
"73355.970","35698","24113","17715","544","137","693","-1125","526","3790858","-12192588","83067","32364","3019","4187","745"
"73356.970","35668","24109","17708","559","141","574","-871","528","3790983","-12192456","83134","32366","2931","4355","749"
"73357.970","35648","24106","17682","584","161","675","-1020","529","3791106","-12192321","83211","32368","2912","4521","741"
"73358.970","35608","24102","17687","592","156","738","-988","529","3791225","-12192179","83289","32373","2918","4695","730"
"73359.970","35559","24093","17720","584","131","597","-884","529","3791341","-12192031","83364","32374","2949","4884","736"
"73360.970","35526","24086","17722","591","130","603","-740","530","3791454","-12191880","83436","32373","2990","5069","729"
"73361.970","35490","24081","17737","593","118","714","-905","530","3791563","-12191725","83508","32375","2971","5253","727"
"73362.970","35462","24076","17733","607","120","677","-748","530","3791668","-12191565","83580","32376","2879","5423","728"
"73363.970","35435","24070","17733","608","131","747","-780","531","3791770","-12191401","83651","32376","2691","5581","735"
"73364.970","35418","24068","17751","592","140","877","-993","529","3791867","-12191233","83722","32377","2350","5706","744"
"73365.970","35390","24063","17750","586","167","898","-896","530","3791961","-12191062","83798","32377","1868","5797","764"
"73366.970","35384","24061","17741","597","186","975","-725","530","3792053","-12190887","83877","32376","1668","5870","761"
"73367.970","35353","24058","17735","599","213","1052","-805","531","3792141","-12190709","83968","32380","1599","5962","754"
"73368.970","35312","24057","17736","613","213","1000","-880","533","3792228","-12190530","84054","32389","1381","6042","757"
"73369.970","35275","24052","17754","616","197","879","-958","531","3792312","-12190348","84136","32393","1028","6075","769"
"73370.970","35233","24045","17773","614","184","873","-1285","532","3792393","-12190166","84218","32395","916","6117","774"
"73371.970","35217","24047","17767","631","186","857","-840","532","3792474","-12189984","84300","32400","744","6155","760"
"73372.970","35178","24039","17794","614","188","755","-832","531","3792554","-12189799","84382","32400","490","6182","747"
"73373.970","35148","24030","17825","594","191","666","-921","530","3792632","-12189614","84461","32396","452","6198","732"
"73374.970","35104","24022","17865","566","193","607","-784","529","3792709","-12189429","84537","32397","353","6228","716"
"73375.970","35059","24014","17893","558","189","593","-1081","528","3792786","-12189242","84610","32398","359","6250","709"
"73376.970","35016","24007","17932","537","185","586","-848","526","3792862","-12189056","84679","32400","318","6277","714"
"73377.970","34982","24003","17954","532","186","657","-1081","526","3792938","-12188867","84744","32404","248","6294","705"
"73378.970","34954","24000","17972","532","192","581","-1178","526","3793013","-12188679","84808","32407","193","6305","696"
"73379.970","34929","23997","17983","540","196","565","-902","527","3793088","-12188491","84870","32409","190","6323","684"
"73380.970","34910","23995","18001","541","206","537","-872","527","3793163","-12188302","84930","32412","208","6341","661"
"73381.970","34877","23995","18048","511","217","464","-760","525","3793237","-12188114","84987","32421","197","6366","643"
"73382.970","34864","23992","18083","496","234","498","-758","525","3793311","-12187924","85041","32421","201","6385","613"
"73383.970","34833","23986","18124","491","223","366","-822","524","3793384","-12187734","85091","32420","198","6397","610"
"73384.970","34809","23977","18161","503","189","312","-897","524","3793458","-12187542","85135","32414","90","6406","601"
"73385.970","34785","23967","18217","494","156","310","-968","522","3793530","-12187351","85177","32408","-21","6384","597"
"73386.970","34775","23962","18259","486","155","394","-752","521","3793602","-12187159","85216","32403","-46","6388","585"
"73387.970","34752","23956","18312","470","144","411","-932","520","3793675","-12186965","85255","32402","-38","6390","584"
"73388.970","34748","23957","18347","464","156","515","-834","520","3793747","-12186772","85294","32404","-25","6400","566"
"73389.970","34725","23954","18391","458","153","468","-764","519","3793819","-12186580","85336","32406","-29","6404","580"
"73390.970","34710","23954","18422","457","161","436","-809","519","3793890","-12186387","85382","32410","-34","6405","578"
"73391.970","34700","23956","18437","472","176","413","-736","520","3793963","-12186194","85431","32414","-35","6419","584"
"73392.970","34713","23958","18444","491","199","521","-889","523","3794035","-12185999","85477","32415","-13","6421","549"
"73393.970","34700","23957","18488","489","192","433","-940","523","3794107","-12185805","85525","32416","-52","6424","536"
"73394.970","34704","23957","18530","490","185","394","-870","522","3794178","-12185610","85578","32415","-64","6422","508"
"73395.970","34672","23951","18598","468","174","242","-931","520","3794249","-12185415","85652","32416","-103","6423","522"
"73396.970","34625","23943","18668","436","164","55","-667","518","3794320","-12185219","85705","32417","-133","6425","565"
"73397.970","34624","23939","18703","440","150","134","-871","517","3794390","-12185022","85772","32413","-100","6426","594"
"73398.970","34635","23940","18715","455","158","282","-844","519","3794470","-12184822","85703","32410","-53","6423","579"
"73399.970","34636","23939","18749","446","170","298","-897","519","3794545","-12184625","85709","32409","-59","6437","572"
"73400.970","34625","23936","18788","443","158","367","-775","518","3794620","-12184426","85724","32408","-53","6430","563"
"73401.970","34625","23935","18795","463","172","413","-968","521","3794694","-12184227","85742","32407","-90","6435","545"
"73402.970","34611","23931","18845","454","155","333","-734","519","3794768","-12184029","85759","32406","-112","6424","542"
"73403.970","34597","23927","18881","454","149","327","-880","519","3794843","-12183828","85775","32404","-145","6421","528"
"73404.970","34581","23925","18922","454","136","296","-853","518","3794918","-12183628","85791","32405","-138","6416","532"
"73405.970","34577","23923","18962","447","139","291","-868","518","3794993","-12183429","85805","32404","-131","6416","527"
"73406.970","34553","23918","19003","448","125","291","-766","517","3795068","-12183228","85817","32403","-114","6414","530"
"73407.970","34524","23912","19039","451","108","280","-859","517","3795144","-12183027","85829","32403","-97","6415","565"
"73408.970","34512","23910","19058","452","123","292","-816","517","3795219","-12182827","85842","32403","-65","6418","583"
"73409.970","34535","23914","19036","491","156","420","-877","521","3795295","-12182625","85857","32403","-28","6428","558"
"73410.970","34527","23913","19056","499","167","468","-775","522","3795370","-12182422","85874","32403","-24","6426","517"
"73411.970","34492","23908","19102","493","150","384","-1020","522","3795446","-12182220","85895","32406","-81","6432","522"
"73412.970","34487","23907","19121","504","163","430","-871","523","3795522","-12182018","85912","32406","-77","6425","518"
"73413.970","34474","23908","19150","513","160","438","-1068","524","3795598","-12181813","85929","32411","-80","6429","501"
"73414.970","34456","23905","19178","522","155","434","-768","524","3795673","-12181610","85945","32411","-85","6422","522"
"73415.970","34466","23902","19185","545","176","489","-1037","527","3795749","-12181407","85959","32404","-103","6430","486"
"73416.970","34453","23898","19228","543","170","476","-831","526","3795825","-12181203","85972","32403","-106","6422","484"
"73417.970","34450","23896","19264","547","166","535","-811","526","3795901","-12180997","85982","32401","-115","6425","468"
"73418.970","34446","23896","19292","560","170","510","-878","527","3795977","-12180793","85988","32402","-113","6420","458"
"73419.970","34441","23893","19328","567","171","501","-740","528","3796054","-12180587","85994","32400","-125","6420","439"
"73420.970","34431","23890","19376","562","174","526","-807","527","3796130","-12180381","86007","32398","-140","6417","440"
"73421.970","34425","23888","19432","551","171","543","-854","527","3796206","-12180176","86017","32397","-121","6420","432"
"73422.970","34430","23887","19481","546","170","510","-818","526","3796283","-12179970","86023","32394","-88","6418","427"
"73423.970","34428","23890","19516","555","172","438","-991","527","3796360","-12179763","86022","32399","-80","6423","428"
"73424.970","34429","23900","19551","569","165","483","-834","527","3796437","-12179557","86017","32411","-86","6417","436"
"73425.970","34438","23894","19587","572","175","631","-1013","528","3796515","-12179351","86013","32402","-103","6421","426"
"73426.970","34433","23890","19635","568","177","609","-895","528","3796593","-12179141","86009","32397","-122","6421","423"
"73427.970","34437","23888","19683","563","173","531","-836","527","3796671","-12178933","86006","32394","-125","6420","426"
"73428.970","34443","23888","19728","564","167","419","-869","527","3796750","-12178726","86003","32392","-126","6414","422"
"73429.970","34448","23892","19760","571","176","357","-869","529","3796828","-12178517","85999","32397","-142","6411","412"
"73430.970","34446","23890","19808","575","156","304","-916","528","3796907","-12178306","85994","32393","-161","6405","414"
"73431.970","34453","23892","19844","581","156","369","-812","529","3796986","-12178099","85988","32394","-155","6394","408"
"73432.970","34446","23889","19903","569","142","585","-822","527","3797066","-12177888","85978","32393","-166","6398","412"
"73433.970","34452","23888","19952","567","131","584","-757","527","3797146","-12177677","85964","32390","-136","6388","406"
"73434.970","34452","23888","19999","553","145","471","-758","526","3797227","-12177466","85947","32390","-130","6390","423"
"73435.970","34442","23888","20050","539","147","395","-812","526","3797307","-12177255","85937","32392","-127","6398","433"
"73436.970","34440","23888","20082","551","129","473","-796","527","3797389","-12177043","85927","32393","-102","6389","450"
"73437.970","34445","23889","20100","567","132","619","-992","527","3797470","-12176831","85923","32393","-86","6394","454"
"73438.970","34440","23889","20124","570","145","642","-900","528","3797551","-12176618","85923","32394","-72","6390","456"
"73439.970","34449","23890","20146","570","167","682","-909","528","3797633","-12176406","85927","32393","-87","6396","439"
"73440.970","34452","23892","20168","590","156","675","-934","529","3797715","-12176193","85937","32395","-95","6388","426"
"73441.970","34439","23889","20209","579","164","681","-969","528","3797795","-12175981","85950","32395","-143","6388","418"
"73442.970","34433","23888","20241","583","168","642","-1026","529","3797876","-12175767","85966","32395","-171","6384","405"
"73443.970","34426","23890","20274","587","169","688","-956","529","3797958","-12175553","85977","32399","-189","6377","407"
"73444.970","34432","23896","20296","604","169","629","-902","531","3798039","-12175339","85986","32406","-189","6375","394"
"73445.970","34429","23891","20342","592","176","592","-821","529","3798121","-12175126","85994","32400","-179","6369","387"
"73446.970","34427","23889","20374","599","180","620","-1149","531","3798203","-12174912","85998","32398","-161","6371","373"
"73447.970","34431","23890","20412","607","170","569","-899","531","3798286","-12174697","86001","32398","-124","6363","369"
"73448.970","34430","23890","20453","614","155","594","-885","530","3798368","-12174482","86000","32398","-104","6364","366"
"73449.970","34433","23890","20478","634","155","623","-818","533","3798451","-12174267","85995","32397","-33","6357","355"
"73450.970","34427","23889","20528","613","178","620","-867","531","3798534","-12174051","85986","32398","-37","6372","366"
"73451.970","34426","23889","20564","620","174","469","-950","532","3798618","-12173834","85976","32397","-30","6371","374"
"73452.970","34441","23890","20580","638","187","457","-868","533","3798701","-12173618","85969","32395","-47","6371","369"
"73453.970","34431","23891","20615","636","200","439","-781","533","3798785","-12173399","85962","32399","-51","6379","392"
"73454.970","34436","23893","20650","645","181","557","-804","533","3798869","-12173182","85958","32400","18","6374","390"
"73455.970","34450","23898","20658","672","188","670","-867","535","3798953","-12172966","85956","32403","13","6386","380"
"73456.970","34453","23899","20690","674","191","645","-850","536","3799036","-12172747","85957","32404","-29","6391","375"
"73457.970","34449","23896","20735","686","148","518","-800","535","3799120","-12172527","85958","32401","-1","6381","381"
"73458.970","34452","23899","20745","711","152","532","-950","536","3799204","-12172308","85960","32405","3","6385","376"
"73459.970","34462","23900","20762","741","135","605","-824","538","3799288","-12172088","85961","32403","2","6386","366"
"73460.970","34471","23904","20787","756","132","500","-798","539","3799371","-12171868","85961","32405","8","6378","349"
"73461.970","34478","23905","20830","749","139","511","-762","539","3799456","-12171648","85960","32406","-73","6387","331"
"73462.970","34482","23907","20860","765","135","339","-735","539","3799540","-12171427","85956","32407","-112","6372","321"
"73463.970","34469","23907","20929","733","139","332","-642","538","3799624","-12171207","85948","32410","-141","6376","320"
"73464.970","34465","23899","21049","651","123","496","-676","533","3799708","-12170986","85933","32401","-101","6375","344"
"73465.970","34481","23903","21069","655","151","487","-720","532","3799793","-12170762","85917","32402","-71","6380","355"
"73466.970","34490","23909","21094","656","173","419","-816","534","3799878","-12170539","85906","32407","-86","6402","353"
"73467.970","34496","23903","21154","623","179","501","-856","531","3799963","-12170317","85896","32398","-92","6386","358"
"73468.970","34493","23899","21222","567","212","501","-811","530","3800049","-12170094","85888","32393","-171","6403","376"
"73469.970","34492","23901","21252","570","205","475","-671","528","3800135","-12169870","85880","32396","-145","6400","379"
"73470.970","34496","23902","21290","547","226","544","-707","528","3800222","-12169646","85875","32396","-78","6403","382"
"73471.970","34497","23902","21317","536","248","492","-784","528","3800308","-12169422","85872","32396","-80","6422","381"
"73472.970","34497","23902","21342","541","240","470","-703","527","3800395","-12169197","85875","32396","-20","6411","382"
"73473.970","34507","23895","21434","484","204","424","-840","523","3800481","-12168972","85881","32384","-21","6420","370"
"73474.970","34507","23893","21464","487","192","442","-958","522","3800567","-12168749","85891","32382","-80","6406","360"
"73475.970","34504","23894","21478","491","218","412","-888","524","3800653","-12168523","85903","32384","-111","6411","342"
"73476.970","34494","23892","21517","491","198","358","-912","522","3800740","-12168299","85910","32384","-137","6405","347"
"73477.970","34498","23891","21538","501","197","306","-784","525","3800826","-12168074","85914","32382","-111","6396","338"
"73478.970","34493","23890","21574","492","199","169","-1033","523","3800913","-12167847","85916","32382","-98","6400","343"
"73479.970","34495","23889","21606","488","198","152","-845","523","3801000","-12167623","85917","32379","-54","6399","343"
"73480.970","34498","23889","21635","487","199","73","-1059","523","3801088","-12167396","85916","32378","-14","6406","345"
"73481.970","34500","23892","21660","487","204","231","-882","523","3801175","-12167169","85914","32382","-31","6404","346"
"73482.970","34500","23892","21683","488","211","293","-997","523","3801262","-12166942","85913","32382","-42","6410","343"
"73483.970","34502","23891","21712","489","206","278","-863","524","3801350","-12166715","85912","32381","-23","6407","345"
"73484.970","34501","23883","21746","490","184","254","-835","523","3801438","-12166489","85911","32370","2","6410","353"
"73485.970","34501","23879","21775","494","166","277","-797","522","3801526","-12166261","85912","32364","28","6407","351"
"73486.970","34504","23879","21790","505","166","274","-980","523","3801613","-12166033","85915","32363","37","6409","351"
"73487.970","34508","23883","21804","518","162","384","-868","525","3801701","-12165803","85919","32368","48","6414","340"
"73488.970","34511","23884","21834","518","153","352","-869","524","3801789","-12165576","85923","32368","-26","6407","335"
"73489.970","34504","23883","21872","516","129","267","-859","522","3801877","-12165347","85926","32369","-75","6400","341"
"73490.970","34507","23884","21907","516","106","419","-724","523","3801965","-12165117","85928","32370","-92","6393","333"
"73491.970","34511","23886","21923","521","114","356","-770","523","3802053","-12164887","85930","32371","-83","6387","329"
"73492.970","34507","23884","21950","526","105","314","-749","524","3802141","-12164658","85931","32370","-57","6395","327"
"73493.970","34510","23884","21983","523","89","344","-775","523","3802229","-12164427","85931","32368","-20","6381","329"
"73494.970","34512","23884","22014","519","85","315","-728","522","3802317","-12164198","85931","32368","-33","6392","328"
"73495.970","34508","23883","22055","510","67","258","-865","522","3802406","-12163967","85931","32368","-29","6382","333"
"73496.970","34510","23884","22073","514","70","312","-814","522","3802494","-12163736","85932","32368","-37","6387","337"
"73497.970","34514","23886","22097","508","78","338","-802","522","3802583","-12163507","85934","32370","-46","6388","328"
"73498.970","34514","23887","22122","502","85","408","-751","521","3802672","-12163274","85936","32371","-55","6386","325"
"73499.970","34517","23888","22139","499","105","479","-942","522","3802761","-12163043","85938","32373","-74","6392","320"
"73500.970","34516","23889","22156","500","118","457","-762","522","3802850","-12162812","85940","32373","-85","6391","318"
"73501.970","34510","23889","22177","499","126","469","-753","522","3802939","-12162579","85941","32376","-106","6392","327"
"73502.970","34512","23890","22192","502","138","573","-927","522","3803028","-12162347","85942","32376","-120","6386","322"
"73503.970","34514","23890","22210","509","134","673","-949","523","3803118","-12162114","85945","32376","-140","6383","323"
"73504.970","34514","23892","22229","510","140","626","-927","523","3803207","-12161882","85948","32378","-154","6375","321"
"73505.970","34514","23893","22249","509","146","547","-934","523","3803298","-12161650","85951","32379","-179","6370","323"
"73506.970","34511","23892","22266","516","143","509","-918","524","3803388","-12161418","85954","32379","-191","6364","328"
"73507.970","34512","23891","22283","525","134","439","-894","524","3803478","-12161185","85958","32378","-189","6354","326"
"73508.970","34508","23890","22303","532","120","344","-943","525","3803570","-12160952","85963","32377","-186","6344","324"
"73509.970","34509","23892","22307","546","128","251","-808","525","3803660","-12160719","85966","32379","-184","6334","318"
"73510.970","34510","23894","22324","544","140","200","-955","526","3803752","-12160487","85968","32382","-193","6331","312"
"73511.970","34510","23895","22335","554","147","162","-781","527","3803843","-12160254","85969","32384","-168","6329","314"
"73512.970","34512","23896","22351","558","150","94","-784","526","3803935","-12160020","85968","32384","-118","6321","312"
"73513.970","34514","23896","22365","566","151","107","-733","528","3804028","-12159787","85965","32384","-109","6325","316"
"73514.970","34517","23894","22382","578","138","183","-768","528","3804120","-12159554","85962","32380","-123","6311","300"
"73515.970","34519","23894","22404","582","134","159","-1023","528","3804213","-12159320","85957","32380","-127","6306","294"
"73516.970","34521","23896","22428","582","131","199","-892","528","3804306","-12159085","85951","32382","-109","6302","298"
"73517.970","34526","23897","22448","583","138","209","-930","528","3804399","-12158853","85943","32382","-100","6304","291"
"73518.970","34531","23894","22482","584","111","178","-990","528","3804492","-12158619","85934","32376","-71","6296","293"
"73519.970","34533","23893","22493","592","92","198","-905","529","3804585","-12158384","85925","32375","-62","6289","308"
"73520.970","34540","23894","22510","584","92","218","-1135","528","3804679","-12158150","85918","32375","-40","6290","308"
"73521.970","34541","23895","22521","583","88","248","-1016","528","3804773","-12157915","85912","32375","-15","6292","310"
"73522.970","34540","23896","22527","575","87","258","-950","527","3804867","-12157682","85908","32376","-24","6288","297"
"73523.970","34538","23896","22529","569","83","205","-864","526","3804960","-12157447","85904","32377","-41","6293","290"
"73524.970","34545","23897","22527","567","79","154","-830","526","3805054","-12157213","85898","32376","-48","6285","290"
"73525.970","34545","23898","22530","566","76","91","-961","526","3805147","-12156980","85890","32378","-47","6289","299"
"73526.970","34546","23899","22521","570","77","117","-919","526","3805241","-12156745","85883","32379","-22","6285","320"
"73527.970","34546","23900","22512","579","71","249","-796","527","3805335","-12156510","85877","32380","-30","6287","326"
"73528.970","34548","23902","22495","585","77","261","-809","528","3805429","-12156275","85873","32383","-44","6280","332"
"73529.970","34543","23902","22482","580","96","371","-782","528","3805523","-12156043","85870","32384","-52","6295","343"
"73530.970","34541","23901","22474","588","79","306","-893","528","3805617","-12155808","85871","32383","-84","6287","341"
"73531.970","34540","23900","22466","585","83","281","-938","528","3805711","-12155574","85876","32383","-97","6288","321"
"73532.970","34534","23898","22454","598","71","224","-805","529","3805804","-12155339","85884","32381","-89","6293","315"
"73533.970","34529","23899","22438","606","80","213","-918","529","3805898","-12155105","85891","32384","-55","6286","311"
"73534.970","34528","23899","22445","599","70","266","-991","528","3805991","-12154873","85895","32384","-86","6293","317"
"73535.970","34530","23898","22426","618","66","195","-731","530","3806085","-12154640","85898","32382","-41","6299","313"
"73536.970","34524","23896","22418","631","50","236","-877","531","3806178","-12154406","85899","32381","-86","6287","317"
"73537.970","34527","23897","22409","633","55","288","-835","531","3806271","-12154173","85901","32381","-117","6290","317"
"73538.970","34529","23898","22404","627","66","266","-831","531","3806365","-12153939","85903","32382","-88","6293","319"
"73539.970","34525","23897","22404","627","56","266","-805","531","3806458","-12153706","85905","32382","-65","6295","322"
"73540.970","34524","23897","22392","632","60","258","-832","531","3806552","-12153472","85906","32383","-107","6290","319"
"73541.970","34524","23897","22384","632","67","248","-738","531","3806645","-12153240","85908","32383","-67","6297","321"
"73542.970","34518","23897","22374","632","74","228","-975","530","3806738","-12153006","85910","32384","-126","6298","338"
"73543.970","34521","23898","22369","632","72","203","-879","531","3806831","-12152773","85913","32384","-126","6289","326"
"73544.970","34516","23898","22358","637","72","236","-1116","531","3806925","-12152540","85917","32386","-156","6291","333"
"73545.970","34514","23899","22352","637","72","296","-764","531","3807018","-12152306","85921","32388","-121","6287","324"
"73546.970","34514","23899","22345","645","61","320","-826","532","3807111","-12152073","85926","32388","-150","6285","324"
"73547.970","34515","23900","22345","643","54","256","-889","531","3807205","-12151841","85930","32388","-141","6277","322"
"73548.970","34511","23901","22326","652","68","151","-875","532","3807299","-12151609","85932","32391","-131","6283","322"
"73549.970","34510","23901","22306","661","84","205","-928","533","3807392","-12151375","85934","32392","-132","6279","320"
"73550.970","34511","23901","22292","674","86","318","-798","534","3807485","-12151143","85935","32391","-132","6282","308"
"73551.970","34507","23900","22285","680","83","311","-907","534","3807579","-12150909","85935","32391","-92","6277","317"
"73552.970","34507","23901","22279","679","93","364","-768","534","3807672","-12150679","85933","32392","-86","6286","322"
"73553.970","34508","23902","22290","666","85","392","-802","533","3807766","-12150444","85932","32393","-82","6283","321"
"73554.970","34512","23903","22274","683","81","381","-928","534","3807860","-12150212","85933","32393","-121","6279","313"
"73555.970","34509","23901","22270","686","76","385","-852","534","3807952","-12149980","85933","32392","-184","6272","318"
"73556.970","34508","23901","22264","686","83","441","-835","535","3808046","-12149746","85933","32392","-216","6267","317"
"73557.970","34508","23903","22273","677","75","487","-893","534","3808140","-12149516","85933","32395","-235","6262","320"
"73558.970","34511","23904","22293","655","66","522","-908","533","3808233","-12149282","85935","32395","-241","6253","319"
"73559.970","34509","23905","22296","650","61","486","-889","533","3808327","-12149051","85937","32396","-250","6249","321"
"73560.970","34507","23904","22299","645","55","391","-1113","532","3808421","-12148819","85940","32397","-253","6237","320"
"73561.970","34512","23904","22287","654","55","248","-762","532","3808516","-12148589","85943","32395","-220","6236","320"
"73562.970","34509","23903","22272","661","66","180","-944","533","3808610","-12148355","85946","32395","-172","6232","319"
"73563.970","34512","23903","22267","668","59","198","-1087","533","3808705","-12148124","85947","32394","-157","6229","311"
"73564.970","34514","23903","22256","682","52","197","-977","534","3808800","-12147893","85947","32394","-186","6222","305"
"73565.970","34514","23903","22254","686","47","218","-900","535","3808894","-12147662","85945","32393","-214","6214","298"
"73566.970","34518","23903","22261","685","37","271","-907","534","3808989","-12147430","85942","32392","-234","6208","292"
"73567.970","34526","23903","22261","685","41","330","-1001","534","3809083","-12147200","85936","32390","-250","6199","283"
"73568.970","34527","23903","22262","688","39","337","-781","535","3809178","-12146968","85928","32390","-225","6196","277"
"73569.970","34535","23905","22260","694","39","288","-1073","535","3809274","-12146739","85916","32390","91","6205","274"
"73570.970","34534","23904","22260","698","39","345","-796","535","3809369","-12146508","85900","32390","219","6230","278"
"73571.970","34548","23906","22251","712","39","354","-862","536","3809465","-12146276","85883","32388","305","6246","274"
"73572.970","34556","23907","22247","718","39","427","-788","536","3809559","-12146044","85868","32388","5","6249","292"
"73573.970","34554","23907","22250","716","40","398","-758","536","3809654","-12145812","85856","32388","-184","6234","303"
"73574.970","34562","23908","22241","724","40","365","-882","537","3809748","-12145581","85845","32387","-110","6238","312"
"73575.970","34564","23908","22236","723","48","330","-882","537","3809842","-12145347","85836","32387","-120","6238","308"
"73576.970","34563","23909","22224","727","60","367","-790","537","3809937","-12145116","85827","32388","-91","6240","335"
"73577.970","34565","23908","22216","731","63","420","-949","537","3810032","-12144885","85821","32387","-113","6238","334"
"73578.970","34565","23908","22202","742","64","309","-799","538","3810126","-12144652","85818","32386","-138","6239","334"
"73579.970","34564","23911","22205","741","50","244","-932","538","3810221","-12144422","85819","32390","-138","6230","337"
"73580.970","34563","23909","22215","731","41","304","-1074","537","3810315","-12144190","85822","32389","168","6247","317"
"73581.970","34562","23909","22218","723","40","315","-796","537","3810409","-12143959","85827","32389","416","6281","324"
"73582.970","34561","23910","22229","708","38","374","-809","535","3810502","-12143727","85830","32389","477","6310","325"
"73583.970","34561","23911","22213","720","40","360","-830","537","3810595","-12143492","85834","32391","498","6337","324"
"73584.970","34556","23910","22216","717","30","359","-754","536","3810687","-12143260","85838","32391","515","6363","330"
"73585.970","34554","23910","22219","710","25","385","-868","536","3810778","-12143027","85844","32392","530","6391","330"
"73586.970","34551","23911","22209","711","33","377","-828","536","3810869","-12142794","85851","32393","542","6424","332"
"73587.970","34552","23911","22205","707","37","338","-805","535","3810958","-12142559","85858","32394","560","6454","332"
"73588.970","34549","23913","22201","704","40","279","-797","535","3811046","-12142324","85866","32397","577","6482","331"
"73589.970","34545","23915","22192","711","34","287","-918","536","3811134","-12142087","85873","32401","568","6512","332"
"73590.970","34542","23916","22183","717","31","344","-884","536","3811221","-12141852","85880","32403","566","6538","330"
"73591.970","34543","23916","22171","723","34","369","-838","536","3811306","-12141615","85886","32402","516","6567","330"
"73592.970","34534","23915","22164","727","34","372","-863","537","3811390","-12141378","85892","32404","229","6574","336"
"73593.970","34534","23915","22158","727","38","430","-767","537","3811475","-12141140","85900","32404","134","6578","340"
"73594.970","34531","23915","22151","727","40","334","-841","537","3811558","-12140902","85907","32404","-5","6583","337"
"73595.970","34526","23914","22144","728","44","296","-911","537","3811641","-12140665","85915","32405","-24","6579","341"
"73596.970","34521","23913","22139","729","43","329","-943","537","3811724","-12140427","85922","32405","3","6589","338"
"73597.970","34517","23912","22135","729","39","316","-921","537","3811807","-12140191","85928","32405","18","6590","338"
"73598.970","34519","23913","22124","735","43","376","-1010","537","3811890","-12139952","85935","32405","27","6600","331"
"73599.970","34514","23911","22120","737","43","339","-922","538","3811972","-12139715","85940","32405","8","6601","331"
"73600.970","34510","23911","22119","736","41","321","-804","537","3812055","-12139476","85945","32405","44","6611","332"
"73601.970","34507","23911","22118","734","39","294","-1022","537","3812137","-12139240","85949","32406","94","6620","332"
"73602.970","34505","23911","22108","741","40","296","-947","538","3812219","-12139000","85953","32406","151","6633","333"
"73603.970","34506","23912","22107","744","30","304","-920","538","3812301","-12138762","85956","32407","210","6647","330"
"73604.970","34506","23912","22106","746","20","329","-902","538","3812382","-12138525","85960","32408","254","6660","331"
"73605.970","34508","23914","22103","747","20","346","-864","538","3812463","-12138285","85963","32410","116","6668","329"
"73606.970","34501","23914","22101","745","23","343","-920","538","3812543","-12138047","85967","32411","-27","6670","324"
"73607.970","34502","23914","22102","742","25","370","-861","538","3812623","-12137807","85969","32411","-5","6672","328"
"73608.970","34501","23916","22115","720","37","364","-905","536","3812703","-12137567","85971","32414","19","6682","327"
"73609.970","34501","23917","22109","719","49","333","-844","536","3812783","-12137329","85972","32415","27","6695","328"
"73610.970","34504","23918","22100","727","50","366","-910","537","3812862","-12137091","85974","32416","45","6696","317"
"73611.970","34505","23918","22105","723","44","331","-899","537","3812942","-12136851","85974","32415","24","6704","310"
"73612.970","34505","23916","22108","727","32","346","-942","537","3813021","-12136612","85972","32413","11","6705","303"
"73613.970","34509","23916","22106","732","32","422","-756","537","3813100","-12136372","85968","32413","-21","6707","290"
"73614.970","34511","23916","22112","732","30","349","-939","537","3813178","-12136132","85963","32412","-46","6707","288"
"73615.970","34517","23917","22118","733","25","308","-945","537","3813257","-12135892","85956","32411","-69","6709","282"
"73616.970","34529","23920","22129","727","25","302","-973","537","3813335","-12135652","85945","32412","-73","6710","278"
"73617.970","34534","23923","22135","723","35","247","-852","536","3813413","-12135414","85929","32415","-88","6713","279"
"73618.970","34541","23926","22131","727","51","288","-1110","537","3813492","-12135173","85910","32417","-94","6716","279"
"73619.970","34551","23929","22129","728","66","287","-834","537","3813571","-12134935","85887","32419","-103","6722","277"
"73620.970","34553","23931","22129","735","66","356","-919","538","3813650","-12134693","85865","32420","-93","6718","280"
"73621.970","34567","23934","22131","739","66","409","-759","538","3813728","-12134453","85844","32420","-106","6724","280"
"73622.970","34574","23935","22142","736","60","400","-932","537","3813808","-12134213","85825","32420","-83","6718","277"
"73623.970","34583","23936","22150","736","52","402","-898","537","3813886","-12133972","85805","32419","-83","6725","282"
"73624.970","34591","23936","22160","734","42","384","-843","537","3813966","-12133731","85787","32417","-58","6718","284"
"73625.970","34600","23938","22165","733","42","354","-1070","537","3814044","-12133492","85770","32418","-27","6727","291"
"73626.970","34604","23939","22170","735","33","310","-769","537","3814123","-12133251","85754","32418","169","6738","291"
"73627.970","34613","23942","22169","738","34","304","-856","538","3814201","-12133011","85738","32419","483","6777","292"
"73628.970","34622","23943","22172","739","31","310","-921","537","3814279","-12132769","85724","32418","596","6809","292"
"73629.970","34621","23945","22169","741","36","332","-808","538","3814356","-12132527","85712","32422","739","6853","297"
"73630.970","34626","23943","22180","741","8","344","-865","537","3814432","-12132284","85701","32417","966","6907","306"
"73631.970","34629","23945","22176","739","14","325","-869","538","3814506","-12132042","85694","32419","1046","6961","316"
"73632.970","34633","23946","22179","736","8","320","-848","538","3814579","-12131799","85691","32419","1085","7021","321"
"73633.970","34633","23945","22172","738","5","205","-845","537","3814650","-12131553","85691","32419","1119","7071","336"
"73634.970","34630","23949","22169","731","13","205","-898","537","3814719","-12131308","85695","32425","1120","7132","339"
"73635.970","34628","23950","22162","732","12","304","-885","537","3814786","-12131063","85701","32426","1113","7186","340"
"73636.970","34622","23949","22143","743","13","369","-777","538","3814851","-12130816","85707","32427","1094","7237","347"
"73637.970","34616","23948","22136","743","10","391","-945","538","3814915","-12130567","85715","32427","1104","7292","346"
"73638.970","34614","23944","22134","743","-7","407","-813","538","3814977","-12130319","85723","32422","1141","7347","346"
"73639.970","34609","23944","22123","749","-18","384","-798","538","3815036","-12130069","85733","32423","1176","7398","349"
"73640.970","34604","23941","22121","746","-30","332","-782","538","3815094","-12129821","85742","32421","1204","7457","345"
"73641.970","34600","23943","22110","746","-20","229","-952","538","3815151","-12129570","85751","32424","1216","7514","346"
"73642.970","34591","23944","22101","745","-12","326","-957","538","3815205","-12129319","85760","32427","1237","7579","342"
"73643.970","34591","23942","22091","750","-16","373","-780","538","3815257","-12129068","85769","32425","1254","7635","333"
"73644.970","34583","23942","22083","751","-13","318","-1170","538","3815307","-12128814","85776","32428","1177","7692","332"
"73645.970","34581","23942","22074","755","-12","342","-810","538","3815355","-12128563","85781","32429","1074","7740","329"
"73646.970","34576","23941","22065","761","-15","317","-1014","539","3815402","-12128309","85785","32428","1029","7788","329"
"73647.970","34571","23942","22059","763","-18","275","-956","539","3815446","-12128057","85787","32430","976","7832","328"
"73648.970","34571","23941","22043","777","-20","346","-931","540","3815489","-12127802","85790","32430","852","7873","325"
"73649.970","34572","23942","22031","787","-18","297","-847","540","3815530","-12127546","85792","32430","761","7900","324"
"73650.970","34565","23942","22027","787","-8","253","-1059","540","3815571","-12127293","85793","32433","719","7943","325"
"73651.970","34568","23944","22015","799","-10","265","-1081","541","3815609","-12127037","85793","32434","678","7970","322"
"73652.970","34566","23945","22006","805","2","274","-882","541","3815646","-12126781","85793","32436","538","8003","322"
"73653.970","34565","23944","21998","814","-1","377","-924","542","3815683","-12126526","85791","32435","499","8025","319"
"73654.970","34566","23944","21999","812","3","284","-812","541","3815719","-12126269","85790","32434","494","8051","321"
"73655.970","34567","23948","22006","803","17","245","-833","541","3815754","-12126013","85788","32440","384","8078","326"
"73656.970","34564","23947","22010","798","19","463","-769","541","3815788","-12125758","85786","32439","308","8087","326"
"73657.970","34565","23942","22035","775","-2","426","-925","540","3815821","-12125502","85786","32432","294","8110","332"
"73658.970","34568","23940","22026","786","-22","296","-947","540","3815853","-12125244","85787","32428","302","8115","343"
"73659.970","34563","23940","22001","807","-14","367","-759","542","3815884","-12124987","85790","32430","207","8131","343"
"73660.970","34559","23941","22018","783","9","380","-928","540","3815916","-12124729","85795","32432","175","8147","346"
"73661.970","34560","23943","21997","798","26","360","-749","541","3815947","-12124473","85801","32435","177","8161","353"
"73662.970","34555","23942","21986","804","30","413","-964","541","3815978","-12124217","85809","32435","63","8173","352"
"73663.970","34548","23940","21979","806","37","310","-914","542","3816007","-12123958","85820","32434","31","8171","357"
"73664.970","34544","23941","21984","795","39","281","-788","540","3816037","-12123703","85830","32437","38","8185","362"
"73665.970","34539","23941","21992","785","26","388","-851","540","3816066","-12123447","85840","32438","47","8192","361"
"73666.970","34534","23938","21991","781","17","353","-1069","540","3816095","-12123188","85851","32435","-10","8189","364"
"73667.970","34522","23935","21989","780","3","445","-830","540","3816124","-12122932","85863","32434","-34","8191","367"
"73668.970","34517","23933","21973","792","-11","470","-810","540","3816153","-12122674","85876","32433","-4","8189","367"
"73669.970","34512","23933","21972","785","2","411","-886","540","3816181","-12122418","85890","32434","6","8198","372"
"73670.970","34502","23932","21965","786","4","452","-1002","540","3816210","-12122162","85905","32435","-34","8203","375"
"73671.970","34493","23929","21954","790","-1","445","-920","540","3816238","-12121904","85923","32434","-87","8201","378"
"73672.970","34483","23928","21943","792","14","449","-918","541","3816266","-12121649","85941","32436","-98","8203","380"
"73673.970","34474","23927","21942","786","16","474","-1006","540","3816294","-12121390","85961","32437","-77","8208","383"
"73674.970","34464","23927","21937","781","25","484","-829","540","3816323","-12121134","85981","32439","-94","8209","384"
"73675.970","34453","23924","21922","789","21","377","-767","540","3816351","-12120879","86003","32438","-121","8210","389"
"73676.970","34446","23923","21919","783","24","305","-925","540","3816379","-12120624","86026","32439","-145","8204","391"
"73677.970","34437","23922","21917","777","24","364","-761","540","3816407","-12120368","86048","32439","-157","8205","380"
"73678.970","34429","23923","21898","788","27","218","-934","540","3816435","-12120112","86070","32443","-149","8202","380"
"73679.970","34421","23923","21894","785","33","217","-882","540","3816464","-12119854","86090","32445","-148","8204","369"
"73680.970","34415","23921","21885","790","38","156","-801","540","3816492","-12119599","86110","32445","-158","8201","351"
"73681.970","34405","23924","21859","814","44","225","-802","542","3816520","-12119343","86129","32450","-168","8202","337"
"73682.970","34403","23923","21866","809","41","438","-792","541","3816548","-12119088","86146","32449","-181","8195","329"
"73683.970","34399","23922","21871","808","37","502","-827","541","3816575","-12118833","86167","32450","-189","8196","318"
"73684.970","34399","23923","21873","809","48","544","-1055","541","3816602","-12118578","86180","32451","-193","8191","314"
"73685.970","34404","23918","21901","787","40","445","-961","539","3816631","-12118324","86186","32444","-198","8190","311"
"73686.970","34403","23912","21941","756","9","308","-839","539","3816659","-12118067","86184","32435","-175","8176","316"
"73687.970","34408","23911","21950","750","10","319","-902","538","3816689","-12117812","86178","32433","-166","8181","317"
"73688.970","34409","23913","21963","743","-9","373","-707","538","3816718","-12117554","86168","32435","-151","8174","317"
"73689.970","34408","23916","21973","737","-11","473","-873","537","3816748","-12117298","86157","32439","-128","8174","325"
"73690.970","34407","23918","21959","750","1","515","-853","538","3816778","-12117041","86152","32442","-130","8181","337"
"73691.970","34411","23924","21938","768","12","389","-745","538","3816807","-12116785","86149","32449","-169","8176","346"
"73692.970","34408","23929","21912","791","38","342","-788","540","3816836","-12116530","86149","32457","-248","8178","344"
"73693.970","34408","23931","21890","813","37","308","-841","541","3816866","-12116275","86151","32459","-221","8167","349"
"73694.970","34407","23931","21875","826","43","348","-854","542","3816897","-12116018","86154","32459","-180","8173","347"
"73695.970","34408","23921","21904","802","12","370","-1025","541","3816927","-12115763","86158","32446","-164","8167","346"
"73696.970","34407","23917","21915","792","-3","436","-870","540","3816956","-12115506","86162","32440","-218","8153","342"
"73697.970","34403","23917","21921","788","-11","418","-790","540","3816986","-12115251","86166","32442","-213","8151","343"
"73698.970","34403","23916","21914","794","-16","305","-725","540","3817017","-12114996","86170","32441","-163","8147","341"
"73699.970","34401","23914","21924","786","-34","368","-791","540","3817047","-12114739","86174","32439","-131","8144","341"
"73700.970","34402","23912","21932","779","-40","347","-814","540","3817077","-12114484","86178","32436","-192","8138","342"
"73701.970","34395","23911","21936","775","-37","357","-845","540","3817108","-12114228","86181","32436","-189","8135","335"
"73702.970","34398","23911","21940","771","-41","299","-865","539","3817139","-12113971","86183","32435","-155","8134","338"
"73703.970","34398","23910","21934","777","-38","306","-868","539","3817169","-12113715","86185","32435","-132","8135","336"
"73704.970","34394","23910","21927","782","-24","284","-807","540","3817200","-12113460","86187","32435","-176","8138","333"
"73705.970","34394","23909","21920","790","-23","286","-1158","540","3817230","-12113205","86188","32434","-219","8130","331"
"73706.970","34393","23909","21922","792","-39","233","-844","540","3817261","-12112948","86188","32433","-203","8124","334"
"73707.970","34391","23907","21924","789","-27","242","-782","541","3817292","-12112691","86187","32432","-184","8125","332"
"73708.970","34391","23907","21918","797","-31","196","-796","541","3817323","-12112438","86186","32431","-169","8122","334"
"73709.970","34394","23906","21921","797","-40","154","-732","541","3817354","-12112182","86185","32430","-192","8119","337"
"73710.970","34394","23906","21931","786","-30","182","-849","539","3817385","-12111926","86183","32429","-203","8112","334"
"73711.970","34392","23905","21929","789","-32","192","-848","540","3817416","-12111669","86182","32429","-215","8121","337"
"73712.970","34395","23905","21902","823","-68","374","-777","542","3817448","-12111414","86181","32428","-182","8094","331"
"73713.970","34395","23905","21887","838","-62","185","-732","543","3817479","-12111159","86180","32428","-173","8098","347"
"73714.970","34393","23904","21909","815","-53","276","-760","542","3817510","-12110903","86180","32427","-157","8100","338"
"73715.970","34396","23905","21918","804","-40","297","-882","541","3817542","-12110646","86180","32427","-189","8102","332"
"73716.970","34397","23905","21963","761","-46","345","-711","539","3817574","-12110393","86181","32427","-246","8097","345"
"73717.970","34396","23907","21960","760","-34","209","-852","539","3817605","-12110135","86183","32430","-217","8089","341"
"73718.970","34396","23909","21939","776","-6","305","-775","540","3817638","-12109880","86185","32433","-188","8103","340"
"73719.970","34397","23906","21963","753","-8","288","-744","538","3817670","-12109626","86187","32429","-202","8096","342"
"73720.970","34398","23906","21965","751","-16","246","-745","539","3817702","-12109369","86190","32429","-251","8089","338"
"73721.970","34395","23904","21965","750","-13","226","-876","538","3817734","-12109114","86193","32426","-218","8082","340"
"73722.970","34390","23904","21957","757","-13","216","-1146","539","3817767","-12108859","86195","32427","-180","8088","340"
"73723.970","34396","23905","21957","760","-23","206","-700","539","3817799","-12108603","86197","32427","-186","8080","331"
"73724.970","34390","23902","21954","769","-57","163","-762","539","3817832","-12108348","86198","32425","-185","8066","335"
"73725.970","34389","23902","21927","797","-63","275","-731","542","3817865","-12108091","86199","32426","-170","8062","338"
"73726.970","34388","23903","21922","802","-48","317","-774","541","3817898","-12107838","86199","32427","-134","8070","331"
"73727.970","34393","23904","21927","795","-32","279","-800","540","3817930","-12107581","86199","32427","-111","8070","328"
"73728.970","34392","23902","21948","778","-50","231","-861","539","3817963","-12107325","86198","32425","-211","8069","332"
"73729.970","34388","23902","21941","788","-58","397","-853","540","3817996","-12107070","86196","32426","-201","8054","326"
"73730.970","34386","23901","21938","794","-56","404","-938","541","3818029","-12106815","86194","32424","-158","8068","334"
"73731.970","34391","23901","21948","785","-64","402","-843","540","3818062","-12106561","86193","32423","-107","8052","327"
"73732.970","34391","23903","21953","786","-91","590","-778","540","3818095","-12106304","86193","32426","-164","8054","337"
"73733.970","34389","23902","21947","794","-95","484","-708","541","3818128","-12106049","86193","32426","-143","8045","334"
"73734.970","34386","23902","21943","799","-93","499","-802","541","3818160","-12105793","86194","32426","-78","8050","315"
"73735.970","34390","23902","21913","829","-90","383","-704","542","3818194","-12105539","86195","32425","-116","8060","351"
"73736.970","34377","23901","21890","853","-82","210","-701","544","3818227","-12105281","86196","32427","-147","8045","351"
"73737.970","34372","23900","21901","838","-80","268","-735","544","3818260","-12105027","86198","32428","-91","8063","380"
"73738.970","34400","23904","21891","844","-69","349","-776","544","3818293","-12104772","86202","32426","-126","8054","308"
"73739.970","34393","23906","21883","850","-27","320","-693","543","3818325","-12104515","86203","32430","-164","8064","286"
"73740.970","34405","23913","21908","834","-20","273","-887","543","3818358","-12104261","86203","32436","-181","8065","250"
"73741.970","34411","23920","21927","828","9","560","-688","542","3818390","-12104005","86196","32444","-110","8071","196"
"73742.970","34425","23923","21980","805","-37","312","-622","541","3818422","-12103751","86177","32444","-91","8075","193"
"73743.970","34446","23925","22052","758","-71","230","-904","539","3818454","-12103495","86142","32441","-116","8064","204"
"73744.970","34468","23926","22079","750","-44","389","-776","537","3818488","-12103239","86095","32437","-137","8066","192"
"73745.970","34490","23928","22099","752","-42","359","-765","539","3818521","-12102981","86040","32433","-119","8074","191"
"73746.970","34515","23932","22100","774","-49","261","-791","539","3818554","-12102724","85980","32432","-115","8068","195"
"73747.970","34539","23938","22120","777","-50","239","-834","540","3818588","-12102466","85917","32434","-141","8069","199"
"73748.970","34564","23942","22137","783","-64","226","-797","540","3818622","-12102210","85858","32432","-114","8066","194"
"73749.970","34594","23945","22147","795","-80","229","-861","541","3818655","-12101951","85802","32428","-124","8058","196"
"73750.970","34632","23950","22184","783","-81","271","-1293","541","3818688","-12101694","85745","32426","-169","8061","130"
"73751.970","34661","23954","22226","773","-95","116","-816","541","3818721","-12101435","85687","32424","-200","8045","108"
"73752.970","34694","23960","22249","785","-101","52","-704","540","3818754","-12101177","85622","32422","-225","8048","105"
"73753.970","34733","23967","22270","798","-110","79","-806","541","3818787","-12100920","85547","32421","-188","8036","113"
"73754.970","34776","23976","22299","803","-116","112","-698","542","3818821","-12100659","85463","32422","-131","8040","109"
"73755.970","34815","23982","22314","822","-133","122","-812","543","3818856","-12100400","85374","32420","-85","8040","119"
"73756.970","34854","23987","22336","831","-138","238","-868","543","3818890","-12100139","85286","32417","-92","8038","125"
"73757.970","34895","23993","22358","837","-139","172","-769","544","3818924","-12099880","85205","32413","-58","8039","132"
"73758.970","34945","24001","22411","813","-153","190","-668","543","3818958","-12099619","85126","32411","-55","8044","129"
"73759.970","34981","24007","22458","794","-165","286","-826","542","3818992","-12099357","85050","32410","-89","8041","134"
"73760.970","35015","24015","22446","826","-137","232","-686","543","3819026","-12099096","84976","32411","-93","8043","136"
"73761.970","35053","24025","22460","835","-127","116","-768","544","3819059","-12098835","84905","32415","-60","8055","140"
"73762.970","35091","24032","22527","795","-145","199","-912","542","3819093","-12098573","84833","32414","-108","8053","119"
"73763.970","35125","24036","22559","794","-173","415","-778","541","3819127","-12098311","84760","32411","-151","8035","109"
"73764.970","35168","24044","22563","814","-157","197","-864","543","3819160","-12098049","84686","32410","-167","8040","101"
"73765.970","35207","24052","22610","799","-166","268","-839","543","3819194","-12097786","84610","32411","-194","8033","94"
"73766.970","35249","24067","22622","817","-168","379","-819","543","3819228","-12097522","84530","32420","-234","8027","85"
"73767.970","35293","24077","22672","800","-180","329","-789","543","3819262","-12097261","84447","32421","-238","8019","79"
"73768.970","35337","24086","22702","800","-175","356","-828","542","3819296","-12096997","84360","32422","-241","8013","74"
"73769.970","35380","24095","22731","802","-179","289","-1007","543","3819331","-12096733","84268","32424","-253","8013","72"
"73770.970","35424","24106","22744","817","-173","239","-892","543","3819366","-12096468","84176","32427","-241","7998","69"
"73771.970","35472","24115","22766","826","-166","310","-895","543","3819401","-12096205","84083","32425","-263","8001","55"
"73772.970","35517","24124","22795","828","-166","193","-915","544","3819437","-12095940","83989","32426","-241","7992","69"
"73773.970","35569","24132","22820","835","-175","204","-824","544","3819473","-12095675","83894","32423","-187","7992","71"
"73774.970","35619","24143","22845","838","-172","171","-1048","545","3819508","-12095410","83801","32425","-146","7987","61"
"73775.970","35664","24151","22877","836","-187","92","-806","545","3819544","-12095143","83708","32424","-152","7985","68"
"73776.970","35713","24155","22932","812","-215","103","-821","544","3819580","-12094877","83615","32417","-146","7977","73"
"73777.970","35759","24163","22963","808","-221","98","-1042","544","3819616","-12094611","83523","32416","-153","7979","72"
"73778.970","35807","24171","23006","792","-235","218","-914","543","3819653","-12094345","83433","32414","-125","7966","77"
"73779.970","35849","24182","23026","791","-219","132","-1052","542","3819689","-12094080","83345","32418","-139","7977","78"
"73780.970","35894","24187","23042","803","-246","88","-1054","544","3819725","-12093811","83259","32412","-109","7968","85"
"73781.970","35935","24193","23069","801","-256","236","-868","544","3819762","-12093545","83175","32410","-93","7966","79"
"73782.970","35977","24203","23080","810","-246","200","-981","544","3819798","-12093277","83091","32413","-83","7968","79"
"73783.970","36022","24209","23144","771","-270","216","-799","543","3819835","-12093008","83008","32409","-79","7967","74"
"73784.970","36070","24198","23216","723","-294","258","-841","542","3819871","-12092741","82924","32383","-66","7965","72"
"73785.970","36115","24198","23242","719","-295","444","-740","542","3819907","-12092472","82840","32370","-48","7970","57"
"73786.970","36158","24203","23256","727","-295","419","-819","541","3819944","-12092205","82756","32367","-39","7964","60"
"73787.970","36204","24210","23286","712","-268","453","-889","540","3819981","-12091936","82671","32364","-86","7977","63"
"73788.970","36249","24218","23315","704","-274","488","-968","540","3820017","-12091667","82586","32364","-91","7973","60"
"73789.970","36291","24223","23330","704","-244","479","-993","539","3820054","-12091397","82501","32359","-120","7975","59"
"73790.970","36332","24229","23339","709","-224","397","-779","539","3820090","-12091128","82417","32357","-152","7983","74"
"73791.970","36378","24233","23364","701","-221","325","-859","539","3820127","-12090858","82334","32351","-145","7978","71"
"73792.970","36424","24243","23398","684","-226","-1","-863","538","3820163","-12090589","82251","32352","-151","7975","78"
"73793.970","36466","24252","23420","675","-225","-81","-825","537","3820200","-12090320","82169","32354","-171","7975","81"
"73794.970","36507","24260","23434","676","-223","93","-848","537","3820237","-12090049","82088","32353","-176","7967","80"
"73795.970","36549","24263","23443","676","-205","60","-886","537","3820274","-12089778","82007","32348","-219","7972","76"
"73796.970","36591","24265","23473","657","-187","11","-998","535","3820311","-12089508","81927","32339","-205","7969","79"
"73797.970","36636","24267","23506","634","-179","-94","-1002","534","3820349","-12089238","81847","32330","-186","7968","79"
"73798.970","36675","24280","23501","652","-184","-158","-835","535","3820386","-12088967","81768","32338","-203","7965","90"
"73799.970","36712","24293","23488","677","-192","-22","-907","537","3820425","-12088696","81691","32346","-204","7955","91"
"73800.970","36751","24305","23493","688","-209","139","-992","538","3820463","-12088427","81615","32352","-202","7944","85"
"73801.970","36787","24310","23505","687","-204","275","-812","538","3820501","-12088154","81539","32350","-223","7939","72"
"73802.970","36827","24317","23519","686","-198","323","-722","538","3820539","-12087886","81462","32349","-231","7938","66"
"73803.970","36871","24324","23544","674","-201","252","-842","537","3820578","-12087613","81383","32348","-184","7933","65"
"73804.970","36914","24333","23558","674","-202","308","-750","537","3820616","-12087342","81304","32349","-164","7932","65"
"73805.970","36959","24342","23577","669","-205","324","-945","537","3820656","-12087072","81223","32349","-134","7933","67"
"73806.970","37003","24340","23616","639","-196","392","-880","534","3820695","-12086799","81143","32336","-115","7933","70"
"73807.970","37045","24343","23637","628","-193","310","-921","534","3820734","-12086528","81065","32329","-109","7933","77"
"73808.970","37081","24358","23624","653","-205","83","-914","535","3820773","-12086256","80988","32340","-108","7930","80"
"73809.970","37119","24375","23617","671","-225","114","-828","537","3820812","-12085986","80913","32354","-92","7922","91"
"73810.970","37156","24382","23630","667","-229","387","-913","537","3820851","-12085712","80839","32353","-82","7920","82"
"73811.970","37198","24382","23655","645","-208","392","-708","535","3820891","-12085442","80768","32343","-98","7930","87"
"73812.970","37233","24380","23667","637","-195","318","-797","535","3820930","-12085170","80697","32332","-102","7928","92"
"73813.970","37266","24383","23663","644","-184","176","-1212","535","3820969","-12084897","80628","32327","-118","7932","91"
"73814.970","37303","24392","23662","652","-187","15","-926","535","3821009","-12084626","80559","32330","-127","7930","87"
"73815.970","37339","24404","23669","655","-208","-56","-779","536","3821048","-12084353","80490","32337","-124","7920","113"
"73816.970","37380","24415","23693","634","-211","-6","-968","535","3821088","-12084079","80422","32342","-104","7925","120"
"73817.970","37409","24424","23693","634","-213","12","-781","535","3821128","-12083809","80357","32346","-74","7923","134"
"73818.970","37433","24430","23681","642","-211","46","-1034","536","3821167","-12083536","80295","32348","-65","7924","134"
"73819.970","37459","24432","23659","663","-216","9","-811","537","3821207","-12083264","80236","32345","-54","7924","140"
"73820.970","37482","24429","23624","692","-196","71","-884","538","3821247","-12082993","80181","32335","-49","7929","144"
"73821.970","37511","24422","23625","691","-210","98","-917","539","3821287","-12082721","80129","32318","-46","7933","146"
"73822.970","37536","24416","23644","673","-237","19","-839","538","3821326","-12082447","80082","32305","-32","7922","155"
"73823.970","37560","24419","23637","676","-244","-39","-812","539","3821365","-12082176","80039","32303","-35","7928","171"
"73824.970","37582","24421","23635","670","-241","22","-844","538","3821404","-12081903","80000","32300","-46","7929","172"
"73825.970","37600","24423","23648","648","-242","74","-787","537","3821443","-12081632","79964","32298","-48","7930","188"
"73826.970","37620","24424","23665","619","-239","6","-931","535","3821482","-12081359","79933","32295","-66","7934","219"
"73827.970","37630","24425","23662","609","-244","87","-847","534","3821521","-12081088","79907","32293","-61","7933","207"
"73828.970","37639","24425","23655","602","-246","115","-828","534","3821560","-12080817","79885","32291","-84","7933","195"
"73829.970","37655","24426","23655","591","-261","68","-746","534","3821599","-12080544","79866","32288","-93","7931","211"
"73830.970","37667","24423","23655","582","-292","67","-804","534","3821637","-12080274","79849","32281","-96","7925","227"
"73831.970","37676","24421","23635","589","-317","97","-841","535","3821676","-12080002","79835","32277","-73","7915","256"
"73832.970","37676","24422","23618","584","-313","152","-919","535","3821715","-12079730","79827","32277","-95","7919","253"
"73833.970","37677","24420","23606","576","-317","176","-1023","534","3821753","-12079462","79823","32276","-110","7913","254"
"73834.970","37675","24419","23597","564","-318","167","-864","534","3821792","-12079189","79822","32275","-134","7912","257"
"73835.970","37672","24419","23581","561","-324","200","-785","534","3821830","-12078920","79825","32275","-159","7911","259"
"73836.970","37672","24419","23549","572","-326","159","-1005","535","3821869","-12078649","79830","32275","-157","7903","262"
"73837.970","37671","24419","23529","571","-326","87","-875","534","3821908","-12078380","79835","32275","-173","7903","265"
"73838.970","37667","24419","23507","573","-329","124","-864","535","3821947","-12078112","79838","32277","-168","7896","264"
"73839.970","37665","24420","23482","580","-334","160","-812","536","3821985","-12077841","79840","32278","-175","7893","266"
"73840.970","37666","24419","23474","568","-339","187","-839","534","3822025","-12077574","79842","32276","-166","7889","270"
"73841.970","37662","24418","23453","566","-333","141","-936","534","3822064","-12077304","79846","32276","-159","7888","278"
"73842.970","37658","24418","23428","570","-336","108","-1028","535","3822103","-12077037","79850","32277","-140","7885","286"
"73843.970","37655","24418","23398","578","-336","144","-844","535","3822142","-12076769","79857","32278","-133","7883","288"
"73844.970","37646","24419","23370","583","-326","193","-953","535","3822181","-12076500","79866","32282","-122","7885","291"
"73845.970","37638","24420","23339","590","-316","217","-871","535","3822221","-12076233","79875","32285","-95","7889","295"
"73846.970","37632","24420","23316","591","-311","248","-818","536","3822260","-12075965","79886","32286","-73","7892","294"
"73847.970","37625","24419","23296","587","-299","230","-853","534","3822299","-12075698","79897","32286","-40","7897","295"
"73848.970","37619","24418","23276","585","-292","162","-873","534","3822338","-12075432","79909","32287","-11","7902","296"
"73849.970","37610","24417","23254","584","-281","140","-932","534","3822377","-12075164","79920","32288","13","7911","296"
"73850.970","37603","24417","23226","591","-277","121","-964","534","3822416","-12074897","79931","32290","30","7915","289"
"73851.970","37596","24418","23198","600","-271","99","-924","534","3822453","-12074630","79940","32292","34","7925","286"
"73852.970","37593","24415","23183","597","-270","94","-913","534","3822492","-12074364","79947","32290","44","7931","282"
"73853.970","37589","24414","23168","597","-271","37","-844","534","3822530","-12074099","79954","32289","59","7937","279"
"73854.970","37590","24413","23158","593","-278","-12","-980","534","3822567","-12073833","79959","32287","85","7943","274"
"73855.970","37589","24412","23145","592","-282","12","-967","535","3822604","-12073568","79962","32286","106","7953","273"
"73856.970","37589","24411","23135","589","-287","56","-970","534","3822641","-12073302","79964","32285","137","7964","271"
"73857.970","37594","24411","23125","585","-286","54","-955","534","3822678","-12073037","79964","32284","166","7973","270"
"73858.970","37594","24411","23110","586","-288","119","-892","534","3822714","-12072770","79962","32284","173","7987","268"
"73859.970","37592","24411","23101","584","-293","169","-836","534","3822749","-12072505","79958","32284","126","7994","271"
"73860.970","37591","24411","23089","583","-292","244","-807","534","3822785","-12072239","79955","32284","66","8000","271"
"73861.970","37591","24411","23084","575","-290","286","-886","533","3822821","-12071974","79952","32283","27","8005","272"
"73862.970","37591","24410","23073","573","-296","278","-794","534","3822855","-12071709","79950","32282","19","8011","274"
"73863.970","37592","24409","23066","568","-301","248","-1023","534","3822890","-12071443","79948","32282","17","8013","277"
"73864.970","37593","24409","23059","562","-301","191","-960","533","3822925","-12071178","79947","32281","-30","8016","280"
"73865.970","37590","24410","23035","572","-294","177","-888","533","3822958","-12070914","79947","32283","-74","8017","284"
"73866.970","37590","24410","23020","573","-289","249","-948","534","3822993","-12070648","79947","32284","-82","8023","282"
"73867.970","37589","24408","23013","569","-300","318","-1222","533","3823027","-12070383","79948","32281","-88","8019","280"
"73868.970","37588","24406","23006","564","-309","256","-1018","533","3823061","-12070119","79949","32278","-114","8016","285"
"73869.970","37583","24406","22988","569","-304","220","-826","534","3823095","-12069853","79950","32279","-138","8016","287"
"73870.970","37582","24405","22972","573","-308","193","-883","534","3823129","-12069590","79952","32278","-117","8014","286"
"73871.970","37581","24406","22950","582","-306","145","-812","534","3823163","-12069325","79953","32280","-127","8013","286"
"73872.970","37577","24406","22929","591","-300","191","-906","535","3823197","-12069061","79955","32281","-152","8014","285"
"73873.970","37575","24405","22916","592","-302","208","-961","535","3823232","-12068796","79955","32280","-161","8009","283"
"73874.970","37578","24405","22904","593","-301","176","-1283","535","3823265","-12068534","79956","32279","-168","8007","285"
"73875.970","37577","24404","22896","590","-303","144","-965","535","3823300","-12068270","79956","32278","-172","8004","285"
"73876.970","37572","24403","22891","583","-300","142","-885","535","3823333","-12068006","79955","32278","-169","8002","283"
"73877.970","37576","24404","22880","583","-297","162","-852","534","3823368","-12067742","79955","32278","-196","8003","283"
"73878.970","37576","24412","22853","596","-272","184","-862","534","3823403","-12067478","79954","32289","-188","7999","284"
"73879.970","37574","24410","22851","587","-269","157","-867","534","3823437","-12067216","79953","32287","-188","8004","284"
"73880.970","37574","24410","22840","589","-272","207","-981","534","3823472","-12066953","79952","32287","-196","7997","285"
"73881.970","37575","24410","22850","569","-275","282","-932","533","3823507","-12066690","79951","32287","-208","7989","283"
"73882.970","37576","24410","22851","557","-275","327","-933","532","3823542","-12066428","79951","32287","-219","7992","287"
"73883.970","37575","24413","22838","559","-273","312","-1026","532","3823576","-12066165","79952","32290","-184","7984","292"
"73884.970","37574","24414","22822","565","-275","304","-974","533","3823611","-12065904","79953","32292","-175","7984","289"
"73885.970","37573","24415","22802","574","-273","267","-802","533","3823647","-12065641","79955","32294","-166","7979","290"
"73886.970","37571","24412","22795","571","-275","226","-790","533","3823682","-12065379","79957","32290","-153","7980","292"
"73887.970","37568","24416","22787","568","-271","224","-980","533","3823717","-12065116","79959","32296","-134","7980","287"
"73888.970","37566","24422","22773","572","-265","236","-871","532","3823752","-12064855","79960","32304","-143","7980","286"
"73889.970","37568","24426","22756","582","-273","129","-909","534","3823787","-12064592","79960","32310","-148","7977","288"
"73890.970","37564","24432","22728","601","-273","122","-943","534","3823823","-12064331","79960","32318","-148","7973","284"
"73891.970","37566","24428","22725","594","-265","118","-765","534","3823858","-12064069","79958","32314","-145","7975","285"
"73892.970","37567","24430","22716","594","-260","52","-1055","534","3823893","-12063808","79956","32315","-130","7976","288"
"73893.970","37568","24440","22673","629","-252","53","-887","536","3823929","-12063546","79953","32328","-134","7979","287"
"73894.970","37567","24439","22663","633","-257","81","-925","536","3823965","-12063286","79949","32327","-148","7975","284"
"73895.970","37570","24430","22671","620","-271","165","-834","536","3824000","-12063025","79946","32314","-151","7971","286"
"73896.970","37573","24430","22664","618","-270","77","-957","536","3824035","-12062764","79944","32314","-126","7969","295"
"73897.970","37572","24428","22657","616","-265","97","-954","535","3824070","-12062502","79942","32312","-137","7972","295"
"73898.970","37571","24423","22659","608","-272","227","-829","535","3824106","-12062241","79941","32305","-134","7969","294"
"73899.970","37574","24424","22661","596","-273","238","-1019","535","3824141","-12061980","79942","32305","-118","7968","299"
"73900.970","37571","24418","22656","595","-281","282","-1018","534","3824177","-12061721","79944","32298","-117","7971","303"
"73901.970","37569","24406","22638","601","-272","212","-1000","535","3824213","-12061460","79947","32283","-121","7962","304"
"73902.970","37567","24407","22626","602","-264","68","-890","535","3824248","-12061199","79951","32284","-156","7971","306"
"73903.970","37563","24407","22608","613","-278","13","-783","535","3824283","-12060937","79955","32286","-143","7959","304"
"73904.970","37561","24409","22591","620","-274","167","-762","536","3824318","-12060678","79958","32289","-118","7967","302"
"73905.970","37559","24410","22596","609","-287","277","-885","535","3824354","-12060417","79962","32291","-125","7960","299"
"73906.970","37560","24407","22588","608","-284","204","-1000","536","3824389","-12060157","79965","32287","-125","7958","300"
"73907.970","37557","24405","22603","581","-271","195","-862","534","3824425","-12059896","79968","32285","-123","7967","299"
"73908.970","37556","24403","22613","563","-266","309","-777","532","3824461","-12059637","79970","32282","-102","7967","292"
"73909.970","37556","24401","22622","546","-263","278","-853","531","3824496","-12059378","79972","32280","-141","7970","297"
"73910.970","37557","24403","22610","551","-265","294","-946","531","3824532","-12059119","79974","32282","-148","7967","291"
"73911.970","37556","24404","22613","543","-277","251","-893","531","3824566","-12058859","79975","32283","-139","7963","288"
"73912.970","37555","24404","22624","524","-270","164","-799","530","3824602","-12058597","79975","32284","-122","7966","292"
"73913.970","37557","24407","22604","536","-267","137","-980","530","3824638","-12058340","79974","32288","-99","7973","292"
"73914.970","37556","24408","22605","527","-261","232","-901","529","3824673","-12058080","79973","32288","-97","7970","283"
"73915.970","37555","24410","22606","520","-258","197","-697","530","3824708","-12057820","79972","32291","-149","7969","284"
"73916.970","37555","24412","22604","518","-268","70","-1079","529","3824744","-12057561","79969","32294","-145","7970","291"
"73917.970","37559","24415","22602","515","-275","106","-888","529","3824779","-12057301","79966","32297","-99","7963","288"
"73918.970","37560","24417","22594","515","-271","235","-843","529","3824814","-12057043","79963","32300","-89","7971","285"
"73919.970","37562","24421","22589","514","-269","249","-874","529","3824850","-12056784","79961","32304","-104","7971","291"
"73920.970","37562","24425","22573","523","-264","215","-863","530","3824885","-12056524","79959","32309","-127","7971","295"
"73921.970","37561","24426","22554","535","-262","65","-978","530","3824920","-12056266","79958","32312","-103","7972","298"
"73922.970","37562","24431","22529","553","-255","144","-895","531","3824956","-12056008","79957","32317","-104","7973","297"
"73923.970","37558","24427","22523","554","-262","224","-985","531","3824991","-12055748","79956","32314","-97","7976","296"
"73924.970","37559","24425","22515","558","-272","275","-844","532","3825026","-12055489","79956","32310","-107","7968","302"
"73925.970","37561","24420","22493","574","-278","198","-783","533","3825062","-12055230","79957","32304","-107","7967","299"
"73926.970","37559","24427","22488","569","-264","109","-970","532","3825097","-12054972","79958","32313","-108","7974","303"
"73927.970","37556","24424","22467","585","-261","642","-825","534","3825132","-12054712","79960","32310","-83","7974","301"
"73928.970","37554","24415","22429","615","-246","422","-911","535","3825166","-12054455","79962","32298","-126","7978","303"
"73929.970","37553","24418","22434","604","-243","135","-1040","533","3825202","-12054196","79965","32303","-129","7974","302"
"73930.970","37550","24418","22431","599","-240","164","-858","534","3825237","-12053938","79968","32304","-109","7981","307"
"73931.970","37551","24420","22411","612","-236","147","-958","534","3825272","-12053680","79971","32305","-98","7980","304"
"73932.970","37546","24420","22410","606","-231","130","-743","534","3825306","-12053421","79972","32307","-164","7980","303"
"73933.970","37546","24421","22412","600","-236","27","-891","533","3825342","-12053163","79973","32309","-155","7978","305"
"73934.970","37548","24423","22404","604","-243","174","-830","534","3825377","-12052906","79974","32311","-89","7975","299"
"73935.970","37549","24422","22394","609","-240","312","-961","534","3825412","-12052647","79974","32309","-108","7983","302"
"73936.970","37547","24418","22389","609","-236","292","-828","534","3825446","-12052390","79975","32305","-115","7976","300"
"73937.970","37545","24420","22381","612","-237","195","-944","534","3825482","-12052131","79975","32308","-129","7982","301"
"73938.970","37544","24419","22388","600","-234","224","-908","533","3825516","-12051875","79976","32307","-107","7980","300"
"73939.970","37546","24417","22376","609","-236","247","-756","534","3825551","-12051616","79976","32303","-112","7982","302"
"73940.970","37547","24418","22363","618","-236","134","-1043","535","3825586","-12051356","79976","32305","-132","7983","302"
"73941.970","37542","24421","22351","626","-230","72","-952","535","3825621","-12051100","79976","32309","-134","7981","299"
"73942.970","37545","24421","22348","625","-230","138","-793","534","3825655","-12050841","79974","32308","-111","7980","299"
"73943.970","37546","24422","22341","630","-236","192","-914","536","3825690","-12050585","79973","32310","-91","7985","302"
"73944.970","37550","24423","22347","621","-238","194","-816","535","3825725","-12050326","79972","32310","-109","7983","301"
"73945.970","37548","24422","22360","605","-244","171","-1349","534","3825760","-12050068","79971","32309","-129","7982","301"
"73946.970","37548","24423","22365","596","-247","238","-895","533","3825794","-12049811","79970","32310","-84","7984","302"
"73947.970","37551","24422","22358","598","-241","305","-1015","533","3825829","-12049553","79971","32309","-82","7989","303"
"73948.970","37551","24421","22353","598","-236","203","-803","533","3825863","-12049295","79971","32308","-115","7987","307"
"73949.970","37549","24423","22360","588","-244","88","-815","533","3825898","-12049038","79972","32310","-135","7987","308"
"73950.970","37546","24426","22347","594","-242","59","-920","533","3825932","-12048780","79973","32316","-113","7986","307"
"73951.970","37545","24430","22328","608","-241","64","-821","534","3825967","-12048523","79974","32321","-93","7990","305"
"73952.970","37547","24431","22324","608","-242","117","-958","535","3826002","-12048266","79974","32321","-110","7990","303"
"73953.970","37548","24431","22323","606","-241","121","-831","534","3826036","-12048008","79975","32321","-133","7988","304"
"73954.970","37545","24428","22325","601","-246","133","-967","534","3826071","-12047751","79975","32317","-145","7988","303"
"73955.970","37546","24427","22319","603","-243","167","-797","534","3826105","-12047495","79975","32316","-140","7987","307"
"73956.970","37546","24428","22313","605","-246","181","-813","534","3826139","-12047238","79975","32318","-141","7988","306"
"73957.970","37545","24427","22302","612","-243","173","-967","535","3826173","-12046980","79975","32317","-136","7981","306"
"73958.970","37545","24428","22290","620","-241","174","-813","535","3826208","-12046723","79976","32317","-154","7987","307"
"73959.970","37544","24427","22280","627","-240","114","-940","536","3826242","-12046464","79976","32317","-133","7982","308"
"73960.970","37546","24427","22287","615","-237","56","-848","535","3826277","-12046208","79976","32317","-123","7986","307"
"73961.970","37545","24426","22276","625","-247","78","-951","536","3826312","-12045951","79976","32315","-125","7985","308"
"73962.970","37548","24425","22291","606","-237","88","-1046","535","3826346","-12045694","79976","32313","-114","7986","307"
"73963.970","37548","24426","22308","580","-215","99","-1029","532","3826381","-12045437","79976","32315","-119","7998","311"
"73964.970","37548","24427","22303","582","-214","141","-840","532","3826415","-12045181","79977","32316","-133","7992","306"
"73965.970","37547","24427","22306","574","-207","82","-884","531","3826449","-12044924","79978","32317","-192","7993","310"
"73966.970","37548","24428","22324","552","-208","192","-930","529","3826484","-12044667","79978","32317","-155","7991","311"
"73967.970","37547","24428","22305","568","-207","201","-840","531","3826519","-12044410","79980","32318","-131","7995","311"
"73968.970","37545","24429","22283","587","-208","218","-837","531","3826553","-12044153","79982","32319","-147","7992","310"
"73969.970","37542","24429","22274","593","-215","211","-879","533","3826587","-12043897","79984","32320","-156","7987","310"
"73970.970","37542","24429","22276","590","-228","192","-892","533","3826622","-12043639","79986","32320","-137","7986","311"
"73971.970","37544","24428","22278","586","-232","147","-868","532","3826657","-12043383","79987","32318","-94","7984","312"
"73972.970","37543","24427","22278","580","-223","113","-784","532","3826691","-12043128","79989","32317","-106","7990","311"
"73973.970","37541","24426","22285","570","-226","60","-903","532","3826726","-12042869","79991","32316","-171","7987","311"
"73974.970","37537","24425","22276","577","-229","42","-843","532","3826761","-12042614","79992","32316","-139","7981","312"
"73975.970","37537","24424","22270","579","-228","96","-890","532","3826795","-12042357","79993","32315","-116","7990","311"
"73976.970","37538","24424","22264","581","-226","94","-838","532","3826830","-12042099","79993","32315","-86","7985","307"
"73977.970","37538","24424","22265","579","-233","90","-1002","533","3826864","-12041844","79994","32315","-154","7990","307"
"73978.970","37537","24423","22269","573","-232","135","-820","531","3826899","-12041587","79993","32314","-148","7982","305"
"73979.970","37540","24423","22262","577","-230","114","-761","531","3826933","-12041331","79992","32313","-104","7989","304"
"73980.970","37539","24423","22264","573","-229","119","-944","531","3826968","-12041074","79991","32313","-99","7988","303"
"73981.970","37539","24422","22263","574","-238","161","-811","532","3827002","-12040818","79990","32312","-117","7987","301"
"73982.970","37538","24422","22257","579","-244","162","-945","532","3827036","-12040562","79989","32312","-132","7988","306"
"73983.970","37541","24422","22264","569","-238","159","-885","531","3827071","-12040306","79988","32310","-88","7982","303"
"73984.970","37543","24421","22266","565","-239","155","-911","531","3827105","-12040049","79987","32309","-115","7995","307"
"73985.970","37538","24421","22260","571","-247","170","-897","532","3827140","-12039794","79987","32310","-114","7985","306"
"73986.970","37541","24421","22252","578","-253","195","-845","533","3827174","-12039537","79987","32309","-127","7989","308"
"73987.970","37541","24421","22246","580","-250","184","-1039","533","3827208","-12039281","79987","32310","-120","7983","309"
"73988.970","37539","24420","22256","566","-240","177","-929","531","3827242","-12039025","79988","32309","-131","7990","309"
"73989.970","37541","24420","22257","562","-239","177","-751","531","3827277","-12038768","79989","32308","-146","7988","310"
"73990.970","37541","24420","22253","564","-241","144","-1186","531","3827311","-12038512","79990","32308","-148","7986","309"
"73991.970","37539","24419","22253","562","-246","129","-961","531","3827345","-12038256","79991","32307","-135","7987","310"
"73992.970","37539","24419","22245","567","-245","118","-940","532","3827380","-12038001","79992","32307","-125","7987","309"
"73993.970","37538","24418","22245","566","-249","110","-971","532","3827414","-12037744","79993","32307","-124","7986","306"
"73994.970","37543","24419","22243","565","-248","83","-810","532","3827448","-12037488","79993","32306","-126","7984","306"
"73995.970","37542","24418","22246","562","-253","67","-801","531","3827483","-12037233","79993","32306","-121","7988","304"
"73996.970","37543","24419","22250","555","-251","59","-730","531","3827517","-12036976","79991","32306","-116","7985","302"
"73997.970","37541","24418","22259","545","-254","80","-791","531","3827551","-12036720","79990","32306","-135","7989","303"
"73998.970","37545","24418","22261","542","-256","96","-848","531","3827585","-12036463","79988","32304","-139","7983","304"
"73999.970","37541","24417","22260","541","-258","122","-967","530","3827620","-12036209","79987","32305","-146","7985","306"
"74000.970","37541","24417","22262","538","-264","129","-813","530","3827654","-12035953","79986","32305","-128","7984","308"
"74001.970","37544","24417","22263","534","-261","126","-742","531","3827689","-12035697","79986","32304","-112","7986","308"
"74002.970","37543","24416","22256","539","-265","150","-952","531","3827723","-12035440","79986","32303","-114","7985","311"
"74003.970","37544","24417","22251","540","-263","163","-836","531","3827757","-12035184","79987","32303","-120","7985","313"
"74004.970","37542","24416","22251","538","-266","137","-798","531","3827792","-12034928","79989","32303","-133","7985","309"
"74005.970","37539","24415","22241","544","-263","145","-906","532","3827825","-12034673","79990","32303","-144","7982","310"
"74006.970","37538","24414","22230","554","-262","187","-874","531","3827860","-12034418","79992","32302","-143","7983","309"
"74007.970","37538","24415","22222","560","-264","202","-775","533","3827894","-12034162","79993","32302","-135","7981","308"
"74008.970","37538","24414","22221","559","-265","202","-919","532","3827929","-12033905","79994","32302","-125","7980","305"
"74009.970","37537","24414","22218","561","-266","241","-770","532","3827963","-12033650","79994","32302","-136","7983","306"
"74010.970","37537","24414","22208","570","-269","268","-1008","532","3827997","-12033395","79995","32301","-147","7978","303"
"74011.970","37536","24413","22213","564","-269","255","-838","531","3828031","-12033139","79995","32301","-146","7980","305"
"74012.970","37536","24412","22213","566","-280","258","-836","532","3828066","-12032884","79994","32299","-125","7979","304"
"74013.970","37536","24412","22196","583","-284","257","-941","534","3828100","-12032627","79994","32299","-111","7975","301"
"74014.970","37539","24411","22186","592","-281","232","-782","535","3828134","-12032373","79993","32297","-132","7976","304"
"74015.970","37538","24411","22175","604","-287","183","-979","535","3828169","-12032118","79991","32297","-89","7976","305"
"74016.970","37539","24411","22166","613","-286","220","-959","536","3828203","-12031860","79990","32297","-88","7980","303"
"74017.970","37538","24411","22157","624","-287","174","-840","536","3828236","-12031604","79988","32297","-130","7977","302"
"74018.970","37541","24411","22159","622","-293","99","-785","536","3828271","-12031349","79986","32296","-170","7971","300"
"74019.970","37541","24410","22159","624","-299","40","-764","537","3828305","-12031094","79982","32295","-153","7971","298"
"74020.970","37544","24410","22155","629","-300","16","-885","537","3828339","-12030838","79978","32294","-110","7971","298"
"74021.970","37547","24410","22166","617","-290","-12","-939","536","3828373","-12030582","79973","32293","-93","7976","298"
"74022.970","37552","24410","22174","609","-295","-61","-945","536","3828407","-12030326","79968","32292","-128","7977","298"
"74023.970","37553","24411","22179","606","-300","-6","-782","536","3828441","-12030070","79962","32294","-159","7973","297"
"74024.970","37557","24411","22184","604","-301","8","-898","535","3828476","-12029815","79956","32293","-121","7974","297"
"74025.970","37560","24412","22183","607","-307","24","-999","536","3828510","-12029559","79951","32293","-100","7974","298"
"74026.970","37563","24411","22185","608","-315","48","-856","537","3828544","-12029303","79945","32291","-133","7974","298"
"74027.970","37565","24411","22186","608","-320","141","-824","536","3828578","-12029048","79940","32291","-150","7968","299"
"74028.970","37569","24404","22178","621","-340","254","-870","538","3828612","-12028793","79936","32280","-116","7970","298"
"74029.970","37567","24397","22196","605","-349","272","-920","537","3828647","-12028535","79932","32272","-88","7965","299"
"74030.970","37573","24396","22210","592","-349","266","-815","537","3828680","-12028279","79929","32269","-118","7968","297"
"74031.970","37574","24394","22218","584","-355","246","-888","536","3828715","-12028025","79926","32265","-140","7965","298"
"74032.970","37576","24392","22208","595","-354","366","-1399","537","3828748","-12027769","79923","32263","-133","7963","296"
"74033.970","37578","24386","22221","588","-378","342","-871","537","3828783","-12027513","79921","32254","-101","7964","298"
"74034.970","37579","24386","22233","575","-380","190","-926","537","3828816","-12027256","79919","32254","-83","7960","298"
"74035.970","37580","24386","22230","577","-374","276","-984","536","3828850","-12027001","79917","32254","-121","7967","294"
"74036.970","37580","24385","22228","581","-381","234","-874","537","3828885","-12026745","79914","32253","-150","7959","294"
"74037.970","37582","24387","22225","585","-374","231","-1033","537","3828919","-12026490","79911","32255","-130","7962","289"
"74038.970","37583","24387","22224","589","-381","181","-987","538","3828953","-12026234","79906","32254","-99","7961","292"
"74039.970","37586","24388","22221","592","-377","116","-801","538","3828986","-12025978","79901","32255","-110","7964","289"
"74040.970","37591","24389","22224","591","-379","49","-1039","538","3829020","-12025721","79895","32255","-133","7962","290"
"74041.970","37593","24390","22223","593","-378","91","-747","537","3829054","-12025464","79889","32256","-162","7961","288"
"74042.970","37598","24389","22232","589","-390","79","-875","538","3829088","-12025209","79881","32253","-169","7958","288"
"74043.970","37601","24388","22233","591","-395","95","-754","538","3829121","-12024954","79874","32252","-158","7951","289"
"74044.970","37605","24388","22233","596","-403","131","-915","539","3829156","-12024698","79867","32250","-141","7952","286"
"74045.970","37607","24389","22228","601","-398","164","-866","539","3829190","-12024441","79860","32251","-143","7950","288"
"74046.970","37611","24390","22232","599","-400","192","-772","539","3829224","-12024185","79853","32252","-141","7952","293"
"74047.970","37615","24390","22233","600","-405","171","-960","539","3829258","-12023929","79847","32251","-171","7949","292"
"74048.970","37618","24391","22235","600","-410","188","-954","539","3829292","-12023674","79842","32251","-165","7942","291"
"74049.970","37622","24391","22238","598","-411","210","-903","539","3829326","-12023416","79837","32250","-169","7946","297"
"74050.970","37623","24391","22237","600","-413","193","-926","539","3829361","-12023160","79833","32250","-124","7942","296"
"74051.970","37625","24390","22245","594","-422","193","-996","539","3829395","-12022905","79829","32248","-125","7945","296"
"74052.970","37626","24391","22237","602","-420","186","-1090","539","3829430","-12022648","79826","32249","-155","7938","296"
"74053.970","37628","24391","22237","602","-420","185","-871","540","3829464","-12022392","79823","32249","-170","7939","295"
"74054.970","37632","24392","22240","601","-426","174","-925","540","3829498","-12022136","79820","32248","-137","7939","298"
"74055.970","37633","24391","22240","601","-431","176","-911","540","3829533","-12021880","79818","32247","-101","7938","302"
"74056.970","37633","24390","22243","598","-432","183","-788","540","3829567","-12021624","79817","32246","-140","7939","302"
"74057.970","37633","24390","22243","596","-431","168","-915","540","3829601","-12021368","79816","32246","-165","7932","302"
"74058.970","37633","24390","22239","600","-435","112","-938","540","3829636","-12021112","79815","32246","-134","7934","307"
"74059.970","37635","24390","22236","603","-436","134","-890","540","3829670","-12020857","79815","32245","-89","7936","309"
"74060.970","37631","24390","22224","612","-435","127","-801","541","3829704","-12020600","79816","32246","-103","7937","308"
"74061.970","37631","24390","22213","621","-435","70","-885","541","3829739","-12020345","79817","32246","-141","7937","309"
"74062.970","37632","24389","22212","622","-438","76","-816","541","3829773","-12020088","79818","32246","-114","7935","308"
"74063.970","37631","24390","22205","628","-440","101","-933","541","3829807","-12019832","79819","32246","-89","7939","309"
"74064.970","37629","24390","22201","631","-438","135","-916","541","3829841","-12019576","79820","32247","-102","7938","307"
"74065.970","37628","24390","22201","630","-438","143","-750","542","3829876","-12019320","79820","32247","-152","7939","307"
"74066.970","37628","24390","22199","631","-439","114","-916","542","3829910","-12019065","79821","32247","-135","7936","306"
"74067.970","37631","24389","22196","633","-440","92","-779","542","3829944","-12018809","79821","32246","-92","7940","309"
"74068.970","37630","24389","22194","634","-438","47","-791","541","3829978","-12018552","79821","32245","-101","7941","307"
"74069.970","37629","24387","22190","637","-440","24","-908","542","3830012","-12018296","79821","32243","-150","7939","306"
"74070.970","37629","24388","22187","640","-439","79","-839","542","3830046","-12018040","79821","32244","-128","7938","307"
"74071.970","37627","24387","22189","637","-443","104","-881","542","3830080","-12017784","79821","32244","-96","7940","306"
"74072.970","37630","24388","22194","632","-446","148","-910","542","3830114","-12017527","79821","32244","-116","7943","307"
"74073.970","37631","24388","22200","626","-449","231","-822","542","3830149","-12017272","79822","32244","-158","7937","309"
"74074.970","37632","24389","22204","622","-451","271","-841","541","3830182","-12017017","79823","32245","-122","7940","307"
"74075.970","37626","24390","22210","617","-460","338","-899","542","3830216","-12016761","79824","32247","-90","7939","306"
"74076.970","37629","24392","22209","617","-463","346","-919","542","3830251","-12016505","79827","32249","-117","7939","309"
"74077.970","37625","24392","22207","619","-467","316","-878","542","3830285","-12016247","79829","32250","-141","7938","307"
"74078.970","37625","24390","22211","615","-471","301","-1010","542","3830319","-12015992","79832","32249","-105","7938","309"
"74079.970","37627","24391","22206","619","-472","242","-884","542","3830352","-12015736","79834","32249","-89","7942","307"
"74080.970","37625","24392","22201","622","-469","246","-810","542","3830386","-12015480","79836","32250","-121","7942","307"
"74081.970","37623","24391","22201","621","-469","223","-886","542","3830420","-12015225","79837","32251","-153","7940","304"
"74082.970","37622","24391","22202","620","-471","256","-979","542","3830454","-12014968","79837","32251","-128","7941","302"
"74083.970","37624","24390","22208","614","-475","244","-903","542","3830488","-12014712","79837","32248","-110","7940","301"
"74084.970","37625","24389","22214","607","-476","164","-828","542","3830521","-12014456","79837","32247","-160","7939","301"
"74085.970","37624","24388","22221","599","-474","99","-875","542","3830555","-12014202","79836","32246","-177","7935","302"
"74086.970","37626","24388","22219","600","-474","77","-973","542","3830589","-12013946","79834","32245","-135","7937","300"
"74087.970","37628","24388","22220","599","-477","85","-879","541","3830623","-12013690","79832","32245","-100","7939","303"
"74088.970","37629","24388","22221","598","-479","67","-798","541","3830657","-12013434","79830","32245","-116","7940","300"
"74089.970","37629","24389","22221","597","-483","71","-951","541","3830691","-12013177","79828","32246","-149","7935","303"
"74090.970","37630","24389","22221","596","-482","33","-773","542","3830724","-12012921","79826","32246","-138","7934","304"
"74091.970","37632","24389","22218","598","-483","-14","-971","541","3830758","-12012665","79823","32246","-97","7937","304"
"74092.970","37634","24390","22215","602","-486","28","-882","542","3830792","-12012410","79821","32246","-94","7937","304"
"74093.970","37635","24390","22211","606","-488","67","-858","542","3830826","-12012154","79820","32246","-141","7939","305"
"74094.970","37633","24390","22208","611","-494","103","-953","542","3830860","-12011898","79818","32246","-119","7934","304"
"74095.970","37635","24390","22207","610","-489","120","-880","542","3830893","-12011643","79816","32246","-88","7940","304"
"74096.970","37639","24391","22200","617","-485","143","-771","542","3830927","-12011386","79816","32246","-94","7945","307"
"74097.970","37640","24391","22209","606","-487","132","-867","542","3830961","-12011131","79815","32246","-143","7940","305"
"74098.970","37639","24390","22215","599","-487","134","-792","542","3830995","-12010875","79815","32245","-148","7940","308"
"74099.970","37641","24390","22212","599","-481","148","-1085","542","3831028","-12010620","79815","32244","-103","7941","310"
"74100.970","37639","24389","22207","605","-489","139","-787","542","3831062","-12010363","79816","32244","-119","7944","310"
"74101.970","37637","24389","22212","599","-493","124","-888","542","3831096","-12010106","79817","32244","-153","7936","309"
"74102.970","37637","24389","22221","587","-487","122","-1003","541","3831129","-12009852","79818","32244","-140","7943","308"
"74103.970","37637","24389","22219","587","-490","110","-915","541","3831163","-12009597","79820","32243","-97","7941","310"
"74104.970","37637","24388","22215","589","-494","124","-908","542","3831196","-12009340","79821","32243","-126","7942","306"
"74105.970","37636","24388","22206","597","-498","97","-956","542","3831230","-12009085","79822","32242","-172","7937","309"
"74106.970","37633","24388","22205","597","-495","39","-919","542","3831264","-12008828","79823","32243","-142","7938","307"
"74107.970","37634","24387","22204","598","-499","37","-878","542","3831297","-12008573","79823","32242","-105","7939","305"
"74108.970","37634","24387","22199","601","-499","71","-833","542","3831331","-12008318","79823","32242","-132","7941","304"
"74109.970","37637","24387","22192","607","-496","70","-1052","542","3831365","-12008062","79822","32242","-177","7935","303"
"74110.970","37639","24387","22193","608","-499","87","-888","542","3831398","-12007806","79821","32241","-151","7935","303"
"74111.970","37637","24387","22194","606","-498","124","-1001","542","3831432","-12007550","79819","32241","-112","7938","300"
"74112.970","37640","24386","22195","605","-500","212","-924","542","3831466","-12007296","79817","32240","-155","7934","299"
"74113.970","37640","24385","22189","614","-510","220","-998","543","3831500","-12007038","79815","32238","-190","7928","300"
"74114.970","37639","24384","22180","625","-517","160","-1245","544","3831533","-12006782","79813","32236","-134","7927","301"
"74115.970","37640","24384","22174","632","-517","111","-825","544","3831567","-12006528","79811","32236","-98","7929","302"
"74116.970","37640","24382","22177","630","-523","102","-1062","544","3831601","-12006272","79809","32234","-165","7925","304"
"74117.970","37640","24381","22180","629","-528","114","-996","544","3831634","-12006016","79807","32233","-170","7921","301"
"74118.970","37642","24381","22177","632","-530","128","-939","544","3831669","-12005760","79805","32232","-113","7922","303"
"74119.970","37642","24381","22170","639","-531","105","-762","545","3831702","-12005506","79803","32231","-104","7924","303"
"74120.970","37643","24381","22159","650","-530","93","-795","545","3831736","-12005250","79801","32231","-159","7923","303"
"74121.970","37645","24382","22154","656","-531","136","-862","545","3831770","-12004993","79799","32233","-147","7918","301"
"74122.970","37646","24383","22153","659","-533","200","-1065","546","3831804","-12004737","79797","32233","-98","7922","303"
"74123.970","37649","24383","22151","661","-532","214","-952","546","3831804","-12004737","79797","32232","-97","7926","305"
"74124.970","37646","24382","22153","660","-531","212","-839","546","3831872","-12004227","79795","32233","-147","7922","305"
"74125.970","37648","24382","22158","655","-534","200","-845","546","3831905","-12003971","79794","32232","-140","7922","307"
"74126.970","37650","24382","22159","653","-535","175","-917","546","3831905","-12003971","79794","32232","-95","7924","307"
"74127.970","37651","24382","22158","653","-533","170","-915","546","3831939","-12003714","79794","32232","-106","7928","307"
"74128.970","37648","24382","22158","653","-533","163","-1018","546","3831973","-12003461","79794","32232","-150","7925","305"
"74129.970","37649","24381","22154","657","-533","201","-803","546","3832007","-12003203","79795","32231","-126","7922","305"
"74130.970","37650","24381","22149","664","-538","244","-1108","546","3832041","-12002948","79794","32230","-82","7926","303"
"74131.970","37648","24380","22149","665","-544","272","-861","546","3832074","-12002691","79794","32230","-97","7924","303"
"74132.970","37650","24380","22149","668","-550","316","-881","547","3832107","-12002436","79794","32228","-152","7925","304"
"74133.970","37647","24379","22154","663","-549","336","-899","546","3832141","-12002181","79793","32228","-106","7921","303"
"74134.970","37648","24378","22158","659","-549","392","-854","546","3832174","-12001925","79793","32226","-60","7928","300"
"74135.970","37651","24378","22163","655","-550","367","-830","546","3832208","-12001669","79793","32226","-130","7928","303"
"74136.970","37648","24378","22158","660","-551","332","-932","546","3832242","-12001413","79793","32227","-147","7924","302"
"74137.970","37648","24379","22157","663","-556","288","-925","547","3832275","-12001157","79794","32228","-87","7926","304"
"74138.970","37647","24379","22166","653","-554","299","-887","546","3832309","-12000901","79794","32227","-129","7930","302"
"74139.970","37647","24378","22167","652","-549","318","-1018","546","3832343","-12000644","79794","32227","-171","7924","302"
"74140.970","37649","24377","22175","645","-552","341","-739","546","3832376","-12000389","79794","32225","-145","7927","301"
"74141.970","37650","24376","22173","647","-552","299","-917","546","3832409","-12000132","79793","32224","-93","7927","299"
"74142.970","37649","24376","22176","646","-558","235","-791","546","3832443","-11999878","79792","32224","-165","7926","299"
"74143.970","37650","24375","22189","634","-563","116","-912","546","3832476","-11999622","79791","32223","-160","7919","301"
"74144.970","37650","24375","22192","631","-564","152","-895","546","3832510","-11999366","79790","32222","-95","7928","300"
"74145.970","37651","24375","22182","642","-565","211","-844","546","3832543","-11999109","79788","32222","-103","7924","298"
"74146.970","37654","24375","22176","650","-568","217","-883","547","3832577","-11998854","79786","32222","-170","7926","298"
"74147.970","37655","24376","22168","659","-571","211","-877","547","3832610","-11998598","79784","32222","-126","7919","302"
"74148.970","37656","24378","22163","666","-577","243","-1004","547","3832644","-11998343","79782","32224","-80","7920","301"
"74149.970","37655","24377","22172","658","-578","255","-966","547","3832677","-11998087","79780","32223","-153","7921","300"
"74150.970","37653","24376","22173","656","-571","225","-891","547","3832710","-11997829","79778","32223","-145","7922","301"
"74151.970","37652","24377","22172","657","-567","164","-898","547","3832744","-11997574","79777","32224","-102","7925","303"
"74152.970","37657","24377","22177","654","-574","147","-883","547","3832778","-11997319","79776","32223","-107","7923","303"
"74153.970","37659","24376","22179","651","-572","130","-761","547","3832811","-11997062","79775","32222","-177","7925","304"
"74154.970","37659","24376","22175","655","-573","156","-806","547","3832845","-11996807","79774","32221","-117","7921","302"
"74155.970","37660","24375","22177","654","-575","183","-894","547","3832878","-11996551","79773","32220","-105","7925","306"
"74156.970","37656","24375","22171","660","-575","181","-748","547","3832911","-11996294","79772","32220","-153","7921","303"
"74157.970","37657","24375","22164","668","-577","199","-965","547","3832945","-11996038","79771","32221","-155","7920","302"
"74158.970","37660","24375","22154","680","-581","191","-897","548","3832979","-11995782","79770","32220","-107","7921","302"
"74159.970","37661","24375","22153","681","-578","146","-862","548","3833012","-11995526","79769","32220","-128","7921","303"
"74160.970","37660","24374","22156","678","-576","113","-886","548","3833045","-11995272","79768","32219","-161","7918","304"
"74161.970","37662","24375","22155","680","-577","156","-739","549","3833078","-11995014","79766","32219","-151","7922","303"
"74162.970","37661","24373","22160","675","-578","174","-943","548","3833112","-11994759","79764","32217","-119","7919","300"
"74163.970","37661","24373","22160","675","-577","187","-960","548","3833146","-11994502","79763","32217","-156","7921","305"
"74164.970","37662","24373","22167","669","-583","238","-998","548","3833179","-11994247","79761","32216","-162","7917","302"
"74165.970","37662","24372","22168","669","-583","248","-837","548","3833212","-11993989","79760","32216","-125","7915","304"
"74166.970","37665","24371","22173","664","-589","217","-794","548","3833246","-11993734","79759","32214","-120","7918","308"
"74167.970","37663","24369","22180","657","-589","205","-870","547","3833280","-11993479","79759","32211","-155","7914","307"
"74168.970","37665","24369","22176","660","-587","191","-815","547","3833313","-11993222","79760","32210","-176","7914","305"
"74169.970","37663","24366","22172","667","-608","246","-893","548","3833347","-11992967","79760","32207","-120","7910","305"
"74170.970","37662","24361","22188","655","-627","224","-862","549","3833380","-11992711","79760","32201","-91","7908","305"
"74171.970","37663","24361","22183","660","-629","153","-844","549","3833413","-11992454","79761","32200","-119","7909","308"
"74172.970","37663","24363","22167","674","-622","123","-895","549","3833447","-11992200","79762","32204","-128","7905","306"
"74173.970","37662","24366","22172","665","-606","61","-973","548","3833481","-11991944","79762","32208","-111","7912","305"
"74174.970","37662","24365","22184","653","-609","68","-943","548","3833515","-11991688","79762","32206","-122","7917","305"
"74175.970","37663","24365","22186","652","-615","64","-881","548","3833548","-11991432","79762","32206","-171","7907","303"
"74176.970","37663","24366","22175","661","-608","58","-798","548","3833582","-11991175","79761","32206","-162","7909","302"
"74177.970","37663","24366","22181","654","-607","92","-961","548","3833615","-11990919","79760","32207","-101","7911","301"
"74178.970","37664","24365","22183","653","-613","90","-933","549","3833648","-11990663","79758","32206","-137","7909","303"
"74179.970","37665","24365","22184","653","-619","117","-883","549","3833682","-11990408","79756","32205","-172","7908","303"
"74180.970","37669","24364","22195","642","-621","160","-1030","548","3833716","-11990152","79755","32203","-105","7907","302"
"74181.970","37666","24363","22196","642","-624","213","-765","548","3833749","-11989895","79753","32203","-118","7908","305"
"74182.970","37666","24364","22202","636","-627","177","-1011","548","3833782","-11989640","79752","32203","-151","7907","305"
"74183.970","37664","24363","22206","630","-623","193","-816","548","3833817","-11989383","79752","32203","-139","7906","305"
"74184.970","37668","24363","22200","637","-631","232","-747","548","3833850","-11989128","79752","32202","-103","7905","305"
"74185.970","37668","24364","22205","630","-630","263","-914","548","3833883","-11988871","79752","32204","-138","7907","304"
"74186.970","37667","24363","22212","624","-636","288","-952","548","3833917","-11988615","79753","32202","-128","7905","304"
"74187.970","37668","24362","22213","621","-635","299","-829","548","3833951","-11988360","79754","32200","-129","7906","304"
"74188.970","37665","24360","22232","601","-631","274","-910","547","3833984","-11988104","79755","32199","-136","7908","303"
"74189.970","37668","24359","22234","598","-631","224","-945","547","3834018","-11987848","79756","32197","-144","7905","301"
"74190.970","37666","24359","22219","612","-637","147","-825","548","3834052","-11987590","79757","32198","-132","7905","302"
"74191.970","37665","24360","22208","624","-642","119","-820","548","3834085","-11987337","79757","32199","-123","7903","300"
"74192.970","37665","24360","22198","630","-630","182","-896","548","3834118","-11987082","79757","32199","-118","7901","300"
"74193.970","37667","24361","22190","640","-628","278","-1003","548","3834152","-11986824","79756","32200","-126","7910","298"
"74194.970","37666","24361","22188","643","-631","326","-887","549","3834186","-11986570","79755","32200","-110","7903","296"
"74195.970","37668","24367","22182","650","-626","378","-822","548","3834219","-11986313","79753","32207","-114","7907","296"
"74196.970","37668","24371","22181","653","-630","429","-937","549","3834253","-11986058","79752","32212","-150","7903","297"
"74197.970","37667","24367","22192","643","-628","383","-873","549","3834287","-11985800","79750","32207","-173","7906","301"
"74198.970","37669","24364","22199","639","-636","415","-770","548","3834319","-11985545","79749","32203","-110","7902","295"
"74199.970","37669","24361","22199","637","-629","331","-871","548","3834353","-11985289","79748","32199","-133","7905","301"
"74200.970","37670","24358","22194","643","-630","340","-977","548","3834387","-11985033","79748","32195","-143","7904","299"
"74201.970","37672","24359","22181","658","-634","293","-911","549","3834420","-11984779","79747","32196","-114","7903","299"
"74202.970","37671","24359","22186","653","-630","293","-879","549","3834454","-11984521","79746","32196","-96","7906","300"
"74203.970","37675","24357","22192","646","-629","220","-861","549","3834488","-11984265","79746","32192","-106","7908","299"
"74204.970","37673","24357","22187","651","-629","134","-986","549","3834522","-11984011","79745","32192","-145","7906","303"
"74205.970","37669","24357","22181","656","-623","27","-756","549","3834555","-11983754","79744","32193","-131","7908","301"
"74206.970","37674","24357","22164","673","-616","35","-954","549","3834589","-11983499","79743","32193","-132","7908","298"
"74207.970","37675","24357","22158","681","-616","135","-917","550","3834622","-11983241","79741","32192","-168","7904","296"
"74208.970","37674","24357","22158","683","-621","129","-920","549","3834655","-11982986","79738","32192","-151","7906","296"
"74209.970","37674","24357","22161","681","-620","209","-832","549","3834689","-11982730","79735","32192","-113","7905","299"
"74210.970","37678","24357","22159","683","-616","163","-915","550","3834723","-11982474","79731","32191","-100","7907","299"
"74211.970","37678","24357","22151","693","-620","125","-907","550","3834756","-11982218","79729","32192","-120","7907","302"
"74212.970","37681","24357","22146","699","-620","167","-986","550","3834789","-11981964","79727","32190","-136","7906","300"
"74213.970","37681","24359","22143","705","-626","143","-840","551","3834823","-11981706","79725","32193","-119","7904","300"
"74214.970","37680","24359","22148","703","-633","198","-851","551","3834857","-11981450","79722","32194","-98","7901","301"
"74215.970","37681","24359","22143","708","-624","203","-826","550","3834890","-11981194","79720","32193","-123","7907","300"
"74216.970","37682","24360","22165","689","-638","164","-785","550","3834924","-11980939","79718","32195","-131","7903","299"
"74217.970","37686","24359","22170","684","-635","143","-781","550","3834958","-11980680","79715","32192","-133","7901","303"
"74218.970","37684","24359","22169","685","-632","255","-818","550","3834991","-11980425","79712","32192","-110","7905","300"
"74219.970","37687","24361","22167","691","-646","322","-938","551","3835024","-11980168","79710","32194","-114","7906","296"
"74220.970","37687","24359","22170","687","-635","170","-891","550","3835058","-11979913","79708","32192","-145","7902","303"
"74221.970","37686","24357","22197","660","-636","241","-1017","549","3835091","-11979657","79706","32190","-119","7906","301"
"74222.970","37689","24356","22181","679","-645","268","-1015","550","3835124","-11979401","79704","32187","-105","7908","300"
"74223.970","37692","24356","22181","681","-646","249","-916","551","3835158","-11979145","79703","32187","-132","7903","298"
"74224.970","37686","24357","22199","662","-644","228","-834","550","3835191","-11978888","79702","32190","-132","7905","299"
"74225.970","37689","24359","22186","675","-644","218","-787","550","3835225","-11978631","79700","32191","-80","7908","301"
"74226.970","37688","24360","22177","685","-644","263","-881","550","3835258","-11978376","79698","32193","-101","7910","298"
"74227.970","37689","24360","22178","685","-645","214","-887","550","3835291","-11978119","79696","32193","-161","7906","297"
"74228.970","37691","24361","22161","704","-649","281","-878","551","3835325","-11977864","79694","32193","-138","7903","297"
"74229.970","37694","24361","22168","699","-648","538","-903","551","3835358","-11977609","79692","32193","-70","7907","289"
"74230.970","37695","24361","22188","682","-654","529","-980","551","3835391","-11977350","79689","32192","-100","7911","293"
"74231.970","37693","24360","22185","686","-651","335","-1040","550","3835425","-11977095","79687","32192","-163","7906","297"
"74232.970","37692","24361","22177","695","-648","341","-902","551","3835458","-11976839","79685","32194","-100","7909","295"
"74233.970","37693","24361","22187","685","-649","513","-983","550","3835491","-11976580","79684","32194","-85","7911","293"
"74234.970","37697","24361","22195","680","-653","449","-1009","551","3835524","-11976326","79682","32193","-144","7909","292"
"74235.970","37694","24360","22196","681","-660","307","-994","551","3835558","-11976070","79680","32192","-132","7907","297"
"74236.970","37698","24361","22191","687","-662","262","-939","551","3835590","-11975811","79679","32191","-80","7910","295"
"74237.970","37700","24358","22195","685","-661","124","-1006","551","3835624","-11975556","79677","32188","-142","7908","298"
"74238.970","37698","24359","22195","685","-662","19","-913","551","3835657","-11975299","79675","32189","-173","7905","300"
"74239.970","37698","24362","22186","695","-663","-58","-825","551","3835690","-11975042","79672","32193","-104","7905","297"
"74240.970","37702","24363","22185","698","-665","7","-828","551","3835724","-11974786","79668","32193","-116","7909","297"
"74241.970","37704","24363","22184","701","-669","-14","-876","552","3835757","-11974530","79664","32194","-178","7900","295"
"74242.970","37705","24364","22190","696","-672","-70","-856","552","3835790","-11974274","79659","32194","-136","7903","298"
"74243.970","37706","24367","22195","694","-686","-121","-1005","552","3835823","-11974016","79654","32198","-84","7902","300"
"74244.970","37711","24381","22256","641","-730","-117","-867","552","3835856","-11973760","79650","32215","-148","7892","304"
"74245.970","37713","24378","22247","647","-723","102","-922","552","3835890","-11973503","79646","32210","-148","7889","304"
"74246.970","37713","24376","22230","662","-717","-7","-863","552","3835923","-11973246","79643","32208","-67","7901","304"
"74247.970","37716","24383","22287","607","-744","-45","-883","551","3835956","-11972991","79641","32216","-92","7890","307"
"74248.970","37715","24380","22285","605","-739","88","-922","551","3835989","-11972734","79640","32213","-157","7897","310"
"74249.970","37715","24381","22274","612","-736","369","-771","551","3836022","-11972477","79640","32215","-85","7896","305"
"74250.970","37714","24377","22247","635","-721","397","-829","551","3836055","-11972222","79642","32209","-87","7901","303"
"74251.970","37708","24374","22239","640","-712","238","-940","551","3836088","-11971965","79644","32206","-163","7902","309"
"74252.970","37706","24380","22267","614","-741","94","-802","551","3836121","-11971707","79647","32215","-121","7897","308"
"74253.970","37708","24390","22316","561","-746","158","-758","550","3836154","-11971453","79650","32227","-74","7894","312"
"74254.970","37703","24391","22323","551","-748","468","-753","550","3836187","-11971196","79654","32230","-134","7903","309"
"74255.970","37702","24385","22305","569","-765","459","-744","551","3836220","-11970939","79658","32222","-147","7890","310"
"74256.970","37701","24383","22295","576","-772","379","-809","551","3836253","-11970684","79664","32220","-110","7882","314"
"74257.970","37695","24385","22289","578","-766","388","-709","551","3836286","-11970426","79671","32224","-66","7895","314"
"74258.970","37693","24385","22305","559","-774","357","-892","551","3836319","-11970171","79678","32225","-84","7893","314"
"74259.970","37688","24382","22305","556","-784","362","-818","551","3836352","-11969915","79686","32222","-153","7883","315"
"74260.970","37684","24380","22299","558","-787","327","-838","551","3836385","-11969657","79694","32221","-122","7881","313"
"74261.970","37679","24377","22277","575","-787","341","-857","552","3836418","-11969401","79701","32218","-81","7882","311"
"74262.970","37675","24378","22249","600","-784","247","-867","552","3836451","-11969146","79708","32219","-72","7884","312"
"74263.970","37673","24376","22256","591","-797","205","-1020","552","3836483","-11968890","79715","32218","-106","7879","308"
"74264.970","37669","24378","22266","579","-799","154","-1132","552","3836517","-11968633","79720","32222","-100","7884","308"
"74265.970","37667","24383","22260","579","-787","99","-901","552","3836549","-11968377","79725","32229","-44","7893","307"
"74266.970","37668","24386","22264","569","-774","80","-970","551","3836582","-11968122","79728","32232","-57","7897","304"
"74267.970","37663","24386","22266","563","-768","142","-913","551","3836614","-11967867","79731","32234","-158","7899","305"
"74268.970","37661","24383","22262","569","-785","217","-1009","552","3836648","-11967610","79733","32230","-108","7891","302"
"74269.970","37663","24381","22261","573","-798","258","-848","552","3836680","-11967355","79734","32227","-49","7899","306"
"74270.970","37660","24380","22252","580","-799","261","-861","552","3836713","-11967099","79736","32226","-90","7895","306"
"74271.970","37662","24379","22252","579","-800","198","-1075","553","3836745","-11966842","79738","32224","-149","7894","308"
"74272.970","37655","24376","22241","587","-797","208","-947","553","3836778","-11966587","79740","32222","-80","7897","311"
"74273.970","37657","24375","22241","587","-806","209","-704","553","3836810","-11966330","79742","32221","-58","7900","310"
"74274.970","37657","24373","22222","605","-805","215","-817","554","3836842","-11966075","79745","32218","-159","7897","312"
"74275.970","37653","24372","22209","617","-802","206","-900","553","3836875","-11965820","79748","32217","-133","7896","312"
"74276.970","37652","24371","22203","620","-801","109","-786","554","3836907","-11965562","79752","32216","-64","7894","313"
"74277.970","37647","24371","22189","630","-796","83","-951","554","3836939","-11965308","79755","32217","-145","7903","315"
"74278.970","37647","24372","22182","638","-809","149","-782","554","3836971","-11965052","79758","32219","-178","7888","310"
"74279.970","37643","24370","22169","649","-802","296","-901","554","3837004","-11964796","79760","32217","-117","7892","310"
"74280.970","37642","24371","22166","654","-813","375","-993","555","3837036","-11964540","79763","32218","-76","7896","309"
"74281.970","37641","24370","22155","665","-816","404","-806","555","3837068","-11964283","79766","32218","-142","7892","308"
"74282.970","37639","24368","22149","670","-810","422","-929","555","3837101","-11964030","79769","32216","-176","7890","308"
"74283.970","37636","24367","22142","677","-809","410","-834","555","3837133","-11963773","79772","32215","-95","7893","303"
"74284.970","37634","24370","22147","675","-821","431","-948","556","3837166","-11963517","79775","32219","-99","7889","302"
"74285.970","37632","24371","22170","653","-827","374","-931","555","3837198","-11963261","79777","32221","-191","7889","302"
"74286.970","37630","24369","22162","661","-826","344","-885","555","3837230","-11963007","79779","32219","-105","7885","298"
"74287.970","37632","24368","22140","684","-822","350","-814","556","3837262","-11962751","79779","32218","-87","7892","295"
"74288.970","37632","24367","22154","672","-827","275","-908","556","3837294","-11962493","79779","32216","-151","7888","295"
"74289.970","37635","24366","22153","675","-826","225","-881","556","3837327","-11962239","79778","32214","-162","7886","293"
"74290.970","37634","24365","22145","683","-814","134","-757","555","3837359","-11961982","79776","32213","-100","7889","294"
"74291.970","37640","24364","22133","695","-804","161","-946","556","3837391","-11961727","79772","32210","-107","7895","292"
"74292.970","37639","24363","22130","699","-798","160","-829","556","3837423","-11961473","79768","32208","-186","7890","292"
"74293.970","37638","24363","22127","705","-803","106","-892","556","3837455","-11961216","79763","32209","-152","7887","295"
"74294.970","37642","24366","22128","709","-815","59","-1191","556","3837488","-11960961","79758","32211","-90","7886","296"
"74295.970","37646","24367","22136","706","-825","28","-930","557","3837520","-11960703","79752","32213","-141","7886","299"
"74296.970","37648","24369","22149","696","-835","32","-887","557","3837553","-11960448","79747","32215","-164","7878","299"
"74297.970","37648","24370","22163","684","-843","16","-809","557","3837586","-11960192","79743","32216","-100","7884","302"
"74298.970","37650","24371","22171","676","-844","73","-831","556","3837618","-11959936","79739","32217","-95","7884","306"
"74299.970","37652","24373","22174","676","-852","87","-952","557","3837650","-11959680","79737","32219","-178","7881","305"
"74300.970","37652","24374","22186","666","-868","135","-914","557","3837683","-11959423","79735","32220","-154","7872","305"
"74301.970","37654","24376","22190","661","-868","158","-845","557","3837714","-11959168","79734","32223","-71","7877","307"
"74302.970","37655","24377","22194","656","-864","195","-913","557","3837747","-11958911","79735","32224","-128","7881","308"
"74303.970","37652","24377","22199","649","-867","203","-1019","556","3837780","-11958656","79738","32224","-183","7873","308"
"74304.970","37651","24376","22203","645","-871","150","-817","556","3837812","-11958401","79740","32223","-115","7877","308"
"74305.970","37650","24375","22201","647","-879","159","-883","557","3837845","-11958144","79743","32222","-87","7875","309"
"74306.970","37649","24373","22197","648","-869","187","-931","556","3837877","-11957888","79746","32220","-146","7879","306"
"74307.970","37647","24372","22192","650","-857","180","-760","556","3837909","-11957633","79749","32219","-150","7878","305"
"74308.970","37645","24372","22185","655","-854","156","-863","556","3837941","-11957376","79751","32219","-108","7880","304"
"74309.970","37647","24371","22185","654","-850","112","-891","556","3837974","-11957121","79753","32218","-143","7882","306"
"74310.970","37644","24371","22184","654","-846","40","-919","556","3838007","-11956863","79754","32218","-167","7879","303"
"74311.970","37646","24371","22189","647","-845","-34","-960","556","3838039","-11956608","79755","32217","-137","7879","304"
"74312.970","37648","24372","22194","644","-851","-43","-949","556","3838072","-11956353","79754","32219","-103","7882","303"
"74313.970","37650","24373","22196","642","-855","-13","-933","556","3838104","-11956097","79754","32220","-156","7877","300"
"74314.970","37646","24373","22202","636","-859","-8","-852","556","3838137","-11955841","79752","32221","-168","7875","302"
"74315.970","37649","24374","22207","630","-858","40","-961","556","3838169","-11955584","79750","32221","-103","7878","300"
"74316.970","37652","24376","22207","628","-850","128","-988","556","3838202","-11955329","79748","32223","-114","7881","298"
"74317.970","37652","24376","22210","623","-843","185","-836","555","3838234","-11955074","79747","32223","-175","7882","300"
"74318.970","37654","24378","22208","624","-835","198","-842","555","3838267","-11954818","79745","32225","-114","7885","298"
"74319.970","37654","24379","22208","622","-825","284","-1068","554","3838299","-11954562","79743","32227","-108","7890","300"
"74320.970","37657","24379","22210","618","-823","309","-890","554","3838332","-11954306","79743","32226","-187","7885","300"
"74321.970","37655","24379","22212","617","-826","340","-902","554","3838364","-11954052","79742","32226","-167","7882","302"
"74322.970","37655","24378","22210","618","-830","359","-794","555","3838397","-11953794","79743","32225","-89","7886","299"
"74323.970","37654","24378","22209","618","-830","373","-1087","555","3838429","-11953538","79743","32226","-120","7887","299"
"74324.970","37651","24378","22213","610","-824","329","-911","554","3838461","-11953283","79745","32226","-197","7881","299"
"74325.970","37652","24380","22216","607","-825","343","-798","554","3838494","-11953027","79745","32228","-135","7884","298"
"74326.970","37654","24381","22216","607","-824","394","-963","554","3838526","-11952772","79746","32229","-103","7885","295"
"74327.970","37656","24381","22222","602","-826","447","-1089","554","3838559","-11952515","79746","32229","-152","7886","295"
"74328.970","37655","24381","22226","599","-832","488","-971","554","3838591","-11952259","79746","32229","-158","7880","294"
"74329.970","37655","24381","22225","600","-836","508","-754","554","3838624","-11952004","79746","32229","-90","7882","294"
"74330.970","37657","24381","22221","604","-838","558","-950","554","3838657","-11951747","79746","32228","-100","7884","293"
"74331.970","37656","24381","22214","611","-838","559","-909","554","3838689","-11951493","79746","32229","-162","7881","294"
"74332.970","37650","24380","22206","619","-839","548","-815","555","3838722","-11951237","79746","32229","-130","7880","291"
"74333.970","37653","24381","22191","633","-831","623","-919","555","3838754","-11950981","79746","32229","-76","7885","290"
"74334.970","37654","24380","22180","645","-832","695","-835","555","3838787","-11950727","79746","32227","-122","7883","287"
"74335.970","37650","24379","22169","656","-829","726","-915","555","3838819","-11950470","79745","32228","-159","7881","285"
"74336.970","37648","24378","22160","664","-814","731","-842","555","3838852","-11950213","79744","32226","-89","7887","286"
"74337.970","37649","24377","22152","672","-808","767","-1003","555","3838884","-11949958","79743","32225","-79","7891","286"
"74338.970","37652","24376","22150","677","-808","795","-907","555","3838917","-11949703","79743","32223","-177","7891","285"
"74339.970","37651","24375","22148","682","-814","789","-981","555","3838949","-11949447","79741","32222","-112","7886","283"
"74340.970","37653","24375","22145","687","-814","776","-873","556","3838981","-11949190","79740","32222","-86","7894","287"
"74341.970","37654","24376","22151","684","-823","726","-898","556","3839014","-11948934","79739","32223","-170","7885","285"
"74342.970","37654","24378","22160","678","-827","678","-973","556","3839047","-11948678","79738","32225","-174","7883","287"
"74343.970","37657","24379","22157","684","-831","678","-813","556","3839079","-11948424","79736","32226","-79","7887","288"
"74344.970","37658","24378","22155","687","-834","613","-1025","556","3839111","-11948168","79735","32224","-99","7885","290"
"74345.970","37655","24376","22159","685","-835","585","-903","556","3839144","-11947912","79734","32223","-170","7885","290"
"74346.970","37654","24377","22154","691","-832","538","-982","556","3839176","-11947655","79732","32224","-99","7883","287"
"74347.970","37657","24375","22153","693","-829","549","-997","556","3839209","-11947399","79731","32220","-98","7892","287"
"74348.970","37656","24372","22148","701","-836","597","-1362","557","3839241","-11947143","79729","32216","-163","7883","287"
"74349.970","37655","24369","22150","701","-835","502","-773","556","3839274","-11946885","79727","32213","-160","7881","289"
"74350.970","37661","24369","22150","700","-829","418","-915","556","3839305","-11946630","79725","32211","-80","7887","291"
"74351.970","37665","24369","22144","708","-832","330","-958","557","3839338","-11946373","79723","32211","-133","7888","294"
"74352.970","37664","24369","22140","713","-836","239","-847","557","3839370","-11946118","79721","32211","-198","7879","294"
"74353.970","37662","24372","22144","712","-842","161","-816","557","3839402","-11945863","79718","32215","-133","7880","294"
"74354.970","37665","24373","22158","697","-839","131","-934","557","3839435","-11945606","79715","32216","-85","7882","296"
"74355.970","37667","24375","22176","680","-845","139","-1264","557","3839467","-11945350","79711","32218","-162","7885","296"
"74356.970","37667","24375","22190","667","-853","115","-877","556","3839500","-11945094","79708","32217","-182","7874","298"
"74357.970","37670","24374","22193","663","-853","102","-969","556","3839533","-11944838","79705","32216","-119","7880","299"
"74358.970","37671","24374","22201","656","-861","116","-1011","556","3839565","-11944583","79702","32216","-97","7879","301"
"74359.970","37674","24374","22199","657","-864","159","-872","556","3839597","-11944326","79700","32215","-149","7877","300"
"74360.970","37672","24374","22200","654","-866","114","-860","556","3839630","-11944069","79699","32215","-143","7876","305"
"74361.970","37672","24374","22200","654","-871","108","-956","557","3839662","-11943814","79699","32216","-96","7878","305"
"74362.970","37675","24375","22197","656","-874","137","-925","557","3839695","-11943557","79699","32216","-139","7876","306"
"74363.970","37673","24376","22196","655","-876","130","-856","557","3839727","-11943301","79699","32217","-158","7874","307"
"74364.970","37671","24377","22199","649","-876","152","-984","557","3839760","-11943045","79700","32219","-113","7876","307"
"74365.970","37671","24377","22200","648","-884","182","-872","557","3839792","-11942789","79702","32220","-101","7874","304"
"74366.970","37670","24377","22202","645","-887","231","-1000","557","3839824","-11942533","79703","32220","-168","7873","304"
"74367.970","37669","24376","22201","645","-887","232","-845","557","3839856","-11942277","79705","32219","-128","7871","303"
"74368.970","37669","24375","22198","645","-886","237","-747","557","3839889","-11942021","79706","32217","-72","7876","302"
"74369.970","37673","24374","22207","636","-894","260","-817","557","3839921","-11941766","79708","32216","-143","7875","303"
"74370.970","37671","24374","22210","631","-891","187","-799","556","3839954","-11941510","79709","32216","-147","7871","302"
"74371.970","37668","24373","22216","624","-895","171","-816","557","3839986","-11941254","79710","32215","-89","7880","302"
"74372.970","37666","24374","22214","624","-898","125","-792","557","3840019","-11940998","79711","32216","-101","7875","303"
"74373.970","37665","24374","22215","622","-901","113","-837","557","3840050","-11940743","79712","32217","-155","7876","301"
"74374.970","37665","24373","22211","626","-906","99","-985","557","3840083","-11940486","79712","32216","-94","7874","299"
"74375.970","37666","24374","22208","629","-910","59","-991","557","3840115","-11940230","79711","32216","-68","7879","298"
"74376.970","37668","24373","22206","629","-906","32","-928","557","3840147","-11939974","79709","32215","-146","7875","297"
"74377.970","37668","24373","22200","637","-913","-23","-830","558","3840179","-11939719","79708","32215","-139","7874","300"
"74378.970","37670","24373","22194","642","-916","-16","-841","558","3840211","-11939461","79705","32214","-60","7876","299"
"74379.970","37669","24372","22193","643","-918","-4","-952","558","3840243","-11939205","79702","32214","-90","7878","299"
"74380.970","37670","24372","22185","649","-917","-99","-1144","558","3840275","-11938951","79699","32213","-132","7877","304"
"74381.970","37670","24371","22171","662","-914","-156","-883","558","3840307","-11938695","79697","32212","-121","7879","305"
"74382.970","37674","24371","22160","675","-919","-123","-971","559","3840339","-11938439","79694","32212","-98","7876","305"
"74383.970","37673","24371","22152","684","-927","-119","-939","559","3840371","-11938183","79692","32211","-139","7876","306"
"74384.970","37673","24371","22149","687","-926","-78","-825","559","3840403","-11937928","79689","32212","-142","7874","305"
"74385.970","37674","24371","22143","694","-937","-43","-992","560","3840435","-11937671","79687","32212","-123","7874","306"
"74386.970","37675","24372","22139","699","-943","36","-857","560","3840467","-11937415","79685","32212","-114","7870","308"
"74387.970","37676","24372","22134","703","-944","73","-960","560","3840498","-11937160","79684","32212","-125","7873","311"
"74388.970","37674","24373","22128","708","-942","152","-770","560","3840530","-11936904","79683","32213","-122","7869","310"
"74389.970","37675","24373","22128","708","-946","121","-843","560","3840562","-11936649","79683","32213","-107","7873","310"
"74390.970","37672","24373","22126","709","-946","118","-785","561","3840594","-11936394","79684","32214","-120","7875","309"
"74391.970","37674","24374","22120","713","-942","124","-997","560","3840625","-11936136","79685","32215","-133","7873","309"
"74392.970","37672","24373","22125","707","-946","180","-760","560","3840657","-11935881","79687","32214","-162","7872","309"
"74393.970","37670","24373","22112","719","-945","158","-1082","560","3840689","-11935626","79688","32215","-136","7869","310"
"74394.970","37667","24375","22115","714","-941","187","-870","560","3840720","-11935369","79690","32217","-104","7874","308"
"74395.970","37667","24375","22118","710","-938","186","-747","560","3840752","-11935112","79692","32217","-145","7874","309"
"74396.970","37666","24375","22112","715","-938","169","-792","560","3840784","-11934858","79694","32218","-191","7869","309"
"74397.970","37666","24375","22117","709","-934","181","-797","560","3840816","-11934602","79696","32218","-126","7870","308"
"74398.970","37666","24376","22115","710","-936","191","-808","560","3840847","-11934346","79697","32219","-128","7867","307"
"74399.970","37665","24376","22115","710","-941","208","-835","560","3840880","-11934090","79699","32220","-208","7863","307"
"74400.970","37662","24377","22103","723","-946","177","-981","560","3840911","-11933834","79700","32222","-158","7858","307"
"74401.970","37663","24378","22104","722","-947","236","-828","561","3840944","-11933580","79701","32223","-85","7865","304"
"74402.970","37661","24378","22099","729","-956","300","-837","561","3840976","-11933324","79703","32224","-176","7859","302"
"74403.970","37661","24378","22095","735","-961","334","-964","561","3841007","-11933067","79704","32224","-196","7852","303"
"74404.970","37659","24379","22102","731","-968","388","-1044","561","3841039","-11932811","79704","32224","-112","7853","301"
"74405.970","37662","24379","22104","730","-968","473","-881","561","3841071","-11932556","79705","32225","-78","7856","302"
"74406.970","37662","24379","22116","719","-971","480","-846","561","3841103","-11932301","79706","32224","-175","7854","301"
"74407.970","37662","24379","22119","717","-976","426","-1133","561","3841136","-11932045","79707","32225","-110","7848","299"
"74408.970","37659","24379","22119","718","-975","441","-834","561","3841168","-11931789","79708","32226","-81","7858","301"
"74409.970","37662","24380","22124","715","-980","403","-957","561","3841200","-11931533","79709","32225","-114","7853","298"
"74410.970","37658","24380","22130","712","-989","334","-1095","561","3841231","-11931277","79710","32227","-150","7853","299"
"74411.970","37658","24380","22136","707","-991","306","-866","562","3841264","-11931021","79710","32227","-90","7850","298"
"74412.970","37658","24381","22136","708","-991","275","-1166","561","3841296","-11930767","79710","32227","-101","7857","297"
"74413.970","37661","24381","22136","708","-992","233","-956","562","3841328","-11930510","79709","32227","-133","7852","298"
"74414.970","37664","24380","22145","696","-979","204","-850","561","3841359","-11930255","79707","32225","-151","7854","296"
"74415.970","37664","24379","22157","683","-973","167","-945","560","3841391","-11929997","79705","32224","-105","7859","297"
"74416.970","37663","24379","22154","687","-973","210","-866","560","3841424","-11929742","79702","32224","-112","7860","297"
"74417.970","37667","24379","22151","687","-961","190","-970","560","3841456","-11929488","79700","32224","-171","7855","298"
"74418.970","37666","24379","22147","691","-955","145","-930","560","3841488","-11929231","79698","32223","-166","7860","301"
"74419.970","37667","24379","22145","692","-957","99","-884","560","3841520","-11928976","79696","32224","-96","7857","301"
"74420.970","37667","24379","22148","688","-958","90","-824","560","3841551","-11928720","79694","32223","-157","7861","302"
"74421.970","37667","24378","22150","682","-944","33","-908","560","3841583","-11928464","79693","32222","-187","7855","305"
"74422.970","37669","24377","22150","680","-939","-29","-911","559","3841616","-11928206","79691","32220","-135","7859","306"
"74423.970","37670","24376","22148","679","-933","-14","-919","559","3841647","-11927952","79690","32219","-114","7863","305"
"74424.970","37670","24377","22146","682","-942","-16","-903","559","3841680","-11927697","79689","32220","-171","7857","305"
"74425.970","37668","24377","22144","683","-941","-34","-961","559","3841712","-11927440","79688","32221","-163","7858","305"
"74426.970","37670","24378","22135","691","-942","-54","-766","560","3841744","-11927185","79686","32221","-104","7854","307"
"74427.970","37675","24379","22121","704","-938","-68","-940","560","3841776","-11926930","79685","32221","-110","7858","307"
"74428.970","37672","24378","22114","710","-935","-98","-841","560","3841809","-11926674","79684","32221","-150","7860","307"
"74429.970","37671","24378","22100","721","-922","-124","-1064","560","3841841","-11926418","79682","32220","-136","7858","308"
"74430.970","37674","24378","22091","727","-913","-200","-957","560","3841873","-11926161","79681","32220","-121","7865","311"
"74431.970","37675","24379","22088","729","-918","-288","-816","560","3841906","-11925906","79679","32221","-114","7860","311"
"74432.970","37674","24379","22088","731","-927","-409","-917","560","3841938","-11925651","79677","32222","-167","7858","314"
"74433.970","37676","24382","22083","737","-939","-539","-864","561","3841971","-11925396","79675","32225","-125","7853","314"
"74434.970","37675","24386","22079","746","-968","-606","-763","562","3842003","-11925140","79672","32231","-83","7848","314"
"74435.970","37679","24392","22069","759","-986","-640","-820","562","3842034","-11924885","79668","32237","-95","7849","316"
"74436.970","37681","24395","22064","765","-1000","-613","-1198","563","3842067","-11924627","79664","32240","-113","7840","315"
"74437.970","37683","24398","22090","741","-1019","-560","-767","563","3842099","-11924373","79659","32245","-71","7845","319"
"74438.970","37688","24405","22090","740","-1023","-415","-946","563","3842131","-11924118","79656","32253","-37","7844","317"
"74439.970","37689","24407","22098","729","-1024","-263","-968","563","3842163","-11923861","79653","32255","-100","7846","322"
"74440.970","37687","24408","22107","717","-1024","-42","-858","563","3842195","-11923607","79653","32257","-116","7848","323"
"74441.970","37689","24408","22117","702","-1019","95","-1100","562","3842227","-11923351","79654","32256","-63","7850","322"
"74442.970","37686","24406","22121","694","-1023","331","-896","562","3842258","-11923095","79657","32254","-96","7857","325"
"74443.970","37683","24401","22111","701","-1025","403","-866","562","3842290","-11922840","79663","32249","-138","7850","320"
"74444.970","37676","24397","22092","713","-1008","411","-772","562","3842322","-11922583","79670","32245","-136","7854","320"
"74445.970","37672","24397","22082","719","-999","413","-835","562","3842354","-11922330","79678","32246","-94","7856","317"
"74446.970","37668","24396","22081","716","-991","365","-853","562","3842386","-11922073","79686","32245","-132","7859","313"
"74447.970","37666","24396","22085","712","-997","245","-823","562","3842417","-11921819","79692","32245","-184","7856","310"
"74448.970","37667","24394","22077","718","-997","179","-1023","562","3842448","-11921562","79698","32244","-157","7848","302"
"74449.970","37663","24394","22071","725","-999","70","-763","562","3842480","-11921308","79702","32244","-108","7856","303"
"74450.970","37664","24397","22067","732","-1011","-59","-883","562","3842512","-11921053","79705","32247","-127","7850","297"
"74451.970","37665","24399","22084","719","-1024","-159","-838","563","3842543","-11920797","79706","32250","-164","7845","298"
"74452.970","37667","24399","22089","714","-1024","-135","-886","562","3842574","-11920541","79704","32249","-105","7845","296"
"74453.970","37672","24401","22097","707","-1024","-77","-931","563","3842606","-11920287","79700","32250","-75","7854","295"
"74454.970","37677","24404","22125","681","-1031","-75","-1057","562","3842638","-11920032","79694","32254","-163","7847","297"
"74455.970","37676","24405","22141","663","-1026","-79","-952","561","3842669","-11919776","79687","32255","-164","7848","303"
"74456.970","37679","24405","22143","660","-1029","-9","-976","562","3842702","-11919520","79681","32255","-93","7851","304"
"74457.970","37680","24410","22142","656","-1017","2","-856","561","3842733","-11919266","79677","32261","-144","7851","307"
"74458.970","37681","24408","22139","659","-1017","-5","-838","561","3842765","-11919009","79674","32259","-203","7849","309"
"74459.970","37682","24408","22137","659","-1019","45","-873","561","3842797","-11918753","79673","32258","-124","7845","309"
"74460.970","37685","24409","22131","663","-1015","-19","-941","561","3842828","-11918498","79672","32259","-110","7854","313"
"74461.970","37684","24409","22130","661","-1014","-17","-876","561","3842861","-11918244","79673","32259","-174","7845","309"
"74462.970","37681","24407","22133","658","-1019","10","-808","561","3842893","-11917988","79673","32257","-172","7845","310"
"74463.970","37678","24405","22131","658","-1018","102","-947","561","3842924","-11917733","79673","32255","-109","7845","308"
"74464.970","37682","24406","22129","658","-1016","40","-1008","561","3842956","-11917478","79674","32255","-94","7848","308"
"74465.970","37683","24406","22129","656","-1012","20","-1026","561","3842988","-11917222","79675","32255","-184","7847","309"
"74466.970","37678","24405","22137","645","-1003","114","-947","560","3843021","-11916967","79675","32255","-142","7846","305"
"74467.970","37681","24406","22147","633","-1000","82","-897","560","3843052","-11916712","79676","32256","-91","7853","308"
"74468.970","37682","24407","22144","633","-995","39","-920","560","3843084","-11916458","79676","32256","-118","7853","308"
"74469.970","37681","24407","22153","622","-990","74","-863","560","3843116","-11916202","79677","32257","-168","7851","308"
"74470.970","37682","24409","22162","608","-974","145","-955","559","3843148","-11915948","79677","32259","-122","7858","304"
"74471.970","37684","24407","22162","605","-967","183","-898","559","3843181","-11915692","79678","32257","-116","7859","306"
"74472.970","37682","24407","22160","603","-951","365","-1061","558","3843212","-11915437","79678","32256","-170","7863","303"
"74473.970","37680","24407","22149","611","-935","434","-817","558","3843244","-11915183","79680","32257","-145","7865","302"
"74474.970","37680","24409","22155","601","-920","575","-855","557","3843276","-11914927","79681","32259","-103","7868","300"
"74475.970","37680","24406","22140","619","-929","683","-813","557","3843308","-11914672","79683","32255","-120","7871","299"
"74476.970","37675","24399","22127","636","-946","721","-915","559","3843341","-11914417","79686","32248","-163","7857","295"
"74477.970","37674","24393","22140","619","-924","558","-1052","558","3843372","-11914161","79689","32240","-137","7865","300"
"74478.970","37675","24391","22135","619","-899","427","-755","557","3843404","-11913907","79691","32237","-76","7875","299"
"74479.970","37674","24391","22127","627","-891","311","-1033","557","3843436","-11913652","79693","32238","-114","7881","301"
"74480.970","37673","24391","22118","638","-899","205","-865","557","3843468","-11913397","79694","32238","-171","7870","296"
"74481.970","37671","24393","22107","649","-895","168","-881","557","3843501","-11913142","79694","32241","-128","7873","294"
"74482.970","37670","24391","22087","669","-882","207","-833","557","3843532","-11912887","79692","32238","-67","7880","291"
"74483.970","37669","24390","22066","692","-876","253","-809","558","3843565","-11912632","79690","32238","-79","7881","289"
"74484.970","37669","24375","22051","705","-847","201","-922","557","3843597","-11912376","79685","32218","-148","7885","289"
"74485.970","37673","24360","22052","705","-832","95","-879","557","3843628","-11912122","79680","32196","-123","7893","290"
"74486.970","37676","24359","22036","725","-833","18","-940","557","3843660","-11911866","79673","32195","-113","7888","292"
"74487.970","37677","24360","22028","738","-838","-125","-943","558","3843692","-11911611","79667","32195","-161","7887","296"
"74488.970","37679","24361","22019","751","-839","-185","-967","558","3843724","-11911354","79659","32197","-134","7884","297"
"74489.970","37683","24374","21999","775","-841","-257","-1028","559","3843756","-11911100","79652","32212","-79","7888","300"
"74490.970","37685","24389","21982","799","-862","-343","-943","560","3843788","-11910844","79645","32232","-121","7881","302"
"74491.970","37689","24395","21967","820","-876","-426","-905","561","3843820","-11910588","79637","32239","-136","7876","307"
"74492.970","37691","24398","21954","836","-877","-452","-877","561","3843852","-11910334","79630","32243","-48","7877","311"
"74493.970","37696","24400","21950","842","-880","-459","-775","561","3843884","-11910078","79623","32244","-60","7882","312"
"74494.970","37695","24408","21942","853","-888","-508","-990","562","3843915","-11909822","79617","32254","-121","7878","321"
"74495.970","37697","24412","21944","850","-879","-451","-726","561","3843947","-11909566","79612","32260","-110","7881","319"
"74496.970","37702","24415","21960","834","-880","-350","-745","562","3843979","-11909310","79607","32263","-36","7888","320"
"74497.970","37708","24416","22016","770","-856","-239","-809","560","3844011","-11909054","79604","32262","-117","7899","332"
"74498.970","37704","24415","22015","770","-852","-271","-664","558","3844042","-11908802","79603","32262","-200","7896","326"
"74499.970","37705","24416","21999","780","-838","-30","-704","560","3844074","-11908544","79604","32263","-116","7890","321"
"74500.970","37704","24414","22035","741","-838","70","-671","559","3844105","-11908287","79606","32260","-146","7910","338"
"74501.970","37703","24414","22062","710","-834","292","-1070","555","3844136","-11908033","79610","32261","-188","7891","326"
"74502.970","37699","24412","22098","667","-822","333","-690","555","3844168","-11907778","79616","32259","-152","7900","325"
"74503.970","37695","24410","22099","662","-817","505","-562","557","3844199","-11907521","79625","32257","-134","7910","329"
"74504.970","37694","24408","22177","574","-797","681","-684","553","3844231","-11907267","79635","32254","-219","7907","319"
"74505.970","37687","24403","22196","550","-791","710","-630","552","3844263","-11907009","79647","32251","-177","7908","322"
"74506.970","37683","24400","22196","545","-782","834","-821","550","3844295","-11906755","79660","32247","-118","7913","314"
"74507.970","37679","24396","22185","554","-789","862","-844","551","3844327","-11906500","79672","32242","-128","7912","310"
"74508.970","37672","24395","22135","603","-788","1122","-789","553","3844358","-11906244","79685","32243","-185","7906","302"
"74509.970","37665","24393","22128","610","-777","1329","-882","552","3844391","-11905989","79696","32242","-140","7907","290"
"74510.970","37658","24391","22124","616","-780","1179","-795","552","3844422","-11905734","79706","32241","-70","7906","288"
"74511.970","37653","24388","22105","641","-793","1055","-690","554","3844455","-11905480","79715","32238","-145","7912","286"
"74512.970","37648","24388","22043","710","-805","991","-588","556","3844487","-11905223","79721","32239","-130","7888","280"
"74513.970","37648","24387","22023","737","-807","896","-772","557","3844518","-11904969","79725","32238","-28","7898","274"
"74514.970","37651","24384","22033","732","-805","735","-676","556","3844550","-11904714","79726","32234","-106","7907","273"
"74515.970","37650","24382","22026","744","-794","531","-681","557","3844582","-11904457","79723","32232","-123","7893","268"
"74516.970","37656","24383","22032","751","-820","208","-798","558","3844614","-11904203","79716","32231","-85","7907","276"
"74517.970","37662","24381","22047","739","-813","-56","-744","556","3844645","-11903945","79705","32227","-15","7894","276"
"74518.970","37670","24381","22051","744","-828","-8","-794","557","3844677","-11903690","79693","32225","-73","7909","274"
"74519.970","37672","24383","22069","727","-811","-8","-809","556","3844709","-11903435","79678","32228","-137","7903","282"
"74520.970","37681","24384","22118","680","-800","64","-844","555","3844741","-11903178","79665","32227","-69","7912","284"
"74521.970","37687","24387","22152","651","-813","54","-959","555","3844772","-11902923","79654","32229","-121","7921","299"
"74522.970","37693","24391","22195","607","-811","99","-905","554","3844803","-11902668","79645","32232","-162","7911","299"
"74523.970","37694","24400","22205","595","-812","143","-1006","553","3844835","-11902412","79638","32245","-123","7918","306"
"74524.970","37698","24416","22257","544","-834","249","-873","553","3844866","-11902155","79634","32265","-83","7913","308"
"74525.970","37699","24422","22278","522","-848","317","-844","553","3844898","-11901899","79633","32273","-173","7915","311"
"74526.970","37694","24416","22270","527","-853","242","-894","553","3844929","-11901643","79634","32265","-115","7907","313"
"74527.970","37693","24419","22263","530","-853","240","-875","553","3844961","-11901387","79638","32270","-87","7914","312"
"74528.970","37688","24420","22251","536","-849","261","-854","553","3844992","-11901133","79643","32272","-141","7910","311"
"74529.970","37683","24404","22208","575","-839","280","-855","553","3845023","-11900875","79650","32252","-153","7908","309"
"74530.970","37679","24394","22199","582","-838","289","-809","554","3845055","-11900620","79656","32240","-101","7910","304"
"74531.970","37676","24387","22173","608","-842","317","-948","555","3845087","-11900364","79661","32231","-74","7912","301"
"74532.970","37676","24385","22151","631","-843","320","-1115","555","3845118","-11900109","79665","32228","-131","7911","297"
"74533.970","37672","24381","22142","639","-839","241","-1014","555","3845149","-11899852","79668","32225","-125","7907","295"
"74534.970","37670","24380","22138","643","-834","200","-966","555","3845181","-11899596","79669","32223","-62","7914","292"
"74535.970","37675","24380","22146","637","-834","194","-908","555","3845212","-11899340","79669","32222","-81","7918","290"
"74536.970","37676","24380","22149","634","-832","165","-951","555","3845243","-11899086","79666","32222","-145","7916","289"
"74537.970","37677","24379","22151","634","-830","182","-1052","555","3845274","-11898830","79663","32221","-129","7914","289"
"74538.970","37679","24381","22159","629","-832","192","-977","555","3845306","-11898574","79659","32223","-97","7918","288"
"74539.970","37684","24382","22161","628","-830","225","-869","555","3845337","-11898318","79654","32224","-115","7918","291"
"74540.970","37684","24382","22158","633","-828","245","-820","555","3845368","-11898062","79650","32224","-167","7919","290"
"74541.970","37684","24382","22151","641","-826","206","-1057","555","3845400","-11897806","79646","32223","-125","7914","293"
"74542.970","37687","24379","22133","659","-821","235","-916","555","3845430","-11897550","79643","32219","-89","7920","296"
"74543.970","37689","24378","22117","675","-818","167","-922","555","3845462","-11897293","79640","32217","-120","7919","298"
"74544.970","37689","24378","22112","681","-818","103","-931","556","3845493","-11897038","79638","32216","-168","7919","300"
"74545.970","37689","24377","22116","679","-823","46","-901","556","3845524","-11896781","79636","32215","-134","7914","303"
"74546.970","37695","24378","22116","678","-825","41","-935","556","3845555","-11896525","79634","32215","-87","7919","303"
"74547.970","37698","24379","22133","661","-824","-43","-996","555","3845587","-11896270","79633","32216","-121","7919","305"
"74548.970","37696","24382","22146","647","-826","0","-1110","555","3845618","-11896015","79632","32220","-169","7915","305"
"74549.970","37697","24385","22179","614","-832","147","-997","555","3845649","-11895758","79631","32224","-126","7918","303"
"74550.970","37696","24392","22202","590","-834","72","-895","554","3845680","-11895503","79631","32233","-98","7918","305"
"74551.970","37696","24393","22193","597","-834","82","-903","554","3845712","-11895246","79632","32235","-150","7919","311"
"74552.970","37695","24399","22198","589","-835","204","-854","554","3845743","-11894990","79633","32242","-150","7916","307"
"74553.970","37692","24396","22204","580","-829","165","-776","553","3845774","-11894734","79636","32239","-98","7920","305"
"74554.970","37693","24392","22203","577","-818","163","-1015","553","3845805","-11894478","79639","32234","-91","7923","309"
"74555.970","37691","24388","22213","564","-811","279","-859","552","3845837","-11894224","79642","32229","-170","7927","304"
"74556.970","37690","24384","22212","564","-818","345","-869","553","3845868","-11893966","79645","32225","-142","7917","302"
"74557.970","37688","24384","22204","570","-813","339","-856","552","3845899","-11893711","79648","32225","-109","7926","301"
"74558.970","37689","24386","22192","579","-803","272","-1083","553","3845930","-11893455","79651","32227","-85","7923","300"
"74559.970","37687","24392","22179","593","-804","222","-811","553","3845962","-11893199","79653","32236","-171","7930","301"
"74560.970","37683","24394","22179","593","-810","251","-918","553","3845993","-11892944","79655","32239","-141","7919","297"
"74561.970","37687","24394","22183","589","-811","217","-900","553","3846024","-11892689","79655","32238","-67","7926","297"
"74562.970","37688","24395","22180","593","-813","166","-1009","553","3846055","-11892431","79655","32239","-121","7928","294"
"74563.970","37686","24395","22179","596","-814","161","-1045","553","3846086","-11892176","79654","32240","-147","7921","294"
"74564.970","37683","24397","22173","601","-808","137","-893","553","3846117","-11891921","79652","32243","-99","7928","291"
"74565.970","37686","24398","22172","604","-811","122","-884","553","3846148","-11891665","79649","32244","-69","7928","290"
"74566.970","37690","24399","22171","606","-812","129","-1016","554","3846180","-11891409","79646","32244","-143","7927","290"
"74567.970","37689","24398","22176","603","-814","83","-987","554","3846211","-11891153","79642","32244","-130","7924","290"
"74568.970","37696","24401","22179","602","-821","123","-1033","554","3846242","-11890896","79638","32245","-49","7928","291"
"74569.970","37698","24405","22189","594","-825","125","-876","554","3846274","-11890641","79633","32249","-92","7931","294"
"74570.970","37700","24405","22195","588","-825","32","-924","553","3846304","-11890387","79630","32249","-141","7927","298"
"74571.970","37700","24406","22189","593","-824","-27","-825","554","3846335","-11890130","79627","32251","-87","7930","301"
"74572.970","37702","24409","22188","594","-826","-64","-802","554","3846366","-11889875","79624","32254","-49","7935","301"
"74573.970","37703","24409","22187","593","-825","-128","-975","554","3846397","-11889617","79622","32254","-142","7933","303"
"74574.970","37701","24409","22188","591","-823","-115","-933","554","3846428","-11889362","79620","32254","-144","7929","305"
"74575.970","37704","24409","22180","598","-826","-37","-923","554","3846458","-11889106","79619","32253","-60","7934","305"
"74576.970","37705","24409","22173","604","-823","50","-933","554","3846489","-11888850","79618","32254","-73","7938","304"
"74577.970","37707","24411","22175","603","-828","162","-748","554","3846520","-11888594","79618","32256","-132","7933","303"
"74578.970","37704","24411","22175","603","-832","165","-858","554","3846551","-11888337","79618","32257","-111","7934","305"
"74579.970","37702","24409","22169","607","-828","123","-817","554","3846581","-11888082","79618","32254","-56","7938","305"
"74580.970","37703","24404","22162","613","-830","84","-1084","555","3846612","-11887825","79620","32247","-109","7939","307"
"74581.970","37702","24399","22167","609","-842","120","-874","555","3846643","-11887570","79621","32241","-140","7935","306"
"74582.970","37700","24396","22158","618","-842","130","-978","555","3846673","-11887313","79622","32238","-74","7935","304"
"74583.970","37700","24395","22147","630","-847","102","-835","556","3846704","-11887057","79623","32236","-74","7939","305"
"74584.970","37697","24394","22142","635","-853","77","-884","556","3846734","-11886801","79624","32236","-145","7933","303"
"74585.970","37698","24393","22137","640","-851","50","-891","556","3846764","-11886547","79625","32235","-114","7933","303"
"74586.970","37702","24393","22136","641","-856","40","-759","556","3846795","-11886290","79625","32234","-49","7939","301"
"74587.970","37700","24392","22137","641","-859","53","-772","556","3846826","-11886035","79624","32233","-99","7938","300"
"74588.970","37701","24391","22137","643","-860","44","-1248","556","3846855","-11885777","79623","32230","-146","7935","299"
"74589.970","37702","24390","22140","641","-868","23","-791","557","3846885","-11885522","79621","32230","-90","7935","300"
"74590.970","37700","24390","22141","640","-864","4","-802","556","3846916","-11885266","79619","32230","-55","7940","301"
"74591.970","37701","24389","22148","634","-863","32","-949","556","3846946","-11885010","79618","32228","-149","7941","301"
"74592.970","37704","24388","22153","629","-865","31","-993","556","3846976","-11884754","79616","32227","-165","7933","302"
"74593.970","37703","24388","22151","629","-859","-13","-953","556","3847007","-11884497","79614","32227","-120","7938","308"
"74594.970","37705","24386","22160","618","-851","-5","-920","555","3847037","-11884242","79613","32223","-120","7940","313"
"74595.970","37705","24386","22163","613","-850","-19","-912","555","3847067","-11883985","79614","32223","-203","7939","319"
"74596.970","37704","24386","22163","611","-854","-2","-887","555","3847097","-11883730","79617","32224","-173","7930","320"
"74597.970","37699","24387","22150","621","-858","-45","-877","555","3847128","-11883473","79621","32227","-107","7937","326"
"74598.970","37696","24389","22122","649","-874","-45","-902","557","3847158","-11883217","79626","32229","-135","7928","328"
"74599.970","37692","24390","22118","649","-875","-32","-1006","557","3847188","-11882962","79633","32232","-192","7924","331"
"74600.970","37686","24391","22117","645","-876","34","-812","556","3847219","-11882705","79641","32234","-114","7924","330"
"74601.970","37684","24395","22134","620","-866","187","-696","556","3847249","-11882451","79650","32241","-119","7933","329"
"74602.970","37678","24401","22177","574","-879","373","-895","555","3847279","-11882195","79660","32250","-160","7925","326"
"74603.970","37671","24402","22190","556","-885","421","-932","555","3847310","-11881939","79671","32252","-198","7926","328"
"74604.970","37666","24400","22190","549","-883","447","-894","555","3847340","-11881685","79683","32251","-114","7920","330"
"74605.970","37659","24396","22176","555","-880","514","-845","555","3847371","-11881428","79696","32248","-121","7930","332"
"74606.970","37649","24392","22154","573","-886","557","-864","555","3847402","-11881172","79711","32245","-154","7916","334"
"74607.970","37638","24385","22133","588","-887","563","-1087","556","3847432","-11880917","79728","32238","-173","7921","338"
"74608.970","37631","24380","22117","600","-895","573","-922","556","3847463","-11880663","79744","32234","-96","7917","338"
"74609.970","37622","24379","22104","606","-894","573","-909","556","3847493","-11880406","79762","32234","-107","7921","341"
"74610.970","37609","24375","22102","602","-890","563","-1040","556","3847524","-11880152","79781","32232","-152","7917","341"
"74611.970","37600","24372","22094","604","-891","539","-838","556","3847554","-11879898","79799","32231","-114","7919","336"
"74612.970","37594","24371","22081","612","-893","444","-838","556","3847585","-11879643","79817","32230","-77","7919","329"
"74613.970","37587","24369","22074","614","-889","416","-987","556","3847615","-11879388","79833","32230","-141","7922","317"
"74614.970","37580","24368","22073","615","-894","422","-1066","556","3847646","-11879133","79848","32230","-144","7915","306"
"74615.970","37574","24368","22068","621","-896","334","-900","557","3847675","-11878878","79861","32232","-117","7919","297"
"74616.970","37572","24368","22057","635","-894","323","-944","557","3847706","-11878623","79870","32232","-98","7918","289"
"74617.970","37574","24368","22056","639","-894","274","-830","557","3847736","-11878370","79873","32231","-154","7919","283"
"74618.970","37575","24368","22052","649","-897","206","-947","557","3847767","-11878112","79872","32232","-141","7913","281"
"74619.970","37574","24368","22046","660","-899","180","-880","557","3847797","-11877858","79866","32232","-106","7918","278"
"74620.970","37581","24370","22050","662","-901","175","-864","558","3847827","-11877603","79856","32232","-98","7919","276"
"74621.970","37588","24371","22061","658","-908","157","-928","558","3847858","-11877348","79844","32232","-162","7913","275"
"74622.970","37592","24370","22075","649","-909","101","-934","558","3847889","-11877093","79831","32229","-160","7912","274"
"74623.970","37597","24369","22084","645","-908","99","-856","558","3847919","-11876838","79816","32228","-96","7915","274"
"74624.970","37605","24370","22082","651","-904","124","-862","558","3847950","-11876583","79802","32226","-128","7917","273"
"74625.970","37611","24368","22077","659","-891","162","-865","557","3847980","-11876327","79788","32223","-186","7914","269"
"74626.970","37618","24367","22074","667","-882","181","-816","557","3848011","-11876072","79773","32219","-152","7915","269"
"74627.970","37624","24367","22069","678","-880","151","-815","558","3848042","-11875817","79758","32218","-112","7917","268"
"74628.970","37631","24368","22069","685","-884","178","-834","558","3848073","-11875561","79743","32218","-144","7917","265"
"74629.970","37639","24369","22068","693","-880","174","-973","558","3848103","-11875305","79728","32217","-164","7912","265"
"74630.970","37647","24370","22066","701","-878","129","-960","558","3848133","-11875051","79712","32216","-113","7914","265"
"74631.970","37654","24372","22085","691","-886","129","-774","558","3848164","-11874793","79697","32217","-87","7917","263"
"74632.970","37665","24374","22101","682","-888","150","-958","558","3848195","-11874538","79681","32218","-149","7913","263"
"74633.970","37674","24377","22116","675","-893","176","-879","558","3848226","-11874282","79664","32219","-155","7912","266"
"74634.970","37681","24379","22132","665","-903","215","-817","558","3848256","-11874027","79649","32219","-76","7915","276"
"74635.970","37689","24381","22145","656","-910","256","-1105","558","3848287","-11873770","79636","32220","-84","7914","283"
"74636.970","37693","24379","22143","657","-894","265","-918","557","3848318","-11873514","79624","32217","-174","7916","293"
"74637.970","37697","24374","22134","662","-871","286","-795","557","3848349","-11873258","79616","32210","-147","7918","298"
"74638.970","37699","24369","22150","645","-875","329","-1041","556","3848379","-11873002","79610","32202","-89","7923","305"
"74639.970","37698","24367","22150","645","-876","411","-975","557","3848410","-11872746","79607","32200","-162","7920","308"
"74640.970","37693","24367","22143","651","-876","440","-901","557","3848441","-11872490","79606","32201","-178","7916","312"
"74641.970","37690","24368","22134","659","-882","434","-860","557","3848472","-11872234","79609","32203","-97","7915","316"
"74642.970","37686","24368","22122","668","-886","379","-796","558","3848502","-11871978","79616","32204","-109","7916","320"
"74643.970","37677","24370","22114","673","-887","297","-901","558","3848533","-11871723","79626","32209","-157","7913","326"
"74644.970","37671","24372","22108","676","-889","194","-822","558","3848564","-11871466","79637","32213","-125","7911","331"
"74645.970","37667","24371","22097","682","-890","189","-786","558","3848595","-11871211","79650","32212","-76","7915","332"
"74646.970","37661","24370","22087","687","-892","191","-900","558","3848625","-11870953","79663","32213","-118","7915","335"
"74647.970","37654","24371","22095","674","-896","137","-966","558","3848656","-11870698","79677","32216","-153","7913","337"
"74648.970","37646","24373","22106","658","-904","57","-949","558","3848687","-11870442","79691","32221","-102","7910","341"
"74649.970","37637","24373","22106","649","-900","44","-1065","557","3848717","-11870187","79706","32223","-82","7917","345"
"74650.970","37631","24374","22117","633","-910","76","-968","557","3848748","-11869932","79722","32225","-121","7916","347"
"74651.970","37620","24374","22136","610","-931","69","-838","558","3848778","-11869674","79738","32229","-154","7909","349"
"74652.970","37615","24374","22152","589","-948","72","-1010","558","3848809","-11869419","79755","32230","-90","7906","344"
"74653.970","37608","24374","22160","576","-964","76","-1010","558","3848839","-11869165","79772","32231","-84","7906","338"
"74654.970","37600","24373","22166","564","-972","141","-894","558","3848870","-11868908","79787","32232","-113","7906","326"
"74655.970","37594","24373","22169","558","-980","189","-889","558","3848900","-11868654","79801","32233","-131","7903","317"
"74656.970","37591","24372","22178","547","-989","157","-924","558","3848930","-11868399","79814","32233","-106","7902","311"
"74657.970","37588","24373","22188","536","-998","214","-902","558","3848960","-11868143","79825","32234","-82","7903","301"
"74658.970","37586","24374","22193","531","-1002","230","-796","558","3848990","-11867888","79833","32236","-98","7905","295"
"74659.970","37587","24373","22198","525","-1003","243","-898","558","3849020","-11867633","79838","32235","-128","7901","289"
"74660.970","37585","24373","22203","520","-998","264","-1081","558","3849051","-11867379","79839","32235","-117","7907","286"
"74661.970","37587","24373","22202","522","-997","227","-833","558","3849081","-11867123","79837","32234","-85","7905","285"
"74662.970","37586","24373","22194","531","-996","149","-943","558","3849111","-11866869","79830","32235","-104","7908","286"
"74663.970","37590","24373","22199","528","-995","121","-938","558","3849141","-11866613","79824","32235","-129","7907","286"
"74664.970","37591","24374","22202","526","-993","98","-858","558","3849172","-11866358","79816","32235","-122","7908","285"
"74665.970","37595","24375","22209","522","-1004","57","-904","558","3849202","-11866103","79809","32236","-107","7908","288"
"74666.970","37600","24376","22205","529","-1009","-18","-953","558","3849232","-11865847","79802","32236","-119","7905","291"
"74667.970","37602","24377","22201","532","-1007","-48","-933","558","3849263","-11865592","79795","32236","-138","7904","292"
"74668.970","37606","24376","22198","535","-1002","-56","-953","558","3849292","-11865337","79789","32234","-151","7904","293"
"74669.970","37605","24376","22197","536","-1000","-72","-847","558","3849323","-11865082","79783","32234","-115","7905","295"
"74670.970","37606","24375","22197","536","-999","-40","-789","559","3849353","-11864825","79778","32233","-144","7905","297"
"74671.970","37612","24377","22201","533","-1007","-47","-941","558","3849383","-11864572","79774","32233","-180","7901","298"
"74672.970","37615","24377","22216","518","-1013","-24","-827","559","3849413","-11864314","79770","32234","-168","7897","299"
"74673.970","37615","24378","22226","508","-1021","2","-789","559","3849444","-11864060","79767","32235","-127","7897","300"
"74674.970","37615","24378","22231","502","-1020","-3","-965","558","3849474","-11863804","79765","32234","-100","7898","305"
"74675.970","37615","24378","22222","506","-1010","2","-955","558","3849504","-11863549","79764","32234","-159","7900","308"
"74676.970","37615","24377","22218","508","-1007","16","-929","558","3849535","-11863295","79764","32233","-165","7896","306"
"74677.970","37616","24377","22212","510","-1003","34","-786","558","3849565","-11863038","79765","32233","-127","7899","309"
"74678.970","37615","24377","22209","512","-1008","48","-852","558","3849595","-11862783","79767","32233","-114","7897","308"
"74679.970","37612","24377","22205","514","-1007","87","-1014","558","3849625","-11862529","79769","32233","-164","7897","308"
"74680.970","37611","24376","22200","517","-1006","88","-1046","558","3849656","-11862274","79771","32234","-155","7893","305"
"74681.970","37604","24376","22194","521","-1006","150","-755","558","3849687","-11862018","79772","32234","-121","7896","303"
"74682.970","37607","24376","22185","529","-1005","209","-920","558","3849717","-11861764","79774","32234","-128","7894","299"
"74683.970","37604","24376","22178","536","-1004","256","-997","558","3849747","-11861508","79775","32234","-176","7893","297"
"74684.970","37603","24376","22170","542","-994","227","-817","558","3849778","-11861254","79775","32234","-160","7891","295"
"74685.970","37607","24376","22162","552","-996","186","-962","559","3849809","-11860998","79774","32234","-107","7889","294"
"74686.970","37607","24376","22151","563","-989","243","-1065","559","3849839","-11860743","79773","32234","-109","7897","293"
"74687.970","37608","24376","22152","564","-989","282","-860","558","3849870","-11860488","79771","32234","-125","7892","291"
"74688.970","37612","24377","22154","564","-993","204","-807","559","3849900","-11860234","79769","32234","-151","7896","293"
"74689.970","37610","24377","22147","575","-1000","175","-788","559","3849931","-11859980","79766","32234","-104","7891","295"
"74690.970","37610","24377","22139","585","-1008","115","-942","560","3849961","-11859723","79763","32235","-93","7892","294"
"74691.970","37609","24378","22130","593","-997","110","-736","559","3849992","-11859469","79761","32236","-107","7894","295"
"74692.970","37610","24378","22129","597","-1000","128","-756","559","3850023","-11859214","79757","32236","-112","7895","292"
"74693.970","37614","24379","22144","584","-1006","117","-933","559","3850053","-11858958","79754","32237","-123","7895","294"
"74694.970","37615","24380","22137","592","-1005","76","-822","560","3850083","-11858703","79750","32237","-117","7892","295"
"74695.970","37617","24380","22146","584","-1005","135","-954","559","3850114","-11858448","79747","32237","-140","7895","295"
"74696.970","37616","24380","22153","581","-1018","129","-724","560","3850144","-11858192","79744","32238","-120","7891","297"
"74697.970","37618","24382","22158","578","-1024","88","-829","560","3850174","-11857938","79741","32239","-117","7891","299"
"74698.970","37623","24384","22165","573","-1039","14","-844","560","3850205","-11857682","79739","32241","-117","7886","303"
"74699.970","37622","24387","22166","575","-1054","-83","-879","561","3850235","-11857428","79737","32245","-102","7885","308"
"74700.970","37624","24387","22156","583","-1056","-182","-877","561","3850266","-11857173","79736","32244","-107","7883","309"
"74701.970","37624","24388","22145","593","-1057","-222","-834","561","3850296","-11856916","79735","32245","-101","7886","310"
"74702.970","37624","24387","22141","596","-1060","-246","-859","561","3850326","-11856662","79735","32245","-101","7884","311"
"74703.970","37622","24387","22129","604","-1050","-187","-928","561","3850356","-11856406","79735","32244","-116","7885","308"
"74704.970","37622","24387","22136","598","-1058","-151","-1094","561","3850387","-11856150","79734","32245","-111","7889","308"
"74705.970","37622","24387","22130","603","-1059","-131","-784","561","3850417","-11855896","79734","32244","-90","7884","309"
"74706.970","37620","24385","22123","607","-1052","-64","-909","561","3850448","-11855640","79734","32242","-111","7893","307"
"74707.970","37622","24385","22124","604","-1044","-51","-855","561","3850477","-11855386","79734","32242","-111","7889","305"
"74708.970","37622","24384","22124","602","-1040","-33","-823","561","3850508","-11855130","79734","32241","-137","7895","307"
"74709.970","37617","24384","22126","601","-1045","-17","-960","561","3850538","-11854875","79733","32242","-152","7888","304"
"74710.970","37617","24384","22118","607","-1037","-44","-916","561","3850568","-11854620","79733","32242","-174","7889","304"
"74711.970","37619","24384","22109","615","-1034","-39","-785","561","3850598","-11854365","79732","32241","-173","7889","305"
"74712.970","37619","24384","22106","618","-1033","-25","-799","561","3850628","-11854110","79731","32241","-157","7884","305"
"74713.970","37621","24384","22098","626","-1035","8","-838","561","3850659","-11853855","79730","32241","-140","7888","304"
"74714.970","37621","24383","22105","623","-1046","68","-927","561","3850689","-11853601","79729","32240","-141","7884","301"
"74715.970","37623","24384","22116","611","-1046","124","-843","562","3850719","-11853345","79728","32240","-129","7881","300"
"74716.970","37622","24384","22126","599","-1035","98","-779","560","3850750","-11853089","79726","32241","-149","7887","301"
"74717.970","37626","24385","22128","597","-1035","70","-937","561","3850780","-11852835","79725","32241","-156","7882","302"
"74718.970","37626","24385","22121","604","-1033","92","-873","561","3850810","-11852580","79724","32241","-173","7883","303"
"74719.970","37627","24385","22113","612","-1031","101","-886","561","3850841","-11852323","79723","32240","-171","7879","301"
"74720.970","37625","24385","22115","614","-1045","104","-881","561","3850871","-11852069","79721","32241","-151","7877","302"
"74721.970","37626","24385","22104","622","-1032","89","-961","561","3850902","-11851814","79720","32241","-144","7880","301"
"74722.970","37626","24385","22106","621","-1032","129","-786","561","3850932","-11851560","79719","32242","-126","7879","301"
"74723.970","37627","24385","22120","605","-1026","92","-873","561","3850963","-11851304","79718","32241","-138","7879","302"
"74724.970","37627","24383","22130","591","-1003","151","-914","560","3850994","-11851049","79718","32238","-151","7890","303"
"74725.970","37627","24383","22128","593","-1004","240","-1142","560","3851024","-11850794","79717","32239","-145","7883","300"
"74726.970","37627","24384","22120","604","-1015","271","-860","560","3851054","-11850538","79717","32240","-156","7883","301"
"74727.970","37628","24386","22117","610","-1030","177","-839","560","3851086","-11850284","79717","32242","-158","7873","302"
"74728.970","37628","24387","22106","623","-1036","88","-988","562","3851116","-11850029","79717","32243","-138","7874","303"
"74729.970","37627","24385","22104","622","-1021","82","-790","561","3851147","-11849774","79717","32241","-117","7877","303"
"74730.970","37626","24385","22101","625","-1018","80","-771","561","3851177","-11849519","79717","32241","-103","7876","303"
"74731.970","37627","24384","22086","639","-1014","73","-796","561","3851208","-11849264","79717","32240","-159","7879","303"
"74732.970","37624","24383","22078","650","-1018","88","-1051","561","3851239","-11849009","79716","32240","-145","7874","301"
"74733.970","37627","24383","22084","644","-1017","62","-954","561","3851270","-11848754","79715","32239","-111","7879","301"
"74734.970","37630","24384","22096","631","-1011","67","-950","560","3851301","-11848497","79714","32239","-105","7879","300"
"74735.970","37628","24383","22105","625","-1019","103","-822","561","3851331","-11848243","79712","32239","-158","7880","300"
"74736.970","37629","24384","22108","622","-1017","110","-865","560","3851362","-11847989","79710","32239","-142","7877","297"
"74737.970","37632","24386","22108","622","-1012","82","-951","560","3851393","-11847731","79708","32241","-90","7879","296"
"74738.970","37633","24387","22108","624","-1018","100","-944","561","3851423","-11847479","79706","32242","-105","7881","298"
"74739.970","37634","24389","22109","626","-1029","128","-830","561","3851455","-11847222","79704","32244","-143","7878","297"
"74740.970","37633","24390","22112","626","-1039","79","-864","561","3851485","-11846967","79701","32247","-99","7873","297"
"74741.970","37637","24390","22116","620","-1029","36","-784","561","3851516","-11846711","79699","32245","-52","7882","299"
"74742.970","37640","24388","22102","634","-1026","-17","-845","561","3851546","-11846457","79696","32242","-76","7888","300"
"74743.970","37640","24387","22101","637","-1030","35","-1010","561","3851577","-11846202","79694","32241","-126","7881","299"
"74744.970","37639","24387","22101","635","-1024","-12","-799","561","3851608","-11845946","79692","32240","-125","7887","302"
"74745.970","37638","24387","22102","633","-1019","20","-797","561","3851638","-11845691","79690","32241","-58","7887","301"
"74746.970","37639","24387","22098","637","-1017","179","-999","561","3851669","-11845436","79688","32241","-104","7893","298"
"74747.970","37639","24390","22092","649","-1032","302","-923","562","3851699","-11845182","79687","32245","-150","7885","294"
"74748.970","37642","24392","22076","667","-1039","216","-794","562","3851729","-11844925","79685","32246","-108","7882","297"
"74749.970","37644","24391","22071","672","-1033","97","-984","562","3851759","-11844670","79683","32245","-47","7891","297"
"74750.970","37644","24391","22077","665","-1025","38","-1014","562","3851790","-11844414","79681","32244","-95","7889","301"
"74751.970","37642","24390","22083","656","-1012","18","-835","561","3851820","-11844159","79679","32244","-162","7894","303"
"74752.970","37644","24389","22077","661","-1010","77","-853","561","3851850","-11843904","79677","32243","-89","7894","314"
"74753.970","37644","24391","22066","676","-1021","242","-791","562","3851880","-11843647","79678","32244","-65","7900","316"
"74754.970","37642","24393","22064","679","-1034","267","-1111","562","3851910","-11843394","79680","32248","-146","7889","318"
"74755.970","37635","24395","22064","679","-1047","223","-936","562","3851941","-11843136","79684","32252","-155","7888","320"
"74756.970","37633","24395","22057","687","-1056","245","-769","563","3851971","-11842882","79690","32252","-61","7885","318"
"74757.970","37632","24395","22045","698","-1051","305","-779","563","3852001","-11842627","79695","32253","-80","7892","313"
"74758.970","37627","24395","22035","711","-1062","275","-761","563","3852031","-11842372","79701","32254","-148","7887","310"
"74759.970","37627","24394","22030","716","-1059","230","-787","564","3852061","-11842115","79704","32253","-114","7885","303"
"74760.970","37626","24393","22027","718","-1051","169","-985","563","3852090","-11841860","79707","32252","-60","7892","300"
"74761.970","37627","24391","22040","704","-1041","189","-889","563","3852120","-11841606","79708","32249","-127","7898","300"
"74762.970","37627","24392","22061","688","-1055","205","-891","563","3852150","-11841350","79708","32250","-164","7889","294"
"74763.970","37627","24390","22055","695","-1054","84","-844","563","3852179","-11841095","79707","32248","-115","7891","298"
"74764.970","37632","24390","22051","702","-1058","153","-768","563","3852209","-11840840","79704","32247","-56","7894","295"
"74765.970","37632","24390","22051","704","-1060","168","-792","563","3852239","-11840583","79701","32246","-159","7893","297"
"74766.970","37631","24388","22056","700","-1058","136","-914","563","3852269","-11840326","79698","32244","-142","7891","296"
"74767.970","37632","24388","22059","699","-1062","133","-885","563","3852299","-11840071","79694","32244","-83","7896","300"
"74768.970","37636","24389","22057","703","-1062","154","-945","563","3852329","-11839817","79691","32244","-151","7894","297"
"74769.970","37636","24389","22058","702","-1058","124","-802","563","3852358","-11839562","79689","32244","-148","7888","298"
"74770.970","37637","24390","22059","701","-1053","129","-911","563","3852388","-11839305","79686","32245","-100","7898","302"
"74771.970","37639","24390","22078","682","-1053","122","-840","563","3852418","-11839050","79685","32245","-124","7896","300"
"74772.970","37638","24391","22084","677","-1051","26","-1081","562","3852448","-11838794","79683","32246","-188","7896","303"
"74773.970","37642","24390","22081","683","-1055","-90","-831","563","3852478","-11838538","79682","32244","-121","7893","305"
"74774.970","37642","24391","22073","691","-1056","-64","-895","563","3852507","-11838282","79681","32245","-83","7897","303"
"74775.970","37642","24391","22076","688","-1058","-33","-852","563","3852537","-11838027","79679","32245","-160","7895","302"
"74776.970","37642","24391","22081","684","-1064","-28","-843","563","3852567","-11837771","79678","32245","-143","7892","302"
"74777.970","37645","24392","22082","685","-1073","-12","-795","563","3852597","-11837516","79676","32245","-71","7891","301"
"74778.970","37646","24391","22086","680","-1072","53","-832","563","3852627","-11837260","79675","32245","-138","7894","302"
"74779.970","37643","24392","22092","677","-1075","71","-975","563","3852657","-11837005","79674","32246","-168","7888","300"
"74780.970","37643","24392","22087","683","-1077","80","-931","563","3852687","-11836749","79672","32246","-93","7891","303"
"74781.970","37645","24392","22081","690","-1078","159","-847","564","3852716","-11836492","79672","32246","-84","7896","302"
"74782.970","37645","24393","22092","680","-1083","140","-875","564","3852746","-11836237","79671","32248","-162","7887","303"
"74783.970","37644","24393","22096","677","-1086","109","-962","564","3852776","-11835981","79671","32248","-138","7890","302"
"74784.970","37645","24393","22096","678","-1090","121","-835","564","3852805","-11835725","79670","32247","-66","7891","301"
"74785.970","37644","24394","22114","660","-1089","131","-830","563","3852835","-11835471","79670","32248","-124","7894","304"
"74786.970","37645","24395","22123","651","-1091","191","-819","563","3852865","-11835213","79670","32249","-159","7890","299"
"74787.970","37648","24395","22126","650","-1100","150","-923","564","3852895","-11834958","79669","32249","-96","7892","303"
"74788.970","37647","24398","22118","657","-1100","162","-843","564","3852924","-11834702","79669","32253","-80","7891","303"
"74789.970","37642","24405","22104","669","-1087","190","-1034","563","3852954","-11834446","79670","32264","-139","7893","301"
"74790.970","37645","24405","22108","665","-1088","78","-882","563","3852984","-11834191","79669","32262","-146","7896","302"
"74791.970","37646","24399","22132","643","-1101","62","-849","563","3853013","-11833935","79669","32255","-100","7892","301"
"74792.970","37647","24398","22128","645","-1095","100","-982","563","3853042","-11833680","79668","32253","-95","7897","300"
"74793.970","37648","24398","22129","647","-1102","162","-877","564","3853072","-11833422","79667","32253","-146","7895","300"
"74794.970","37642","24406","22107","668","-1097","238","-948","564","3853101","-11833168","79666","32265","-123","7892","297"
"74795.970","37646","24406","22097","680","-1098","210","-865","564","3853131","-11832912","79665","32265","-83","7902","298"
"74796.970","37646","24399","22112","666","-1101","253","-969","564","3853161","-11832656","79664","32255","-91","7896","297"
"74797.970","37645","24398","22108","669","-1097","233","-887","564","3853190","-11832400","79663","32254","-173","7899","300"
"74798.970","37644","24397","22106","673","-1097","148","-922","564","3853219","-11832143","79662","32253","-140","7894","300"
"74799.970","37649","24398","22101","678","-1094","149","-941","564","3853248","-11831887","79661","32253","-115","7898","300"
"74800.970","37649","24398","22098","681","-1091","165","-977","564","3853278","-11831631","79660","32252","-167","7895","301"
"74801.970","37650","24397","22098","683","-1094","203","-943","564","3853307","-11831377","79659","32252","-180","7894","297"
"74802.970","37649","24397","22100","682","-1094","247","-867","564","3853337","-11831121","79658","32251","-124","7893","297"
"74803.970","37653","24397","22098","685","-1096","255","-855","564","3853366","-11830863","79657","32251","-127","7897","299"
"74804.970","37652","24398","22097","688","-1100","273","-912","564","3853396","-11830609","79655","32252","-183","7887","287"
"74805.970","37647","24398","22098","691","-1108","284","-854","565","3853426","-11830352","79653","32253","-155","7886","301"
"74806.970","37649","24399","22099","689","-1107","292","-960","564","3853455","-11830097","79651","32255","-90","7891","294"
"74807.970","37649","24400","22095","695","-1109","259","-931","565","3853485","-11829841","79650","32255","-116","7889","298"
"74808.970","37651","24400","22095","696","-1107","231","-863","564","3853514","-11829584","79649","32255","-189","7888","299"
"74809.970","37651","24399","22099","693","-1106","174","-1008","564","3853544","-11829328","79648","32254","-126","7886","299"
"74810.970","37654","24398","22097","696","-1111","141","-1111","565","3853573","-11829072","79647","32251","-76","7891","297"
"74811.970","37653","24398","22100","693","-1106","100","-1012","564","3853603","-11828817","79647","32251","-175","7886","304"
"74812.970","37653","24397","22098","693","-1099","136","-777","564","3853632","-11828562","79646","32250","-177","7885","301"
"74813.970","37654","24396","22092","698","-1088","152","-935","564","3853662","-11828304","79645","32249","-105","7888","298"
"74814.970","37654","24396","22091","699","-1081","208","-849","564","3853692","-11828048","79644","32249","-106","7895","299"
"74815.970","37656","24397","22090","705","-1101","263","-996","564","3853721","-11827793","79643","32250","-182","7885","297"
"74816.970","37653","24397","22083","715","-1114","268","-877","565","3853751","-11827537","79642","32251","-164","7880","300"
"74817.970","37657","24398","22076","724","-1116","242","-882","565","3853781","-11827279","79641","32251","-78","7880","298"
"74818.970","37656","24399","22064","738","-1120","198","-1074","566","3853811","-11827024","79641","32253","-91","7885","300"
"74819.970","37656","24399","22058","745","-1123","183","-798","566","3853841","-11826769","79640","32253","-146","7880","299"
"74820.970","37653","24399","22061","743","-1122","113","-888","566","3853870","-11826512","79639","32253","-138","7880","298"
"74821.970","37655","24400","22057","747","-1118","97","-781","566","3853899","-11826257","79637","32254","-70","7884","297"
"74822.970","37659","24400","22054","751","-1113","76","-936","566","3853930","-11826001","79635","32253","-80","7887","298"
"74823.970","37657","24400","22055","752","-1111","94","-1075","566","3853959","-11825744","79633","32253","-152","7887","297"
"74824.970","37658","24401","22057","751","-1112","64","-844","566","3853988","-11825488","79630","32254","-115","7886","297"
"74825.970","37663","24402","22063","748","-1121","56","-787","566","3854018","-11825231","79627","32255","-50","7890","296"
"74826.970","37664","24403","22068","746","-1127","80","-778","566","3854047","-11824974","79624","32256","-115","7890","299"
"74827.970","37660","24403","22063","753","-1127","117","-963","566","3854077","-11824718","79622","32257","-167","7884","299"
"74828.970","37660","24403","22060","759","-1134","139","-831","567","3854106","-11824463","79619","32257","-103","7886","300"
"74829.970","37667","24404","22053","767","-1135","146","-759","567","3854136","-11824207","79617","32257","-94","7887","301"
"74830.970","37664","24404","22050","772","-1133","154","-903","567","3854165","-11823949","79616","32258","-160","7885","301"
"74831.970","37666","24405","22049","773","-1129","129","-865","566","3854194","-11823693","79614","32258","-161","7883","302"
"74832.970","37665","24405","22050","773","-1128","84","-847","567","3854224","-11823439","79613","32258","-96","7887","304"
"74833.970","37669","24405","22049","775","-1129","86","-826","566","3854253","-11823180","79612","32257","-134","7889","304"
"74834.970","37670","24404","22047","776","-1120","109","-942","566","3854282","-11822924","79611","32255","-182","7881","303"
"74835.970","37667","24403","22050","772","-1114","139","-920","566","3854313","-11822669","79610","32255","-137","7889","302"
"74836.970","37670","24403","22058","766","-1115","142","-864","566","3854342","-11822412","79609","32254","-110","7887","301"
"74837.970","37670","24404","22056","768","-1116","149","-757","566","3854371","-11822155","79608","32255","-168","7887","302"
"74838.970","37667","24403","22058","768","-1119","174","-861","566","3854401","-11821899","79607","32256","-194","7882","301"
"74839.970","37668","24404","22058","771","-1126","175","-1011","567","3854430","-11821643","79606","32256","-111","7880","301"
"74840.970","37670","24403","22060","769","-1127","152","-858","566","3854460","-11821387","79605","32255","-108","7885","304"
"74841.970","37671","24405","22053","780","-1137","85","-840","567","3854489","-11821129","79605","32257","-155","7877","302"
"74842.970","37669","24406","22048","786","-1140","126","-914","567","3854519","-11820873","79603","32258","-155","7878","300"
"74843.970","37669","24405","22058","777","-1141","123","-1102","567","3854548","-11820616","79602","32257","-73","7880","299"
"74844.970","37670","24406","22054","784","-1147","44","-786","567","3854578","-11820360","79601","32258","-124","7880","303"
"74845.970","37671","24407","22049","789","-1145","106","-898","567","3854608","-11820103","79599","32259","-169","7876","300"
"74846.970","37672","24409","22058","783","-1157","139","-883","567","3854637","-11819847","79597","32261","-104","7876","297"
"74847.970","37674","24412","22050","792","-1150","19","-769","567","3854667","-11819592","79595","32265","-97","7877","300"
"74848.970","37675","24411","22049","794","-1152","96","-849","567","3854696","-11819335","79593","32264","-186","7877","301"
"74849.970","37674","24410","22054","790","-1155","169","-898","567","3854725","-11819078","79591","32263","-158","7872","297"
"74850.970","37673","24410","22056","790","-1157","132","-890","567","3854755","-11818820","79589","32263","-93","7875","301"
"74851.970","37677","24410","22049","797","-1151","187","-1066","568","3854785","-11818566","79587","32262","-143","7877","301"
"74852.970","37679","24410","22049","797","-1146","267","-790","567","3854815","-11818308","79586","32261","-185","7871","299"
"74853.970","37680","24409","22057","791","-1149","270","-1050","567","3854844","-11818052","79585","32260","-131","7875","302"
"74854.970","37678","24409","22059","790","-1150","293","-783","567","3854874","-11817797","79585","32260","-102","7877","302"
"74855.970","37675","24408","22062","786","-1141","382","-788","567","3854904","-11817539","79586","32259","-171","7874","300"
"74856.970","37673","24407","22059","789","-1138","416","-807","567","3854933","-11817283","79586","32259","-170","7874","300"
"74857.970","37676","24407","22057","793","-1137","424","-846","567","3854962","-11817025","79587","32258","-103","7875","299"
"74858.970","37674","24407","22059","792","-1136","435","-860","567","3854992","-11816769","79588","32258","-125","7877","299"
"74859.970","37674","24407","22058","795","-1138","408","-1001","567","3855022","-11816513","79589","32259","-159","7876","296"
"74860.970","37673","24406","22065","788","-1135","393","-799","567","3855051","-11816255","79590","32258","-137","7876","295"
"74861.970","37673","24407","22064","791","-1137","391","-909","567","3855081","-11815999","79590","32259","-89","7877","294"
"74862.970","37673","24406","22068","789","-1137","396","-837","567","3855111","-11815743","79590","32258","-133","7875","294"
"74863.970","37674","24405","22073","787","-1139","370","-853","567","3855141","-11815485","79589","32257","-160","7876","294"
"74864.970","37675","24404","22074","786","-1134","268","-803","567","3855171","-11815230","79588","32255","-99","7877","294"
"74865.970","37679","24402","22069","790","-1120","266","-965","567","3855200","-11814972","79587","32251","-89","7885","296"
"74866.970","37675","24400","22067","793","-1116","280","-954","567","3855230","-11814714","79585","32248","-172","7882","294"
"74867.970","37675","24399","22067","796","-1119","309","-915","567","3855259","-11814460","79583","32248","-153","7880","294"
"74868.970","37679","24401","22059","806","-1121","311","-793","567","3855289","-11814201","79581","32249","-78","7884","291"
"74869.970","37680","24400","22049","818","-1117","293","-911","567","3855319","-11813945","79579","32248","-100","7886","292"
"74870.970","37679","24401","22052","818","-1117","320","-874","567","3855348","-11813689","79577","32249","-168","7882","292"
"74871.970","37677","24401","22053","820","-1120","218","-889","567","3855378","-11813430","79575","32250","-139","7882","294"
"74872.970","37680","24402","22053","823","-1123","198","-873","567","3855407","-11813174","79572","32250","-60","7884","295"
"74873.970","37684","24405","22050","831","-1136","159","-797","568","3855437","-11812915","79570","32253","-111","7881","296"
"74874.970","37684","24403","22055","826","-1128","66","-918","568","3855467","-11812661","79567","32251","-172","7879","297"
"74875.970","37684","24402","22055","825","-1117","13","-876","567","3855496","-11812403","79564","32250","-107","7887","297"
"74876.970","37686","24402","22054","827","-1110","24","-913","567","3855526","-11812146","79561","32249","-87","7886","297"
"74877.970","37688","24402","22053","830","-1114","42","-763","567","3855555","-11811888","79558","32249","-196","7887","299"
"74878.970","37687","24403","22049","836","-1115","57","-983","567","3855585","-11811631","79555","32250","-158","7883","299"
"74879.970","37687","24403","22049","839","-1124","71","-846","568","3855615","-11811373","79552","32251","-72","7884","300"
"74880.970","37689","24404","22047","841","-1122","30","-1075","568","3855644","-11811116","79550","32251","-152","7885","305"
"74881.970","37689","24404","22053","835","-1115","17","-818","567","3855673","-11810860","79549","32251","-163","7883","306"
"74882.970","37689","24404","22055","835","-1124","-9","-919","567","3855703","-11810604","79547","32251","-90","7885","306"
"74883.970","37692","24405","22057","831","-1115","32","-1009","567","3855732","-11810346","79547","32251","-126","7886","306"
"74884.970","37691","24405","22063","824","-1112","42","-835","567","3855762","-11810089","79547","32251","-195","7884","307"
"74885.970","37690","24404","22071","816","-1110","52","-1028","567","3855792","-11809831","79546","32251","-145","7883","306"
"74886.970","37690","24403","22078","809","-1110","78","-883","566","3855821","-11809574","79546","32249","-93","7888","305"
"74887.970","37693","24403","22083","803","-1115","96","-961","567","3855851","-11809316","79547","32249","-183","7884","308"
"74888.970","37690","24405","22086","802","-1128","106","-890","567","3855881","-11809059","79548","32251","-177","7876","306"
"74889.970","37691","24405","22082","807","-1130","40","-929","567","3855911","-11808803","79548","32251","-98","7881","306"
"74890.970","37692","24404","22085","802","-1127","16","-883","567","3855940","-11808546","79549","32250","-87","7882","305"
"74891.970","37687","24402","22083","801","-1113","9","-937","566","3855969","-11808289","79550","32248","-161","7885","305"
"74892.970","37689","24401","22079","803","-1103","-1","-849","566","3855999","-11808032","79550","32246","-128","7885","303"
"74893.970","37690","24400","22074","808","-1104","67","-847","567","3856028","-11807775","79549","32245","-84","7890","301"
"74894.970","37691","24398","22069","813","-1101","60","-912","566","3856058","-11807517","79549","32243","-157","7889","302"
"74895.970","37690","24399","22071","811","-1101","-1","-950","566","3856088","-11807260","79548","32244","-162","7884","304"
"74896.970","37691","24399","22075","808","-1102","17","-850","567","3856118","-11807002","79547","32243","-119","7888","302"
"74897.970","37690","24395","22070","810","-1086","107","-979","566","3856147","-11806745","79546","32239","-111","7888","301"
"74898.970","37687","24391","22067","811","-1075","87","-890","566","3856177","-11806489","79545","32234","-154","7894","303"
"74899.970","37690","24388","22062","817","-1070","38","-847","566","3856207","-11806231","79544","32230","-65","7896","304"
"74900.970","37689","24384","22053","823","-1059","69","-902","566","3856237","-11805975","79543","32225","47","7910","304"
"74901.970","37691","24382","22049","827","-1052","34","-838","565","3856266","-11805719","79543","32221","182","7930","303"
"74902.970","37690","24381","22050","827","-1057","13","-881","566","3856295","-11805460","79542","32220","358","7953","300"
"74903.970","37690","24375","22050","827","-1057","56","-811","566","3856323","-11805201","79541","32212","531","7992","298"
"74904.970","37692","24370","22071","809","-1066","22","-939","566","3856350","-11804945","79540","32205","713","8025","295"
"74905.970","37693","24373","22062","820","-1069","13","-889","566","3856376","-11804686","79538","32209","864","8076","289"
"74906.970","37695","24371","22072","811","-1067","48","-975","566","3856400","-11804429","79534","32205","1015","8127","277"
"74907.970","37696","24368","22084","800","-1058","54","-825","566","3856423","-11804169","79527","32202","1149","8189","271"
"74908.970","37701","24371","22081","801","-1023","66","-906","565","3856445","-11803911","79518","32205","1273","8264","264"
"74909.970","37707","24372","22086","795","-1003","82","-915","564","3856463","-11803650","79506","32204","1409","8338","258"
"74910.970","37716","24372","22090","793","-976","147","-862","563","3856481","-11803391","79491","32202","1523","8422","251"
"74911.970","37724","24376","22089","800","-978","157","-852","563","3856495","-11803130","79474","32205","1626","8505","247"
"74912.970","37732","24385","22093","806","-1002","116","-782","564","3856506","-11802869","79456","32215","1707","8582","245"
"74913.970","37743","24388","22096","812","-1029","74","-942","565","3856514","-11802607","79437","32217","1632","8654","246"
"74914.970","37750","24388","22097","821","-1049","22","-847","565","3856521","-11802346","79417","32214","1453","8713","251"
"74915.970","37756","24384","22106","820","-1059","-17","-840","566","3856524","-11802085","79398","32208","1430","8778","254"
"74916.970","37764","24380","22116","816","-1062","-85","-844","566","3856524","-11801820","79379","32201","1345","8849","258"
"74917.970","37772","24377","22129","808","-1069","-45","-824","566","3856523","-11801557","79362","32195","1153","8895","265"
"74918.970","37777","24373","22145","795","-1067","20","-885","566","3856520","-11801295","79351","32188","1086","8950","273"
"74919.970","37785","24373","22143","799","-1063","240","-919","565","3856514","-11801033","79344","32186","1103","9005","277"
"74920.970","37792","24377","22143","801","-1064","505","-926","566","3856507","-11800769","79340","32190","969","9055","279"
"74921.970","37790","24381","22142","802","-1073","505","-941","566","3856498","-11800507","79340","32196","840","9090","291"
"74922.970","37792","24394","22122","821","-1097","596","-845","567","3856488","-11800243","79343","32212","650","9118","301"
"74923.970","37789","24400","22122","818","-1102","508","-791","567","3856476","-11799980","79350","32221","155","9119","316"
"74924.970","37783","24399","22126","810","-1099","467","-829","566","3856463","-11799719","79360","32222","-27","9115","334"
"74925.970","37779","24397","22115","813","-1100","432","-892","567","3856450","-11799455","79368","32219","-264","9103","346"
"74926.970","37764","24392","22105","815","-1094","438","-798","567","3856437","-11799192","79375","32217","-628","9070","359"
"74927.970","37753","24390","22089","822","-1097","430","-922","567","3856424","-11798931","79387","32217","-662","9041","362"
"74928.970","37743","24391","22078","823","-1095","420","-934","567","3856413","-11798667","79404","32220","-651","9022","355"
"74929.970","37729","24387","22063","832","-1091","405","-897","567","3856402","-11798406","79427","32218","-691","9000","342"
"74930.970","37720","24386","22059","829","-1089","218","-793","567","3856392","-11798142","79446","32219","-663","8979","339"
"74931.970","37710","24384","22056","828","-1081","231","-850","566","3856383","-11797880","79465","32219","-555","8963","329"
"74932.970","37704","24381","22050","831","-1078","163","-779","567","3856375","-11797617","79483","32217","-496","8954","321"
"74933.970","37700","24380","22050","829","-1077","171","-1231","566","3856367","-11797357","79503","32217","-500","8936","311"
"74934.970","37694","24379","22046","833","-1080","105","-859","566","3856359","-11797095","79519","32217","-483","8924","310"
"74935.970","37693","24381","22052","828","-1095","143","-1033","567","3856352","-11796832","79530","32219","-399","8906","304"
"74936.970","37691","24384","22051","830","-1106","115","-1000","567","3856346","-11796571","79537","32224","-329","8897","301"
"74937.970","37691","24383","22065","816","-1107","73","-681","567","3856340","-11796309","79540","32223","-292","8891","307"
"74938.970","37692","24383","22063","819","-1101","51","-682","568","3856335","-11796047","79540","32223","-291","8885","307"
"74939.970","37691","24382","22077","805","-1102","37","-842","566","3856330","-11795785","79538","32222","-298","8881","305"
"74940.970","37694","24383","22101","781","-1113","110","-774","566","3856326","-11795521","79538","32223","-269","8868","306"
"74941.970","37692","24383","22115","767","-1125","69","-863","567","3856321","-11795260","79539","32222","-221","8867","305"
"74942.970","37689","24383","22130","751","-1135","126","-693","566","3856316","-11794997","79541","32223","-178","8862","307"
"74943.970","37689","24385","22143","738","-1148","221","-700","566","3856312","-11794735","79543","32225","-158","8854","310"
"74944.970","37685","24384","22131","748","-1136","333","-790","566","3856308","-11794473","79546","32225","-173","8861","305"
"74945.970","37684","24386","22137","742","-1141","282","-820","566","3856304","-11794211","79550","32228","-203","8853","303"
"74946.970","37684","24389","22172","706","-1162","314","-868","566","3856300","-11793950","79554","32232","-189","8842","305"
"74947.970","37682","24390","22175","702","-1167","279","-662","566","3856297","-11793687","79558","32234","-138","8846","302"
"74948.970","37679","24386","22156","719","-1158","297","-778","566","3856292","-11793425","79561","32230","-85","8845","303"
"74949.970","37679","24384","22136","738","-1138","254","-644","567","3856289","-11793163","79565","32227","-164","8859","295"
"74950.970","37680","24384","22193","682","-1161","211","-768","566","3856285","-11792902","79567","32227","-191","8844","300"
"74951.970","37678","24386","22178","696","-1179","190","-587","565","3856280","-11792638","79569","32230","-182","8827","296"
"74952.970","37672","24375","22144","727","-1121","279","-687","566","3856277","-11792377","79570","32217","-197","8852","300"
"74953.970","37676","24385","22201","674","-1160","272","-951","566","3856273","-11792115","79570","32229","-95","8840","299"
"74954.970","37674","24389","22215","657","-1154","198","-664","565","3856270","-11791853","79570","32235","-129","8846","289"
"74955.970","37674","24379","22182","690","-1132","341","-713","565","3856266","-11791592","79571","32222","-122","8841","287"
"74956.970","37672","24374","22138","735","-1133","308","-1089","566","3856263","-11791328","79571","32216","-122","8848","295"
"74957.970","37671","24368","22112","761","-1120","144","-858","566","3856259","-11791066","79570","32208","-118","8851","294"
"74958.970","37673","24374","22131","743","-1130","80","-736","566","3856255","-11790805","79569","32215","-102","8847","292"
"74959.970","37676","24372","22130","745","-1129","157","-704","566","3856251","-11790543","79567","32212","-142","8852","292"
"74960.970","37674","24365","22109","769","-1126","186","-838","566","3856247","-11790281","79565","32203","-104","8847","291"
"74961.970","37675","24363","22109","770","-1137","244","-789","567","3856244","-11790020","79563","32201","-106","8853","293"
"74962.970","37680","24367","22121","760","-1144","256","-836","567","3856240","-11789757","79561","32204","-104","8845","291"
"74963.970","37681","24364","22106","776","-1142","224","-891","567","3856236","-11789495","79560","32199","-124","8851","298"
"74964.970","37680","24361","22113","770","-1142","230","-847","567","3856232","-11789233","79560","32196","-144","8847","298"
"74965.970","37678","24357","22101","782","-1132","280","-814","567","3856228","-11788972","79560","32192","-129","8847","296"
"74966.970","37677","24351","22101","783","-1129","273","-825","567","3856225","-11788709","79560","32184","-116","8851","297"
"74967.970","37675","24357","22110","776","-1136","314","-796","566","3856221","-11788446","79560","32192","-131","8847","294"
"74968.970","37678","24358","22107","780","-1142","376","-770","567","3856217","-11788183","79561","32193","-179","8842","297"
"74969.970","37674","24356","22126","761","-1142","372","-864","567","3856214","-11787923","79562","32191","-137","8843","298"
"74970.970","37676","24354","22125","762","-1143","269","-876","567","3856210","-11787661","79563","32188","-76","8849","300"
"74971.970","37677","24352","22113","774","-1134","297","-777","567","3856206","-11787398","79565","32186","-117","8849","297"
"74972.970","37671","24347","22105","782","-1126","366","-982","567","3856203","-11787136","79567","32180","-169","8849","297"
"74973.970","37671","24344","22098","790","-1123","399","-809","567","3856199","-11786875","79569","32176","-112","8848","294"
"74974.970","37672","24344","22101","788","-1118","403","-898","567","3856195","-11786613","79570","32176","-66","8859","292"
"74975.970","37673","24342","22098","793","-1127","418","-839","567","3856191","-11786351","79571","32172","-124","8851","291"
"74976.970","37670","24347","22112","780","-1128","419","-895","567","3856187","-11786088","79572","32180","-168","8850","295"
"74977.970","37672","24354","22128","765","-1124","458","-797","567","3856184","-11785824","79573","32189","-110","8852","291"
"74978.970","37673","24364","22187","706","-1129","478","-714","565","3856180","-11785562","79574","32202","-82","8854","293"
"74979.970","37674","24370","22213","680","-1134","487","-941","565","3856176","-11785302","79576","32210","-153","8852","292"
"74980.970","37672","24372","22208","685","-1142","525","-782","566","3856172","-11785039","79577","32213","-183","8847","291"
"74981.970","37672","24377","22235","656","-1141","443","-1066","565","3856168","-11784777","79579","32219","-122","8848","292"
"74982.970","37673","24377","22246","643","-1146","354","-762","565","3856165","-11784514","79581","32220","-62","8848","292"
"74983.970","37671","24376","22238","650","-1143","376","-875","565","3856160","-11784252","79583","32218","-153","8851","289"
"74984.970","37666","24373","22225","663","-1149","426","-776","565","3856157","-11783992","79584","32215","-164","8843","290"
"74985.970","37670","24376","22237","650","-1146","407","-761","565","3856153","-11783729","79584","32219","-81","8848","281"
"74986.970","37672","24375","22232","655","-1145","481","-739","565","3856149","-11783466","79584","32217","-50","8855","287"
"74987.970","37673","24377","22233","653","-1149","448","-1022","565","3856146","-11783203","79585","32219","-136","8848","293"
"74988.970","37672","24376","22228","657","-1134","383","-789","565","3856142","-11782942","79585","32218","-141","8855","290"
"74989.970","37671","24375","22220","664","-1128","318","-857","565","3856138","-11782679","79586","32217","-82","8858","289"
"74990.970","37672","24373","22211","671","-1127","388","-835","565","3856133","-11782418","79586","32215","-101","8858","288"
"74991.970","37669","24371","22232","650","-1125","384","-716","564","3856130","-11782155","79587","32212","-162","8862","293"
"74992.970","37667","24371","22231","651","-1130","523","-855","565","3856126","-11781894","79587","32212","-103","8854","286"
"74993.970","37671","24373","22258","623","-1132","585","-870","564","3856122","-11781633","79588","32215","-86","8863","288"
"74994.970","37670","24374","22266","613","-1124","496","-754","564","3856118","-11781369","79590","32215","-104","8863","290"
"74995.970","37671","24374","22261","617","-1121","502","-1020","564","3856114","-11781108","79592","32216","-131","8864","288"
"74996.970","37667","24373","22265","611","-1118","402","-1239","564","3856110","-11780847","79593","32215","-122","8862","290"
"74997.970","37666","24373","22250","626","-1124","365","-911","564","3856106","-11780583","79594","32216","-58","8868","288"
"74998.970","37666","24373","22249","626","-1120","306","-902","564","3856101","-11780321","79594","32215","-85","8870","291"
"74999.970","37665","24371","22250","625","-1127","441","-747","564","3856097","-11780059","79594","32213","-121","8866","285"
"75000.970","37667","24371","22244","629","-1127","502","-741","564","3856093","-11779798","79593","32213","-137","8867","284"
"75001.970","37666","24371","22255","619","-1121","514","-894","564","3856088","-11779535","79592","32213","-83","8870","284"
"75002.970","37665","24371","22262","611","-1121","592","-856","564","3856084","-11779274","79592","32214","-105","8872","283"
"75003.970","37665","24372","22266","607","-1120","532","-824","563","3856080","-11779013","79592","32214","-157","8871","287"
"75004.970","37665","24371","22266","607","-1125","485","-1098","564","3856076","-11778749","79592","32213","-136","8867","287"
"75005.970","37666","24371","22259","613","-1117","462","-846","563","3856072","-11778488","79593","32213","-90","8872","287"
"75006.970","37666","24371","22254","616","-1114","420","-996","563","3856067","-11778225","79593","32213","-89","8875","284"
"75007.970","37667","24371","22259","612","-1125","393","-793","564","3856062","-11777964","79592","32213","-160","8872","287"
"75008.970","37667","24370","22264","606","-1121","539","-775","564","3856058","-11777703","79592","32212","-145","8865","282"
"75009.970","37667","24371","22267","603","-1114","558","-893","563","3856054","-11777439","79592","32213","-104","8878","281"
"75010.970","37669","24371","22272","599","-1123","600","-780","563","3856049","-11777178","79591","32212","-85","8869","283"
"75011.970","37668","24371","22272","598","-1119","622","-773","563","3856045","-11776917","79591","32212","-170","8873","283"
"75012.970","37665","24371","22272","598","-1119","516","-813","563","3856041","-11776654","79592","32213","-111","8868","287"
"75013.970","37668","24370","22281","587","-1121","542","-734","563","3856036","-11776393","79593","32212","-58","8877","287"
"75014.970","37666","24370","22280","588","-1123","560","-887","563","3856032","-11776129","79594","32212","-120","8874","286"
"75015.970","37664","24370","22277","590","-1117","562","-916","563","3856028","-11775869","79595","32213","-130","8875","283"
"75016.970","37663","24370","22282","585","-1125","492","-728","563","3856023","-11775607","79595","32212","-75","8877","287"
"75017.970","37664","24370","22274","592","-1121","516","-967","563","3856018","-11775344","79596","32212","-66","8881","283"
"75018.970","37663","24370","22271","594","-1120","499","-858","563","3856014","-11775083","79597","32212","-124","8879","284"
"75019.970","37664","24370","22264","601","-1123","464","-788","564","3856009","-11774820","79597","32212","-131","8880","282"
"75020.970","37661","24369","22266","600","-1125","503","-833","564","3856005","-11774559","79596","32212","-92","8878","282"
"75021.970","37664","24369","22268","598","-1128","565","-891","564","3856000","-11774298","79596","32211","-92","8881","283"
"75022.970","37664","24369","22262","604","-1128","591","-885","564","3855995","-11774035","79595","32211","-115","8880","280"
"75023.970","37664","24369","22265","601","-1131","559","-832","564","3855990","-11773773","79595","32211","-119","8878","279"
"75024.970","37662","24369","22271","594","-1129","515","-795","564","3855986","-11773510","79595","32211","-120","8880","284"
"75025.970","37663","24368","22280","585","-1129","452","-854","564","3855981","-11773250","79595","32210","-80","8883","286"
"75026.970","37663","24368","22276","589","-1141","411","-757","564","3855977","-11772988","79594","32210","-94","8883","284"
"75027.970","37663","24368","22271","594","-1141","402","-795","564","3855971","-11772728","79594","32210","-141","8879","282"
"75028.970","37664","24368","22271","593","-1149","370","-867","564","3855967","-11772464","79593","32210","-122","8876","283"
"75029.970","37666","24368","22272","592","-1149","346","-912","564","3855961","-11772203","79592","32209","-75","8882","286"
"75030.970","37667","24369","22267","597","-1146","291","-869","564","3855957","-11771941","79590","32210","-97","8884","284"
"75031.970","37669","24369","22263","601","-1147","289","-928","564","3855951","-11771679","79589","32209","-162","8880","285"
"75032.970","37666","24368","22258","606","-1147","327","-857","564","3855947","-11771418","79587","32209","-143","8878","283"
"75033.970","37663","24369","22246","618","-1142","345","-911","564","3855942","-11771154","79585","32211","-77","8886","285"
"75034.970","37668","24370","22238","626","-1136","349","-851","564","3855937","-11770893","79583","32212","-128","8883","285"
"75035.970","37667","24371","22236","628","-1133","305","-896","564","3855932","-11770631","79582","32212","-191","8882","286"
"75036.970","37667","24371","22243","621","-1131","285","-822","564","3855927","-11770369","79580","32213","-123","8883","290"
"75037.970","37671","24371","22231","632","-1131","275","-850","564","3855922","-11770108","79580","32212","-79","8885","286"
"75038.970","37670","24371","22231","632","-1133","278","-973","564","3855917","-11769844","79579","32212","-162","8884","291"
"75039.970","37668","24370","22235","627","-1132","269","-1038","564","3855912","-11769584","79578","32211","-165","8879","290"
"75040.970","37670","24371","22228","634","-1129","279","-860","564","3855907","-11769321","79577","32211","-81","8884","289"
"75041.970","37671","24371","22226","635","-1127","239","-944","564","3855903","-11769059","79577","32212","-102","8886","292"
"75042.970","37669","24370","22222","637","-1134","219","-976","564","3855898","-11768798","79577","32211","-204","8882","295"
"75043.970","37668","24370","22214","646","-1139","218","-735","565","3855893","-11768536","79577","32211","-118","8878","292"
"75044.970","37669","24370","22214","644","-1143","236","-766","565","3855888","-11768275","79577","32210","-60","8882","292"
"75045.970","37671","24369","22226","632","-1148","244","-815","565","3855883","-11768013","79577","32209","-142","8882","292"
"75046.970","37668","24369","22239","618","-1155","193","-914","565","3855878","-11767752","79576","32209","-120","8876","293"
"75047.970","37667","24368","22239","616","-1154","202","-856","565","3855873","-11767490","79576","32209","-60","8884","293"
"75048.970","37665","24368","22241","613","-1155","248","-785","565","3855868","-11767227","79576","32210","-94","8884","292"
"75049.970","37667","24368","22242","612","-1159","243","-976","565","3855863","-11766966","79576","32209","-153","8881","291"
"75050.970","37667","24368","22241","611","-1154","177","-785","564","3855863","-11766966","79576","32209","-101","8881","294"
"75051.970","37667","24369","22232","619","-1150","91","-1066","565","3855858","-11766704","79576","32210","-66","8889","293"
"75052.970","37666","24369","22223","626","-1153","72","-1163","565","3855853","-11766442","79575","32210","-140","8885","293"
"75053.970","37665","24369","22203","646","-1156","92","-976","565","3855848","-11766181","79575","32210","-163","8882","292"
"75054.970","37668","24369","22196","652","-1165","134","-870","565","3855843","-11765919","79575","32210","-91","8881","293"
"75055.970","37668","24369","22198","649","-1167","152","-736","565","3855837","-11765658","79573","32210","-56","8887","295"
"75056.970","37670","24369","22201","645","-1164","164","-841","565","3855833","-11765396","79573","32209","-150","8883","293"
"75057.970","37667","24369","22201","645","-1171","161","-927","566","3855828","-11765135","79572","32210","-153","8882","297"
"75058.970","37671","24369","22200","644","-1173","163","-832","566","3855822","-11764872","79572","32209","-84","8881","296"
"75059.970","37669","24369","22203","640","-1174","172","-813","566","3855817","-11764611","79572","32209","-103","8886","294"
"75060.970","37668","24368","22192","650","-1176","214","-860","566","3855812","-11764350","79573","32208","-160","8881","297"
"75061.970","37663","24367","22184","657","-1179","217","-856","566","3855806","-11764086","79574","32208","-125","8879","296"
"75062.970","37664","24367","22173","667","-1183","216","-758","566","3855801","-11763826","79575","32208","-79","8884","296"
"75063.970","37665","24366","22173","666","-1188","199","-837","566","3855796","-11763565","79576","32207","-128","8880","297"
"75064.970","37662","24366","22170","669","-1185","243","-854","566","3855791","-11763302","79577","32207","-164","8880","295"
"75065.970","37662","24365","22172","666","-1189","302","-878","566","3855785","-11763041","79578","32206","-117","8877","294"
"75066.970","37663","24364","22177","660","-1192","271","-994","566","3855780","-11762780","79578","32205","-78","8882","294"
"75067.970","37660","24364","22182","654","-1183","260","-917","566","3855774","-11762517","79579","32205","-150","8882","294"
"75068.970","37659","24364","22180","656","-1190","238","-878","566","3855770","-11762256","79580","32205","-161","8878","290"
"75069.970","37659","24364","22182","654","-1180","184","-778","566","3855764","-11761995","79581","32205","-92","8882","292"
"75070.970","37661","24364","22173","663","-1182","193","-898","566","3855759","-11761734","79580","32204","-105","8884","290"
"75071.970","37661","24364","22168","668","-1179","142","-841","566","3855754","-11761472","79580","32204","-189","8880","289"
"75072.970","37661","24363","22157","681","-1168","131","-900","566","3855748","-11761211","79579","32204","-140","8883","290"
"75073.970","37664","24363","22154","684","-1172","111","-749","566","3855743","-11760949","79577","32203","-95","8885","288"
"75074.970","37666","24364","22144","695","-1170","190","-789","567","3855738","-11760687","79574","32203","-158","8882","289"
"75075.970","37665","24364","22135","706","-1169","242","-883","566","3855732","-11760426","79572","32204","-178","8882","288"
"75076.970","37664","24364","22122","719","-1157","244","-870","566","3855727","-11760164","79569","32204","-102","8884","288"
"75077.970","37667","24365","22106","736","-1149","281","-918","566","3855722","-11759902","79566","32204","-122","8885","290"
"75078.970","37665","24365","22104","739","-1128","259","-785","566","3855716","-11759642","79564","32205","-209","8890","292"
"75079.970","37667","24365","22106","738","-1120","314","-901","566","3855712","-11759380","79561","32205","-141","8889","292"
"75080.970","37669","24365","22110","736","-1110","426","-963","565","3855707","-11759117","79559","32204","-96","8895","293"
"75081.970","37671","24365","22109","737","-1101","428","-774","565","3855702","-11758855","79559","32204","-170","8898","295"
"75082.970","37668","24364","22111","736","-1104","444","-858","565","3855697","-11758594","79559","32204","-175","8893","296"
"75083.970","37667","24364","22116","731","-1103","528","-880","565","3855691","-11758332","79560","32203","-93","8894","296"
"75084.970","37670","24363","22127","721","-1105","620","-838","565","3855686","-11758071","79561","32202","-113","8897","293"
"75085.970","37667","24363","22141","708","-1106","648","-930","565","3855681","-11757809","79564","32203","-193","8890","292"
"75086.970","37665","24363","22155","694","-1105","624","-891","565","3855676","-11757547","79567","32202","-144","8891","291"
"75087.970","37664","24362","22165","684","-1111","655","-927","565","3855671","-11757286","79570","32202","-68","8895","290"
"75088.970","37664","24363","22173","677","-1114","679","-882","565","3855666","-11757025","79572","32202","-138","8894","286"
"75089.970","37663","24362","22184","666","-1116","649","-954","564","3855661","-11756761","79575","32203","-146","8889","287"
"75090.970","37661","24362","22192","658","-1118","612","-994","564","3855656","-11756500","79577","32202","-78","8894","287"
"75091.970","37664","24363","22194","657","-1123","605","-912","564","3855651","-11756240","79579","32202","-78","8894","284"
"75092.970","37662","24365","22209","642","-1132","582","-938","565","3855646","-11755976","79581","32206","-166","8889","283"
"75093.970","37663","24363","22207","645","-1130","482","-874","565","3855641","-11755715","79581","32203","-127","8887","284"
"75094.970","37663","24362","22207","645","-1127","485","-963","564","3855635","-11755453","79582","32202","-48","8895","282"
"75095.970","37664","24362","22208","644","-1129","524","-911","564","3855631","-11755192","79581","32202","-110","8896","282"
"75096.970","37662","24362","22208","644","-1125","505","-909","564","3855625","-11754930","79581","32202","-140","8893","281"
"75097.970","37661","24362","22205","648","-1126","471","-892","564","3855620","-11754669","79580","32202","-74","8899","282"
"75098.970","37667","24362","22197","657","-1123","466","-1036","564","3855615","-11754407","79578","32201","-57","8899","281"
"75099.970","37666","24362","22196","658","-1121","489","-1083","564","3855609","-11754145","79577","32201","-182","8902","283"
"75100.970","37668","24362","22190","665","-1117","478","-959","564","3855604","-11753882","79575","32200","-111","8897","282"
"75101.970","37667","24361","22185","669","-1117","489","-947","565","3855598","-11753621","79573","32200","-60","8907","285"
"75102.970","37666","24361","22180","674","-1120","507","-885","565","3855593","-11753360","79572","32200","-129","8904","284"
"75103.970","37664","24361","22183","671","-1114","475","-898","564","3855587","-11753098","79571","32200","-162","8900","282"
"75104.970","37666","24360","22181","673","-1115","441","-818","564","3855582","-11752836","79570","32199","-91","8906","283"
"75105.970","37670","24361","22180","674","-1113","426","-979","564","3855576","-11752575","79569","32199","-79","8908","283"
"75106.970","37667","24360","22181","672","-1114","416","-854","564","3855571","-11752311","79568","32198","-149","8909","284"
"75107.970","37668","24360","22184","671","-1118","450","-843","564","3855566","-11752051","79567","32198","-128","8904","281"
"75108.970","37668","24359","22189","668","-1121","533","-943","565","3855560","-11751788","79566","32197","-57","8910","282"
"75109.970","37669","24360","22180","680","-1125","624","-883","565","3855555","-11751527","79565","32197","-89","8909","279"
"75110.970","37670","24359","22183","679","-1133","651","-792","565","3855549","-11751265","79564","32196","-175","8903","278"
"75111.970","37672","24358","22186","677","-1138","645","-835","565","3855543","-11751005","79563","32195","-112","8903","279"
"75112.970","37672","24358","22181","684","-1152","650","-817","566","3855538","-11750742","79561","32194","-55","8906","281"
"75113.970","37673","24357","22182","684","-1164","628","-780","566","3855532","-11750481","79560","32193","-128","8899","278"
"75114.970","37673","24356","22178","689","-1176","580","-985","567","3855526","-11750217","79559","32192","-162","8896","279"
"75115.970","37670","24355","22169","699","-1187","534","-845","567","3855520","-11749955","79558","32191","-80","8897","280"
"75116.970","37674","24356","22161","708","-1192","458","-809","567","3855515","-11749694","79556","32191","-39","8899","280"
"75117.970","37676","24355","22152","718","-1201","417","-896","568","3855509","-11749432","79555","32189","-129","8897","281"
"75118.970","37673","24353","22145","726","-1214","327","-805","568","3855503","-11749171","79552","32188","-137","8890","281"
"75119.970","37674","24347","22140","732","-1220","258","-932","568","3855497","-11748909","79549","32179","-53","8893","281"
"75120.970","37678","24337","22141","731","-1203","232","-910","568","3855491","-11748647","79546","32165","-102","8898","285"
"75121.970","37678","24336","22140","733","-1203","210","-918","568","3855485","-11748386","79542","32164","-163","8895","282"
"75122.970","37678","24340","22141","734","-1214","146","-742","568","3855479","-11748123","79538","32169","-137","8892","286"
"75123.970","37683","24341","22139","736","-1215","75","-964","569","3855473","-11747861","79534","32170","-66","8895","288"
"75124.970","37685","24342","22137","739","-1226","78","-804","569","3855467","-11747601","79530","32171","-131","8895","288"
"75125.970","37684","24342","22133","743","-1231","53","-903","569","3855461","-11747337","79526","32170","-155","8883","291"
"75126.970","37688","24338","22130","746","-1227","91","-950","569","3855454","-11747074","79522","32164","-101","8893","293"
"75127.970","37692","24337","22126","749","-1223","76","-875","569","3855448","-11746812","79519","32161","-62","8894","293"
"75128.970","37691","24335","22127","748","-1234","109","-940","569","3855442","-11746551","79517","32159","-162","8894","295"
"75129.970","37689","24332","22142","732","-1251","87","-973","569","3855436","-11746289","79515","32156","-112","8886","298"
"75130.970","37689","24329","22149","725","-1262","81","-970","569","3855431","-11746027","79514","32152","-51","8891","297"
"75131.970","37692","24327","22151","722","-1275","94","-791","570","3855424","-11745764","79513","32148","-118","8885","298"
"75132.970","37688","24322","22165","706","-1283","43","-952","570","3855418","-11745503","79514","32143","-147","8882","297"
"75133.970","37688","24320","22180","689","-1285","0","-977","569","3855412","-11745241","79514","32140","-76","8882","299"
"75134.970","37686","24313","22190","677","-1287","-10","-869","569","3855406","-11744979","79514","32132","-63","8888","299"
"75135.970","37688","24310","22188","678","-1290","-75","-855","570","3855399","-11744717","79515","32127","-168","8882","297"
"75136.970","37685","24311","22182","683","-1296","-125","-1140","570","3855393","-11744456","79515","32128","-164","8877","298"
"75137.970","37685","24311","22175","689","-1300","-144","-867","570","3855386","-11744193","79514","32129","-87","8881","298"
"75138.970","37689","24313","22166","697","-1304","-129","-970","570","3855380","-11743931","79513","32130","-106","8880","295"
"75139.970","37686","24313","22160","702","-1306","-134","-852","570","3855373","-11743670","79512","32132","-191","8877","297"
"75140.970","37688","24316","22147","715","-1305","-178","-940","570","3855367","-11743408","79510","32135","-139","8872","297"
"75141.970","37688","24317","22137","725","-1307","-214","-891","571","3855361","-11743147","79507","32136","-93","8879","295"
"75142.970","37689","24319","22122","739","-1307","-211","-1011","571","3855354","-11742883","79504","32138","-157","8877","298"
"75143.970","37693","24321","22105","757","-1303","-231","-1002","571","3855348","-11742623","79501","32141","-176","8873","299"
"75144.970","37694","24322","22088","773","-1303","-260","-915","571","3855342","-11742359","79498","32141","-105","8875","299"
"75145.970","37696","24323","22079","783","-1303","-247","-953","572","3855335","-11742099","79494","32142","-120","8879","300"
"75146.970","37691","24323","22070","792","-1302","-238","-813","571","3855330","-11741837","79491","32143","-196","8871","303"
"75147.970","37693","24324","22048","814","-1304","-263","-902","572","3855324","-11741576","79488","32144","-133","8871","304"
"75148.970","37694","24325","22034","828","-1300","-306","-833","572","3855317","-11741313","79485","32146","-92","8876","308"
"75149.970","37696","24325","22028","834","-1302","-353","-915","572","3855311","-11741049","79483","32144","-167","8874","308"
"75150.970","37694","24326","22011","850","-1296","-420","-826","572","3855305","-11740789","79481","32147","-206","8869","309"
"75151.970","37697","24328","22002","860","-1303","-491","-787","572","3855299","-11740527","79479","32149","-117","8868","312"
"75152.970","37699","24331","22001","860","-1309","-560","-895","573","3855293","-11740266","79478","32152","-128","8870","315"
"75153.970","37699","24328","22010","850","-1315","-675","-917","573","3855287","-11740004","79476","32148","-196","8862","315"
"75154.970","37698","24327","22010","849","-1320","-772","-820","573","3855281","-11739743","79474","32148","-155","8862","319"
"75155.970","37699","24329","22005","853","-1321","-774","-940","573","3855275","-11739480","79472","32149","-101","8861","318"
"75156.970","37702","24326","22012","844","-1325","-752","-895","573","3855269","-11739219","79470","32145","-164","8859","318"
"75157.970","37698","24326","22006","849","-1332","-709","-881","573","3855263","-11738958","79469","32145","-193","8855","318"
"75158.970","37695","24328","21993","861","-1339","-694","-843","573","3855257","-11738694","79467","32149","-127","8854","317"
"75159.970","37700","24331","21974","880","-1348","-617","-792","574","3855251","-11738433","79465","32152","-105","8854","318"
"75160.970","37698","24330","21966","888","-1353","-488","-891","574","3855245","-11738172","79463","32151","-176","8851","318"
"75161.970","37697","24329","21962","892","-1362","-347","-1030","574","3855240","-11737909","79462","32150","-134","8845","315"
"75162.970","37697","24329","21958","896","-1364","-242","-885","574","3855233","-11737648","79461","32150","-88","8851","315"
"75163.970","37697","24331","21970","885","-1361","-93","-827","574","3855228","-11737387","79461","32153","-121","8851","315"
"75164.970","37695","24331","21977","878","-1364","103","-927","574","3855222","-11737125","79463","32153","-183","8847","311"
"75165.970","37692","24335","21993","863","-1366","235","-909","574","3855216","-11736864","79465","32159","-124","8846","311"
"75166.970","37693","24341","22025","831","-1372","380","-812","574","3855210","-11736602","79468","32167","-78","8850","310"
"75167.970","37693","24346","22059","797","-1384","559","-856","574","3855204","-11736340","79473","32173","-168","8846","307"
"75168.970","37685","24348","22086","769","-1393","726","-1001","573","3855198","-11736077","79479","32179","-170","8839","306"
"75169.970","37680","24351","22088","766","-1386","798","-904","573","3855193","-11735817","79486","32182","-93","8845","305"
"75170.970","37681","24351","22092","762","-1392","819","-951","573","3855187","-11735554","79494","32183","-86","8845","301"
"75171.970","37678","24351","22111","743","-1400","850","-926","573","3855181","-11735293","79503","32183","-172","8844","296"
"75172.970","37671","24349","22126","729","-1408","812","-818","573","3855175","-11735033","79512","32183","-115","8837","289"
"75173.970","37669","24344","22127","730","-1428","787","-1034","574","3855169","-11734770","79519","32177","-58","8841","286"
"75174.970","37666","24339","22121","738","-1437","754","-905","574","3855163","-11734509","79525","32170","-133","8835","281"
"75175.970","37667","24336","22129","733","-1452","598","-858","574","3855157","-11734247","79529","32167","-142","8832","278"
"75176.970","37668","24334","22146","720","-1472","448","-822","575","3855151","-11733985","79531","32164","-73","8829","276"
"75177.970","37667","24335","22157","712","-1480","278","-846","575","3855145","-11733723","79530","32165","-114","8827","272"
"75178.970","37671","24326","22138","734","-1497","46","-938","575","3855138","-11733462","79528","32152","-168","8821","275"
"75179.970","37669","24316","22122","754","-1504","-137","-977","576","3855132","-11733199","79524","32139","-104","8816","275"
"75180.970","37673","24314","22122","757","-1486","-282","-943","575","3855127","-11732939","79518","32135","-73","8828","278"
"75181.970","37679","24311","22128","753","-1472","-378","-751","575","3855121","-11732675","79511","32131","-122","8828","281"
"75182.970","37682","24308","22139","744","-1459","-482","-872","575","3855115","-11732414","79500","32126","-198","8829","285"
"75183.970","37688","24308","22133","752","-1464","-627","-995","575","3855108","-11732153","79490","32125","-136","8825","291"
"75184.970","37693","24310","22127","759","-1473","-691","-871","575","3855102","-11731889","79479","32125","-97","8828","295"
"75185.970","37695","24313","22117","771","-1484","-688","-1175","576","3855097","-11731627","79470","32130","-158","8822","301"
"75186.970","37698","24317","22109","780","-1501","-665","-868","576","3855090","-11731365","79461","32134","-184","8815","305"
"75187.970","37700","24320","22104","786","-1514","-625","-789","576","3855084","-11731104","79454","32137","-107","8811","308"
"75188.970","37701","24322","22091","801","-1526","-509","-923","577","3855079","-11730842","79448","32139","-91","8814","313"
"75189.970","37703","24323","22081","810","-1525","-368","-829","577","3855073","-11730579","79444","32141","-143","8809","313"
"75190.970","37701","24324","22076","815","-1523","-156","-891","577","3855067","-11730319","79442","32143","-153","8810","311"
"75191.970","37704","24325","22071","820","-1524","6","-806","577","3855061","-11730056","79441","32143","-95","8811","313"
"75192.970","37701","24325","22067","822","-1520","121","-902","577","3855055","-11729794","79442","32143","-115","8814","316"
"75193.970","37698","24326","22059","828","-1520","246","-999","577","3855048","-11729531","79445","32146","-191","8808","313"
"75194.970","37696","24327","22050","836","-1510","342","-781","577","3855043","-11729270","79450","32148","-175","8810","311"
"75195.970","37693","24327","22037","847","-1496","488","-941","577","3855037","-11729007","79455","32148","-108","8815","308"
"75196.970","37688","24325","22026","858","-1481","689","-959","576","3855031","-11728745","79462","32147","-181","8817","306"
"75197.970","37685","24323","22015","870","-1470","819","-923","576","3855025","-11728484","79469","32145","-213","8811","299"
"75198.970","37681","24319","22017","868","-1449","901","-916","576","3855019","-11728221","79476","32141","-136","8817","296"
"75199.970","37679","24314","22021","865","-1432","1003","-880","576","3855014","-11727959","79483","32135","-134","8824","295"
"75200.970","37674","24308","22043","845","-1411","1038","-833","575","3855008","-11727697","79490","32127","-238","8821","288"
"75201.970","37672","24302","22061","830","-1395","1020","-970","575","3855002","-11727435","79497","32120","-222","8823","286"
"75202.970","37673","24296","22081","814","-1386","1076","-909","574","3854997","-11727174","79502","32112","-145","8824","284"
"75203.970","37671","24294","22094","806","-1379","1072","-879","573","3854992","-11726911","79507","32110","-165","8828","279"
"75204.970","37672","24290","22115","789","-1372","1114","-834","573","3854986","-11726649","79511","32105","-197","8822","275"
"75205.970","37669","24286","22137","771","-1365","1088","-929","573","3854981","-11726387","79515","32100","-193","8826","279"
"75206.970","37669","24287","22152","761","-1364","1124","-722","573","3854976","-11726125","79517","32101","-126","8823","264"
"75207.970","37670","24288","22151","767","-1360","1156","-876","573","3854971","-11725862","79519","32102","-171","8827","271"
"75208.970","37671","24288","22153","769","-1343","1018","-715","573","3854966","-11725600","79520","32103","-163","8825","272"
"75209.970","37671","24289","22151","777","-1338","1264","-850","572","3854961","-11725338","79521","32103","-112","8831","268"
"75210.970","37670","24295","22096","835","-1288","919","-627","573","3854956","-11725075","79521","32111","-131","8840","264"
"75211.970","37674","24296","22075","865","-1329","1056","-820","574","3854951","-11724813","79521","32112","-166","8831","263"
"75212.970","37674","24295","22119","824","-1272","1170","-790","571","3854946","-11724551","79520","32110","-233","8831","275"
"75213.970","37669","24292","22046","905","-1258","1001","-612","572","3854942","-11724288","79518","32108","-161","8842","262"
"75214.970","37671","24303","22009","948","-1256","1066","-658","573","3854937","-11724024","79516","32122","-108","8842","277"
"75215.970","37674","24303","22073","893","-1254","1076","-663","572","3854932","-11723761","79514","32121","-116","8842","266"
"75216.970","37672","24301","22051","920","-1241","699","-993","572","3854927","-11723498","79510","32119","-181","8844","267"
"75217.970","37678","24303","22037","941","-1235","650","-680","573","3854923","-11723236","79507","32120","-108","8839","268"
"75218.970","37677","24306","22019","964","-1225","580","-890","572","3854918","-11722972","79504","32124","-102","8855","284"
"75219.970","37679","24307","22024","965","-1213","641","-958","572","3854913","-11722710","79500","32125","-118","8848","271"
"75220.970","37678","24310","22021","975","-1219","644","-704","573","3854909","-11722446","79495","32130","-156","8854","281"
"75221.970","37682","24313","22001","1000","-1208","446","-1091","573","3854904","-11722184","79490","32132","-80","8852","273"
"75222.970","37688","24329","22042","969","-1274","701","-917","574","3854900","-11721920","79485","32152","-53","8856","278"
"75223.970","37690","24344","22097","918","-1288","765","-776","573","3854895","-11721656","79481","32171","-110","8835","282"
"75224.970","37690","24344","22094","923","-1257","465","-959","572","3854891","-11721393","79478","32171","-76","8852","285"
"75225.970","37694","24346","22091","927","-1251","330","-836","572","3854885","-11721129","79476","32174","-13","8859","294"
"75226.970","37695","24345","22106","914","-1259","125","-879","572","3854881","-11720865","79475","32171","-97","8863","291"
"75227.970","37694","24336","22107","914","-1279","-46","-663","572","3854875","-11720601","79474","32160","-107","8847","291"
"75228.970","37692","24314","22120","900","-1241","-45","-771","572","3854870","-11720339","79473","32132","-77","8865","292"
"75229.970","37699","24298","22168","853","-1222","-61","-939","571","3854865","-11720075","79471","32108","-41","8872","295"
"75230.970","37698","24298","22154","867","-1203","16","-928","570","3854859","-11719812","79469","32108","-129","8879","292"
"75231.970","37699","24297","22159","863","-1207","68","-754","570","3854855","-11719547","79467","32107","-144","8873","292"
"75232.970","37699","24298","22143","880","-1205","21","-723","570","3854849","-11719285","79465","32108","-84","8877","296"
"75233.970","37701","24298","22124","900","-1191","90","-824","571","3854843","-11719021","79464","32109","-92","8884","294"
"75234.970","37700","24299","22114","912","-1183","130","-667","571","3854838","-11718757","79463","32110","-163","8880","290"
"75235.970","37698","24301","22107","921","-1162","221","-848","570","3854833","-11718494","79462","32112","-162","8887","294"
"75236.970","37701","24302","22084","946","-1142","111","-776","570","3854827","-11718229","79460","32113","-68","8890","290"
"75237.970","37699","24304","22066","966","-1139","234","-866","571","3854822","-11717966","79459","32116","-152","8902","294"
"75238.970","37696","24304","22066","968","-1139","256","-646","571","3854816","-11717700","79459","32117","-153","8885","295"
"75239.970","37699","24307","22055","982","-1146","328","-769","571","3854811","-11717437","79458","32120","-98","8896","286"
"75240.970","37700","24317","22048","994","-1178","568","-709","572","3854805","-11717173","79457","32133","-49","8885","288"
"75241.970","37700","24323","22026","1017","-1168","778","-670","572","3854800","-11716911","79456","32142","-162","8891","284"
"75242.970","37699","24314","22029","1018","-1143","908","-821","572","3854794","-11716645","79456","32129","-45","8888","281"
"75243.970","37698","24312","21996","1054","-1122","568","-725","572","3854789","-11716381","79457","32126","-122","8908","298"
"75244.970","37698","24319","21987","1068","-1150","652","-777","573","3854783","-11716120","79459","32136","-136","8898","286"
"75245.970","37696","24313","22022","1038","-1152","770","-749","572","3854778","-11715854","79459","32129","-95","8902","281"
"75246.970","37695","24309","22016","1047","-1105","752","-707","571","3854772","-11715591","79460","32124","-65","8910","277"
"75247.970","37697","24321","22042","1030","-1154","1551","-753","572","3854767","-11715326","79460","32140","-135","8910","266"
"75248.970","37700","24343","22102","975","-1143","1419","-719","571","3854761","-11715061","79461","32168","-174","8899","275"
"75249.970","37696","24344","22129","951","-1128","1130","-847","570","3854755","-11714797","79463","32170","-109","8905","272"
"75250.970","37697","24346","22135","949","-1146","1051","-849","570","3854749","-11714532","79465","32172","-80","8909","285"
"75251.970","37698","24346","22147","940","-1158","812","-768","570","3854744","-11714270","79469","32171","-88","8900","283"
"75252.970","37696","24345","22149","940","-1169","677","-871","571","3854737","-11714004","79472","32172","-132","8902","277"
"75253.970","37696","24345","22155","936","-1177","570","-865","571","3854732","-11713740","79475","32170","-72","8900","276"
"75254.970","37696","24345","22152","942","-1188","632","-800","571","3854726","-11713475","79476","32171","-10","8905","277"
"75255.970","37697","24344","22154","943","-1197","635","-924","571","3854720","-11713211","79475","32170","-71","8904","274"
"75256.970","37699","24343","22165","935","-1201","641","-809","571","3854714","-11712947","79475","32168","-90","8904","271"
"75257.970","37698","24343","22166","938","-1198","539","-804","572","3854708","-11712681","79473","32168","-39","8910","276"
"75258.970","37701","24345","22183","925","-1197","658","-940","571","3854702","-11712417","79470","32170","-61","8912","273"
"75259.970","37701","24346","22189","923","-1202","652","-995","571","3854696","-11712152","79468","32171","-152","8912","271"
"75260.970","37702","24345","22182","932","-1207","492","-995","572","3854689","-11711890","79465","32170","-80","8907","276"
"75261.970","37704","24345","22185","931","-1195","458","-758","571","3854682","-11711624","79463","32170","-62","8921","278"
"75262.970","37703","24345","22188","931","-1200","586","-876","571","3854676","-11711357","79460","32170","-116","8911","277"
"75263.970","37703","24346","22189","933","-1195","624","-1157","571","3854669","-11711094","79458","32171","-154","8912","275"
"75264.970","37704","24346","22186","939","-1194","696","-816","571","3854663","-11710829","79456","32170","-79","8915","274"
"75265.970","37705","24348","22183","945","-1174","854","-709","571","3854656","-11710565","79455","32173","-90","8922","279"
"75266.970","37703","24349","22196","934","-1156","920","-869","570","3854649","-11710299","79455","32175","-147","8925","277"
"75267.970","37706","24349","22222","912","-1192","898","-752","571","3854643","-11710034","79455","32175","-158","8915","277"
"75268.970","37703","24349","22243","892","-1211","710","-1000","571","3854636","-11709770","79456","32175","-107","8907","282"
"75269.970","37704","24349","22251","885","-1231","532","-993","571","3854630","-11709504","79457","32174","-45","8911","279"
"75270.970","37703","24349","22256","881","-1244","407","-911","572","3854624","-11709239","79458","32174","-80","8907","280"
"75271.970","37701","24348","22265","872","-1253","320","-859","571","3854617","-11708973","79458","32174","-121","8905","275"
"75272.970","37705","24347","22268","869","-1252","239","-739","571","3854611","-11708708","79457","32172","-88","8906","276"
"75273.970","37707","24347","22267","870","-1254","121","-916","571","3854603","-11708444","79454","32172","-32","8909","275"
"75274.970","37711","24347","22267","871","-1256","97","-897","571","3854597","-11708178","79451","32170","-82","8910","278"
"75275.970","37710","24347","22255","884","-1249","112","-787","572","3854590","-11707914","79447","32170","-151","8910","279"
"75276.970","37709","24345","22219","921","-1252","41","-778","573","3854582","-11707649","79442","32167","-112","8914","280"
"75277.970","37713","24342","22203","938","-1259","7","-681","572","3854575","-11707383","79437","32163","-56","8911","284"
"75278.970","37715","24340","22186","955","-1263","11","-792","573","3854569","-11707119","79432","32160","-140","8911","285"
"75279.970","37715","24331","22150","993","-1255","95","-760","574","3854562","-11706854","79428","32149","-140","8911","281"
"75280.970","37720","24326","22139","1006","-1223","183","-899","573","3854555","-11706588","79424","32140","-80","8919","284"
"75281.970","37720","24324","22141","1005","-1203","217","-726","573","3854548","-11706324","79420","32138","-121","8930","288"
"75282.970","37723","24324","22137","1012","-1199","249","-946","573","3854541","-11706060","79417","32137","-194","8921","288"
"75283.970","37721","24324","22138","1013","-1200","228","-796","573","3854533","-11705793","79415","32137","-166","8920","289"
"75284.970","37724","24323","22140","1012","-1195","312","-937","573","3854527","-11705527","79414","32135","-92","8924","289"
"75285.970","37724","24324","22126","1027","-1184","350","-782","572","3854519","-11705263","79413","32137","-146","8926","289"
"75286.970","37722","24326","22120","1035","-1169","518","-884","572","3854513","-11704998","79413","32140","-223","8920","283"
"75287.970","37720","24326","22120","1038","-1169","451","-724","573","3854506","-11704732","79413","32140","-154","8927","291"
"75288.970","37723","24328","22114","1046","-1191","601","-853","573","3854499","-11704468","79414","32142","-82","8921","285"
"75289.970","37722","24325","22136","1026","-1182","557","-810","573","3854492","-11704203","79415","32139","-212","8923","289"
"75290.970","37721","24329","22129","1035","-1187","558","-696","573","3854485","-11703937","79416","32145","-161","8915","287"
"75291.970","37721","24329","22140","1027","-1187","784","-723","573","3854479","-11703672","79416","32144","-87","8919","276"
"75292.970","37721","24327","22151","1019","-1180","764","-848","572","3854472","-11703408","79417","32141","-117","8922","279"
"75293.970","37721","24329","22161","1011","-1181","803","-873","573","3854465","-11703141","79419","32144","-165","8918","282"
"75294.970","37718","24329","22191","984","-1199","828","-874","572","3854458","-11702877","79420","32144","-125","8915","277"
"75295.970","37715","24328","22204","973","-1190","1010","-1000","572","3854452","-11702611","79421","32144","-59","8921","271"
"75296.970","37717","24326","22213","968","-1195","1085","-763","572","3854445","-11702344","79423","32142","-112","8924","274"
"75297.970","37717","24330","22185","998","-1191","1121","-861","572","3854438","-11702079","79425","32147","-169","8915","272"
"75298.970","37715","24331","22187","1000","-1183","1183","-774","572","3854432","-11701814","79427","32148","-96","8929","271"
"75299.970","37715","24333","22212","978","-1163","1241","-854","571","3854425","-11701548","79429","32151","-103","8918","266"
"75300.970","37714","24334","22249","945","-1176","1276","-846","571","3854418","-11701282","79432","32153","-212","8930","266"
"75301.970","37713","24332","22257","940","-1225","1158","-855","572","3854412","-11701017","79434","32150","-133","8904","273"
"75302.970","37713","24332","22276","925","-1220","1285","-946","572","3854405","-11700752","79435","32150","-59","8916","259"
"75303.970","37713","24333","22272","932","-1236","1233","-919","572","3854398","-11700487","79437","32151","-100","8910","262"
"75304.970","37712","24333","22278","930","-1228","1232","-841","572","3854392","-11700221","79438","32152","-111","8912","263"
"75305.970","37711","24335","22292","919","-1209","1266","-834","571","3854385","-11699954","79439","32155","-78","8923","257"
"75306.970","37712","24339","22273","941","-1196","1250","-820","571","3854378","-11699689","79439","32159","-108","8919","258"
"75307.970","37711","24341","22288","929","-1179","1117","-953","571","3854371","-11699423","79438","32162","-212","8926","260"
"75308.970","37714","24343","22285","935","-1169","984","-935","571","3854364","-11699156","79437","32165","-138","8924","261"
"75309.970","37715","24343","22290","933","-1176","951","-956","571","3854357","-11698892","79435","32164","-110","8926","261"
"75310.970","37716","24343","22291","934","-1173","933","-1005","571","3854350","-11698625","79433","32164","-182","8922","261"
"75311.970","37717","24341","22298","930","-1170","911","-933","571","3854344","-11698358","79430","32161","-169","8921","261"
"75312.970","37718","24341","22302","929","-1162","887","-840","571","3854337","-11698092","79427","32161","-77","8927","263"
"75313.970","37723","24343","22299","934","-1156","929","-806","570","3854331","-11697826","79424","32161","-110","8930","262"
"75314.970","37724","24343","22303","931","-1145","852","-868","570","3854324","-11697559","79421","32162","-183","8928","264"
"75315.970","37723","24345","22307","929","-1149","823","-951","570","3854317","-11697296","79419","32165","-124","8930","270"
"75316.970","37726","24347","22312","926","-1154","860","-937","570","3854311","-11697029","79416","32166","-83","8931","269"
"75317.970","37725","24347","22311","927","-1150","832","-791","570","3854304","-11696763","79415","32167","-166","8927","268"
"75318.970","37723","24347","22312","927","-1146","800","-869","570","3854297","-11696497","79414","32167","-157","8925","269"
"75319.970","37724","24348","22314","927","-1152","776","-783","570","3854291","-11696230","79413","32168","-73","8927","269"
"75320.970","37725","24349","22314","927","-1160","696","-980","570","3854284","-11695964","79413","32170","-100","8929","272"
"75321.970","37726","24347","22322","920","-1165","649","-870","570","3854278","-11695697","79412","32167","-154","8922","271"
"75322.970","37726","24340","22338","903","-1152","656","-827","570","3854271","-11695432","79411","32157","-117","8927","270"
"75323.970","37726","24341","22334","908","-1159","671","-947","570","3854265","-11695164","79410","32159","-43","8933","267"
"75324.970","37725","24343","22326","916","-1167","505","-848","570","3854257","-11694899","79409","32161","-148","8925","269"
"75325.970","37724","24342","22321","922","-1169","514","-1098","571","3854251","-11694632","79408","32161","-149","8922","275"
"75326.970","37727","24350","22321","923","-1203","542","-1066","571","3854244","-11694368","79406","32170","-64","8925","267"
"75327.970","37728","24351","22317","927","-1211","196","-930","572","3854237","-11694100","79403","32172","-58","8916","277"
"75328.970","37727","24349","22322","921","-1215","215","-1033","571","3854231","-11693834","79400","32170","-126","8921","274"
"75329.970","37731","24352","22315","929","-1234","36","-853","572","3854224","-11693568","79396","32173","-80","8915","277"
"75330.970","37734","24352","22301","941","-1229","-189","-1013","572","3854217","-11693302","79392","32171","-54","8917","281"
"75331.970","37735","24354","22286","956","-1229","-288","-874","572","3854210","-11693035","79387","32173","-125","8921","279"
"75332.970","37735","24360","22276","966","-1245","-380","-914","573","3854203","-11692768","79380","32181","-101","8916","279"
"75333.970","37739","24364","22296","945","-1263","-301","-826","573","3854196","-11692504","79373","32186","-40","8916","279"
"75334.970","37743","24377","22325","915","-1272","-424","-793","573","3854189","-11692237","79366","32203","-85","8918","288"
"75335.970","37747","24395","22349","887","-1247","-726","-791","572","3854181","-11691970","79358","32225","-127","8921","288"
"75336.970","37753","24396","22350","882","-1266","-984","-794","572","3854174","-11691706","79351","32225","-89","8916","293"
"75337.970","37752","24398","22335","891","-1245","-904","-927","572","3854167","-11691439","79344","32228","-133","8923","302"
"75338.970","37756","24397","22318","902","-1232","-1028","-833","571","3854160","-11691173","79337","32226","-96","8923","298"
"75339.970","37760","24407","22334","882","-1237","-1027","-757","571","3854153","-11690907","79329","32237","-145","8923","300"
"75340.970","37765","24410","22350","859","-1240","-1082","-808","571","3854146","-11690640","79322","32240","-159","8922","315"
"75341.970","37766","24405","22318","883","-1224","-1033","-748","571","3854138","-11690375","79316","32233","-126","8927","302"
"75342.970","37764","24411","22277","918","-1220","-842","-840","572","3854131","-11690109","79310","32241","-67","8927","308"
"75343.970","37767","24405","22262","927","-1219","-816","-723","571","3854124","-11689844","79307","32233","-198","8931","314"
"75344.970","37761","24404","22199","983","-1172","-762","-1061","572","3854116","-11689578","79304","32233","-182","8923","311"
"75345.970","37763","24400","22181","999","-1189","305","-770","572","3854109","-11689313","79302","32228","-84","8944","298"
"75346.970","37769","24423","22303","872","-1187","727","-674","570","3854102","-11689048","79303","32256","-100","8924","293"
"75347.970","37762","24430","22311","857","-1136","352","-628","567","3854095","-11688783","79304","32268","-232","8949","316"
"75348.970","37757","24430","22275","886","-1126","577","-612","568","3854088","-11688516","79309","32269","-99","8931","310"
"75349.970","37754","24440","22241","915","-1089","673","-780","568","3854080","-11688250","79318","32283","-217","8955","306"
"75350.970","37745","24444","22221","930","-1061","647","-730","568","3854073","-11687986","79331","32291","-203","8943","290"
"75351.970","37740","24439","22240","910","-1103","574","-585","567","3854067","-11687721","79341","32285","-136","8955","288"
"75352.970","37734","24426","22252","897","-1133","1197","-863","567","3854060","-11687456","79349","32269","-82","8926","281"
"75353.970","37728","24444","22160","989","-1116","1131","-610","570","3854053","-11687191","79355","32295","-174","8946","287"
"75354.970","37738","24440","22192","960","-1158","996","-527","571","3854046","-11686926","79360","32286","-109","8933","261"
"75355.970","37730","24433","22260","891","-1159","785","-708","571","3854039","-11686661","79363","32279","-96","8929","259"
"75356.970","37735","24426","22298","854","-1221","613","-715","571","3854033","-11686395","79364","32269","-97","8929","275"
"75357.970","37733","24424","22283","867","-1245","677","-744","570","3854025","-11686129","79365","32266","-111","8914","287"
"75358.970","37731","24409","22309","841","-1301","782","-700","572","3854018","-11685865","79365","32247","-27","8902","271"
"75359.970","37735","24406","22329","817","-1316","582","-735","571","3854011","-11685600","79365","32242","-16","8913","274"
"75360.970","37733","24393","22274","870","-1348","389","-757","573","3854004","-11685334","79366","32226","-7","8899","285"
"75361.970","37732","24380","22250","893","-1400","144","-887","575","3853997","-11685070","79367","32209","-73","8899","290"
"75362.970","37733","24369","22232","908","-1381","109","-814","575","3853989","-11684805","79366","32194","-19","8892","275"
"75363.970","37734","24363","22244","896","-1352","231","-913","574","3853982","-11684539","79364","32186","12","8919","275"
"75364.970","37737","24362","22260","879","-1345","257","-819","574","3853974","-11684275","79360","32184","-124","8912","282"
"75365.970","37739","24361","22279","859","-1331","298","-883","573","3853966","-11684010","79357","32181","-142","8918","277"
"75366.970","37742","24358","22299","838","-1319","187","-968","573","3853958","-11683744","79354","32178","-79","8922","281"
"75367.970","37745","24353","22315","819","-1302","180","-876","572","3853950","-11683480","79352","32170","-139","8925","283"
"75368.970","37746","24351","22323","810","-1293","213","-767","572","3853942","-11683215","79350","32166","-222","8926","285"
"75369.970","37745","24347","22322","808","-1287","251","-1068","571","3853934","-11682951","79348","32162","-134","8921","285"
"75370.970","37746","24351","22302","826","-1268","315","-751","571","3853926","-11682685","79347","32167","-154","8930","284"
"75371.970","37745","24356","22257","869","-1245","259","-870","571","3853919","-11682420","79347","32174","-202","8929","281"
"75372.970","37743","24358","22235","890","-1235","187","-828","571","3853911","-11682156","79347","32177","-222","8926","285"
"75373.970","37744","24359","22215","909","-1222","153","-895","571","3853903","-11681890","79346","32178","-149","8930","285"
"75374.970","37747","24360","22199","925","-1216","182","-746","572","3853896","-11681625","79344","32179","-147","8932","279"
"75375.970","37746","24361","22186","937","-1210","93","-778","572","3853888","-11681362","79342","32180","-247","8929","283"
"75376.970","37746","24358","22194","929","-1204","-50","-848","571","3853881","-11681097","79339","32176","-208","8924","283"
"75377.970","37748","24357","22198","926","-1205","-182","-832","571","3853874","-11680831","79334","32174","-118","8929","283"
"75378.970","37755","24353","22212","911","-1189","-135","-745","571","3853867","-11680567","79329","32167","-180","8927","283"
"75379.970","37757","24349","22225","898","-1165","-6","-880","570","3853860","-11680302","79324","32162","-241","8930","284"
"75380.970","37756","24351","22213","909","-1166","324","-773","570","3853852","-11680036","79320","32164","-153","8931","283"
"75381.970","37758","24353","22216","907","-1166","496","-946","570","3853846","-11679772","79316","32167","-133","8926","283"
"75382.970","37761","24356","22205","918","-1175","444","-1105","570","3853838","-11679507","79314","32170","-235","8924","289"
"75383.970","37759","24357","22202","920","-1178","368","-870","570","3853832","-11679241","79314","32172","-148","8916","294"
"75384.970","37758","24357","22202","919","-1179","377","-841","571","3853825","-11678979","79315","32172","-85","8926","293"
"75385.970","37755","24360","22181","939","-1184","546","-1034","571","3853819","-11678714","79318","32176","-133","8919","291"
"75386.970","37753","24365","22171","950","-1211","627","-737","572","3853812","-11678449","79321","32184","-155","8917","285"
"75387.970","37753","24364","22215","907","-1253","597","-897","572","3853806","-11678184","79323","32182","-47","8903","282"
"75388.970","37753","24366","22207","915","-1265","347","-789","572","3853798","-11677919","79326","32185","-78","8908","283"
"75389.970","37753","24359","22240","881","-1244","226","-686","572","3853792","-11677654","79327","32176","-126","8908","281"
"75390.970","37754","24351","22273","847","-1217","166","-862","570","3853785","-11677389","79326","32166","-84","8919","276"
"75391.970","37758","24347","22293","827","-1219","566","-980","570","3853778","-11677125","79324","32159","-76","8924","267"
"75392.970","37757","24346","22302","820","-1231","990","-1000","570","3853771","-11676860","79322","32157","-148","8918","276"
"75393.970","37757","24348","22309","815","-1244","1565","-806","571","3853764","-11676595","79322","32160","-133","8915","267"
"75394.970","37753","24355","22317","808","-1267","1681","-857","571","3853757","-11676330","79323","32170","-49","8915","266"
"75395.970","37753","24371","22322","804","-1340","1250","-856","573","3853750","-11676065","79326","32192","-87","8898","278"
"75396.970","37749","24373","22302","819","-1316","377","-805","572","3853743","-11675800","79333","32196","-156","8893","286"
"75397.970","37745","24364","22266","854","-1257","531","-887","571","3853736","-11675535","79337","32185","-121","8916","259"
"75398.970","37749","24371","22302","821","-1310","778","-883","572","3853729","-11675271","79339","32192","-62","8904","245"
"75399.970","37747","24368","22278","844","-1267","425","-815","571","3853721","-11675006","79340","32189","-191","8909","260"
"75400.970","37751","24367","22283","840","-1213","474","-920","570","3853714","-11674742","79339","32188","-111","8917","286"
"75401.970","37756","24367","22275","849","-1169","487","-791","569","3853707","-11674476","79335","32186","-145","8938","283"
"75402.970","37756","24368","22245","882","-1145","966","-684","569","3853700","-11674211","79330","32187","-177","8932","256"
"75403.970","37758","24370","22238","891","-1132","1270","-863","569","3853693","-11673947","79327","32189","-190","8940","257"
"75404.970","37757","24371","22241","890","-1113","1357","-867","568","3853686","-11673682","79326","32190","-117","8939","277"
"75405.970","37755","24371","22233","899","-1096","1235","-859","568","3853679","-11673416","79327","32191","-147","8948","282"
"75406.970","37753","24371","22224","909","-1083","1149","-795","568","3853672","-11673152","79330","32191","-199","8947","269"
"75407.970","37749","24369","22226","908","-1073","867","-894","568","3853666","-11672887","79334","32190","-174","8942","271"
"75408.970","37747","24366","22232","902","-1053","1058","-900","567","3853659","-11672621","79336","32187","-126","8955","271"
"75409.970","37746","24369","22223","915","-1046","1376","-811","567","3853652","-11672357","79338","32191","-124","8953","262"
"75410.970","37747","24373","22216","925","-1054","1431","-883","568","3853646","-11672092","79339","32196","-187","8952","255"
"75411.970","37749","24374","22235","910","-1066","1570","-757","568","3853639","-11671827","79340","32196","-132","8947","260"
"75412.970","37751","24374","22245","903","-1074","1663","-1070","567","3853632","-11671562","79341","32197","-45","8951","257"
"75413.970","37750","24378","22240","912","-1086","1637","-816","568","3853626","-11671297","79343","32201","-116","8948","260"
"75414.970","37746","24379","22257","898","-1096","1528","-814","568","3853619","-11671032","79346","32204","-129","8944","250"
"75415.970","37746","24379","22310","848","-1112","1599","-828","568","3853612","-11670767","79348","32204","-49","8945","255"
"75416.970","37747","24382","22333","828","-1113","1581","-865","567","3853606","-11670502","79349","32207","-16","8951","258"
"75417.970","37747","24388","22360","803","-1130","1725","-801","567","3853599","-11670236","79351","32216","-106","8946","249"
"75418.970","37744","24392","22361","805","-1106","1962","-818","567","3853592","-11669971","79353","32221","-114","8948","242"
"75419.970","37743","24394","22352","817","-1097","1787","-852","567","3853585","-11669706","79355","32225","-49","8960","247"
"75420.970","37743","24395","22384","789","-1118","1814","-1087","566","3853578","-11669441","79356","32226","-69","8956","246"
"75421.970","37744","24394","22411","765","-1144","1970","-815","567","3853571","-11669174","79358","32225","-107","8949","239"
"75422.970","37742","24405","22390","789","-1134","2098","-840","567","3853563","-11668910","79359","32240","-69","8952","236"
"75423.970","37743","24414","22373","810","-1118","1865","-683","568","3853556","-11668646","79359","32251","-40","8964","241"
"75424.970","37743","24422","22374","813","-1106","1964","-691","566","3853549","-11668380","79360","32262","-106","8965","237"
"75425.970","37741","24425","22341","850","-1091","1855","-864","567","3853541","-11668112","79359","32266","-100","8968","227"
"75426.970","37740","24436","22342","855","-1081","1974","-881","567","3853534","-11667847","79357","32280","-135","8978","232"
"75427.970","37743","24434","22381","821","-1092","1945","-740","567","3853526","-11667583","79355","32277","-98","8965","235"
"75428.970","37745","24438","22389","817","-1112","1628","-726","567","3853518","-11667317","79352","32282","-166","8969","230"
"75429.970","37749","24443","22363","848","-1125","1602","-686","568","3853511","-11667050","79348","32288","-109","8955","228"
"75430.970","37751","24438","22395","820","-1127","1647","-861","567","3853504","-11666786","79343","32281","-75","8969","240"
"75431.970","37753","24437","22415","805","-1170","1724","-761","569","3853496","-11666519","79339","32278","-103","8962","250"
"75432.970","37759","24422","22448","774","-1202","1760","-748","568","3853489","-11666252","79335","32258","-87","8951","240"
"75433.970","37755","24421","22473","752","-1238","1865","-698","569","3853481","-11665986","79332","32257","-16","8945","232"
"75434.970","37759","24414","22465","761","-1237","1774","-876","569","3853473","-11665721","79331","32247","-60","8951","242"
"75435.970","37759","24412","22468","760","-1234","1908","-918","569","3853465","-11665455","79331","32244","-75","8948","254"
"75436.970","37756","24414","22471","758","-1237","1946","-809","569","3853457","-11665190","79332","32248","-70","8948","243"
"75437.970","37757","24414","22465","765","-1229","1770","-872","569","3853449","-11664923","79333","32248","-72","8954","235"
"75438.970","37754","24416","22460","771","-1219","1780","-703","568","3853441","-11664657","79335","32250","-94","8959","234"
"75439.970","37755","24419","22467","767","-1239","1935","-856","569","3853433","-11664391","79335","32254","-94","8953","236"
"75440.970","37755","24421","22473","764","-1245","1648","-935","569","3853425","-11664126","79335","32257","-143","8949","246"
"75441.970","37757","24422","22505","734","-1257","1627","-695","570","3853416","-11663858","79334","32258","-148","8950","233"
"75442.970","37758","24424","22501","740","-1263","1521","-841","570","3853408","-11663593","79332","32260","-82","8944","226"
"75443.970","37760","24427","22496","747","-1239","1432","-798","569","3853400","-11663327","79328","32265","-105","8956","232"
"75444.970","37761","24430","22508","739","-1258","1458","-860","570","3853392","-11663060","79324","32267","-186","8951","242"
"75445.970","37761","24431","22498","751","-1244","1455","-777","568","3853384","-11662793","79318","32269","-147","8942","232"
"75446.970","37763","24436","22469","783","-1250","1402","-745","571","3853375","-11662527","79311","32275","-120","8955","227"
"75447.970","37768","24438","22467","788","-1285","1322","-816","571","3853367","-11662262","79304","32276","-152","8935","236"
"75448.970","37767","24442","22442","816","-1291","1153","-912","571","3853359","-11661996","79297","32282","-148","8932","242"
"75449.970","37769","24442","22435","825","-1292","865","-766","571","3853351","-11661730","79289","32281","-106","8938","249"
"75450.970","37773","24446","22391","869","-1283","641","-775","572","3853343","-11661463","79281","32286","-81","8934","245"
"75451.970","37777","24447","22395","867","-1269","520","-756","572","3853335","-11661196","79272","32286","-171","8941","246"
"75452.970","37779","24450","22365","898","-1257","328","-752","572","3853327","-11660929","79262","32290","-159","8939","259"
"75453.970","37788","24454","22350","914","-1244","139","-711","572","3853319","-11660662","79251","32293","-115","8945","262"
"75454.970","37795","24457","22333","932","-1222","-110","-951","571","3853310","-11660397","79240","32295","-163","8945","262"
"75455.970","37797","24461","22295","970","-1204","-249","-761","572","3853302","-11660131","79229","32299","-230","8949","268"
"75456.970","37799","24465","22293","971","-1185","-382","-829","571","3853294","-11659865","79217","32304","-179","8946","277"
"75457.970","37807","24474","22265","997","-1150","-421","-864","571","3853287","-11659598","79205","32315","-148","8957","280"
"75458.970","37814","24483","22264","997","-1104","-441","-976","570","3853279","-11659331","79194","32324","-238","8964","284"
"75459.970","37818","24485","22264","994","-1083","-482","-658","570","3853272","-11659064","79185","32326","-259","8962","288"
"75460.970","37821","24490","22270","984","-1067","-362","-878","569","3853264","-11658798","79176","32333","-202","8966","297"
"75461.970","37826","24494","22299","951","-1046","-224","-989","568","3853257","-11658531","79170","32336","-198","8967","303"
"75462.970","37827","24497","22307","938","-1043","-46","-896","567","3853250","-11658266","79166","32341","-264","8963","300"
"75463.970","37824","24497","22304","935","-1041","125","-848","567","3853242","-11657999","79165","32340","-193","8960","305"
"75464.970","37825","24493","22289","944","-1044","331","-871","568","3853236","-11657733","79165","32336","-118","8961","311"
"75465.970","37821","24489","22272","955","-1067","622","-785","568","3853229","-11657466","79167","32331","-172","8957","310"
"75466.970","37813","24483","22245","977","-1087","919","-899","570","3853222","-11657199","79173","32325","-184","8947","299"
"75467.970","37808","24479","22246","973","-1100","1113","-837","569","3853216","-11656936","79183","32321","-94","8949","292"
"75468.970","37806","24473","22263","952","-1125","1260","-870","570","3853209","-11656669","79198","32313","-64","8942","294"
"75469.970","37797","24467","22275","938","-1149","1297","-795","570","3853202","-11656403","79212","32308","-122","8941","292"
"75470.970","37790","24460","22289","921","-1169","1321","-760","570","3853195","-11656138","79224","32300","-74","8934","278"
"75471.970","37786","24459","22281","928","-1177","1182","-865","570","3853188","-11655872","79234","32300","-21","8940","268"
"75472.970","37782","24458","22286","922","-1174","1098","-775","570","3853182","-11655606","79243","32299","-77","8938","267"
"75473.970","37780","24456","22300","909","-1167","912","-769","570","3853175","-11655341","79249","32298","-117","8945","270"
"75474.970","37780","24455","22300","909","-1179","741","-813","570","3853167","-11655074","79254","32297","-32","8943","262"
"75475.970","37786","24453","22324","886","-1183","574","-782","570","3853160","-11654808","79257","32292","-72","8948","253"
"75476.970","37785","24455","22318","892","-1158","424","-779","569","3853153","-11654543","79256","32295","-155","8946","256"
"75477.970","37786","24458","22301","910","-1143","227","-697","569","3853145","-11654277","79252","32299","-103","8953","267"
"75478.970","37796","24461","22302","910","-1137","74","-876","569","3853137","-11654010","79243","32300","-69","8957","268"
"75479.970","37800","24462","22293","918","-1107","71","-662","568","3853130","-11653745","79232","32301","-141","8962","265"
"75480.970","37799","24467","22286","926","-1075","45","-823","568","3853123","-11653479","79221","32307","-183","8968","272"
"75481.970","37807","24472","22274","936","-1047","159","-773","568","3853115","-11653215","79212","32311","-107","8977","278"
"75482.970","37812","24476","22261","949","-1008","330","-956","567","3853108","-11652948","79204","32316","-188","8986","279"
"75483.970","37814","24480","22261","948","-981","493","-941","566","3853101","-11652683","79198","32320","-253","8984","279"
"75484.970","37814","24481","22262","946","-978","655","-902","566","3853093","-11652417","79195","32322","-161","8985","283"
"75485.970","37817","24482","22266","940","-967","869","-972","566","3853086","-11652152","79193","32323","-136","8990","287"
"75486.970","37814","24483","22264","940","-953","1117","-1032","565","3853079","-11651884","79194","32325","-213","8986","283"
"75487.970","37807","24483","22262","942","-945","1372","-902","565","3853071","-11651619","79198","32326","-187","8985","282"
"75488.970","37807","24482","22259","944","-939","1597","-923","565","3853065","-11651353","79203","32326","-113","8992","278"
"75489.970","37802","24482","22253","949","-942","1693","-997","565","3853058","-11651088","79212","32326","-148","8988","273"
"75490.970","37796","24482","22256","947","-937","1750","-923","565","3853051","-11650822","79221","32328","-194","8989","267"
"75491.970","37791","24482","22261","943","-950","1769","-847","565","3853045","-11650555","79230","32328","-97","8984","266"
"75492.970","37788","24480","22260","945","-970","1692","-908","566","3853038","-11650292","79237","32327","-77","8986","260"
"75493.970","37781","24476","22267","941","-1001","1552","-1000","567","3853030","-11650025","79244","32323","-132","8976","254"
"75494.970","37780","24473","22268","943","-1035","1422","-907","567","3853024","-11649760","79247","32320","-100","8968","249"
"75495.970","37780","24471","22267","948","-1054","1229","-1085","568","3853017","-11649494","79249","32318","1","8968","252"
"75496.970","37785","24470","22265","953","-1069","1107","-941","569","3853010","-11649227","79249","32315","13","8976","246"
"75497.970","37788","24469","22264","957","-1061","962","-760","568","3853003","-11648962","79246","32312","-89","8975","245"
"75498.970","37790","24467","22264","960","-1055","738","-839","568","3852996","-11648696","79240","32310","-48","8977","253"
"75499.970","37796","24472","22279","947","-1032","541","-819","567","3852988","-11648429","79232","32315","-18","8994","257"
"75500.970","37803","24473","22298","931","-1024","446","-793","567","3852981","-11648163","79223","32314","-76","8995","253"
"75501.970","37808","24476","22310","921","-1015","396","-838","567","3852973","-11647898","79214","32317","-154","8992","260"
"75502.970","37811","24480","22331","900","-997","396","-941","566","3852964","-11647632","79204","32322","-100","9002","270"
"75503.970","37817","24481","22353","877","-990","552","-921","565","3852957","-11647365","79196","32322","-66","9003","270"
"75504.970","37819","24484","22352","876","-975","687","-826","564","3852949","-11647099","79190","32324","-183","9006","270"
"75505.970","37820","24485","22356","870","-966","664","-831","564","3852941","-11646833","79186","32326","-164","9003","277"
"75506.970","37825","24486","22376","847","-964","747","-964","564","3852934","-11646568","79185","32326","-86","9008","283"
"75507.970","37824","24485","22376","843","-965","917","-792","563","3852926","-11646302","79186","32325","-154","9007","285"
"75508.970","37820","24485","22368","848","-962","1082","-830","563","3852918","-11646037","79189","32326","-173","9004","274"
"75509.970","37816","24485","22352","861","-956","1262","-994","564","3852911","-11645770","79194","32326","-102","9005","270"
"75510.970","37813","24483","22336","876","-954","1392","-950","564","3852903","-11645504","79199","32325","-103","9010","275"
"75511.970","37808","24482","22325","887","-957","1414","-916","564","3852895","-11645239","79206","32325","-176","9004","273"
"75512.970","37805","24480","22321","891","-969","1412","-879","565","3852888","-11644973","79212","32323","-133","9002","261"
"75513.970","37803","24480","22316","896","-986","1501","-1012","565","3852880","-11644705","79217","32324","-68","9000","254"
"75514.970","37799","24476","22308","906","-998","1954","-668","565","3852873","-11644443","79221","32319","-93","9001","253"
"75515.970","37801","24471","22342","876","-1049","1908","-782","566","3852865","-11644175","79225","32312","-113","8986","265"
"75516.970","37796","24464","22413","808","-1137","1958","-722","568","3852857","-11643910","79229","32304","-93","8980","246"
"75517.970","37799","24450","22485","736","-1223","2084","-826","569","3852849","-11643643","79233","32285","54","8952","234"
"75518.970","37794","24437","22542","681","-1332","2149","-613","569","3852841","-11643377","79238","32268","81","8952","244"
"75519.970","37799","24397","22618","604","-1425","2098","-767","572","3852833","-11643112","79244","32215","75","8913","259"
"75520.970","37792","24383","22595","624","-1395","2086","-794","571","3852824","-11642845","79251","32198","0","8939","254"
"75521.970","37787","24368","22597","622","-1418","1958","-824","572","3852815","-11642579","79258","32180","78","8940","232"
"75522.970","37784","24357","22573","646","-1421","1828","-753","573","3852807","-11642314","79263","32166","18","8942","217"
"75523.970","37783","24359","22571","649","-1422","1667","-961","572","3852797","-11642048","79268","32169","-63","8942","224"
"75524.970","37781","24352","22601","620","-1416","1496","-708","572","3852787","-11641781","79270","32160","0","8945","242"
"75525.970","37787","24346","22604","619","-1404","1405","-838","572","3852778","-11641515","79270","32150","-76","8954","239"
"75526.970","37786","24342","22594","632","-1397","1462","-980","572","3852769","-11641249","79266","32145","-167","8950","223"
"75527.970","37790","24342","22577","652","-1386","1394","-823","571","3852759","-11640984","79259","32144","-112","8954","211"
"75528.970","37797","24343","22571","660","-1380","1322","-784","572","3852749","-11640718","79250","32144","-105","8957","217"
"75529.970","37796","24348","22554","679","-1370","1279","-738","572","3852739","-11640453","79242","32151","-202","8954","237"
"75530.970","37802","24352","22535","702","-1368","1087","-928","572","3852730","-11640186","79234","32155","-201","8951","248"
"75531.970","37804","24355","22530","709","-1380","1095","-736","572","3852721","-11639920","79226","32158","-137","8949","239"
"75532.970","37810","24356","22529","711","-1386","1024","-865","573","3852711","-11639655","79219","32158","-179","8945","228"
"75533.970","37811","24355","22540","702","-1391","1157","-738","572","3852702","-11639389","79212","32157","-222","8937","232"
"75534.970","37809","24356","22548","696","-1412","1362","-794","573","3852693","-11639122","79205","32158","-162","8930","255"
"75535.970","37815","24358","22553","692","-1428","1421","-795","573","3852684","-11638855","79201","32160","-130","8929","258"
"75536.970","37816","24360","22568","678","-1445","1645","-888","573","3852675","-11638589","79199","32162","-180","8921","242"
"75537.970","37816","24362","22582","663","-1456","1798","-819","574","3852665","-11638323","79199","32164","-168","8918","235"
"75538.970","37816","24364","22595","649","-1464","1827","-922","574","3852657","-11638056","79201","32168","-101","8915","243"
"75539.970","37813","24363","22603","641","-1472","1830","-830","574","3852648","-11637789","79205","32167","-165","8912","254"
"75540.970","37810","24361","22607","637","-1473","1930","-743","574","3852639","-11637525","79209","32165","-173","8907","246"
"75541.970","37812","24362","22612","633","-1485","1890","-890","574","3852630","-11637258","79213","32165","-107","8908","231"
"75542.970","37808","24362","22597","647","-1484","1671","-1003","574","3852621","-11636991","79216","32167","-92","8905","224"
"75543.970","37803","24361","22583","663","-1482","1652","-719","574","3852612","-11636727","79218","32166","-180","8908","234"
"75544.970","37804","24363","22583","666","-1497","1505","-918","575","3852604","-11636460","79218","32168","-150","8895","241"
"75545.970","37806","24361","22576","673","-1493","1217","-826","575","3852595","-11636194","79216","32166","-107","8903","231"
"75546.970","37808","24360","22579","674","-1505","1168","-810","575","3852586","-11635929","79212","32164","-140","8899","217"
"75547.970","37814","24359","22588","666","-1515","789","-878","575","3852578","-11635661","79205","32161","-166","8890","223"
"75548.970","37818","24355","22613","642","-1521","520","-751","575","3852569","-11635395","79197","32155","-152","8893","237"
"75549.970","37827","24351","22636","619","-1525","286","-926","575","3852561","-11635129","79186","32147","-101","8882","250"
"75550.970","37830","24357","22629","626","-1537","260","-818","575","3852552","-11634862","79174","32155","-160","8891","246"
"75551.970","37836","24361","22618","636","-1556","-74","-889","576","3852543","-11634597","79161","32158","-144","8874","243"
"75552.970","37844","24363","22615","637","-1560","-316","-871","576","3852535","-11634331","79148","32159","-104","8880","244"
"75553.970","37848","24372","22589","661","-1563","-543","-810","576","3852527","-11634065","79135","32170","-108","8877","266"
"75554.970","37854","24379","22565","681","-1561","-868","-741","576","3852518","-11633799","79122","32177","-151","8876","277"
"75555.970","37859","24383","22548","694","-1559","-1054","-851","576","3852510","-11633531","79108","32181","-152","8873","275"
"75556.970","37867","24386","22544","693","-1557","-1261","-889","576","3852501","-11633265","79094","32184","-106","8876","271"
"75557.970","37875","24388","22545","685","-1556","-1423","-948","576","3852493","-11633000","79080","32184","-109","8874","284"
"75558.970","37877","24394","22544","679","-1558","-1562","-831","576","3852485","-11632734","79067","32192","-188","8873","304"
"75559.970","37884","24402","22551","662","-1561","-1685","-751","576","3852476","-11632467","79055","32201","-138","8869","312"
"75560.970","37889","24406","22550","652","-1563","-1696","-971","576","3852468","-11632201","79045","32205","-85","8876","312"
"75561.970","37891","24410","22548","643","-1566","-1692","-889","576","3852460","-11631937","79037","32209","-179","8868","319"
"75562.970","37890","24410","22517","661","-1557","-1708","-807","576","3852452","-11631671","79032","32210","-178","8866","332"
"75563.970","37888","24410","22494","670","-1546","-1630","-855","576","3852443","-11631406","79030","32210","-96","8872","337"
"75564.970","37888","24409","22481","668","-1536","-1411","-747","576","3852436","-11631141","79030","32209","-148","8875","335"
"75565.970","37883","24407","22442","693","-1535","-1273","-796","576","3852427","-11630876","79034","32207","-201","8870","338"
"75566.970","37877","24406","22429","692","-1531","-1130","-965","576","3852420","-11630611","79040","32208","-108","8869","347"
"75567.970","37873","24405","22414","693","-1526","-877","-981","576","3852412","-11630346","79048","32208","-124","8874","350"
"75568.970","37865","24402","22377","716","-1523","-619","-787","576","3852403","-11630082","79060","32206","-189","8870","344"
"75569.970","37855","24396","22356","724","-1511","-532","-777","576","3852396","-11629817","79075","32201","-131","8871","344"
"75570.970","37850","24396","22339","727","-1507","-411","-785","575","3852388","-11629554","79091","32201","-93","8878","340"
"75571.970","37837","24396","22316","740","-1515","-267","-891","576","3852380","-11629290","79107","32204","-187","8867","337"
"75572.970","37827","24396","22374","672","-1531","-121","-903","575","3852372","-11629026","79124","32206","-172","8867","332"
"75573.970","37824","24393","22411","623","-1536","11","-910","575","3852364","-11628762","79140","32204","-89","8863","328"
"75574.970","37815","24393","22407","616","-1535","143","-830","575","3852356","-11628498","79157","32205","-116","8869","320"
"75575.970","37804","24394","22422","592","-1555","223","-878","575","3852348","-11628236","79173","32209","-171","8858","315"
"75576.970","37798","24397","22426","579","-1565","238","-922","575","3852341","-11627972","79188","32215","-149","8854","311"
"75577.970","37791","24403","22421","575","-1561","213","-828","575","3852332","-11627708","79202","32225","-67","8862","311"
"75578.970","37785","24407","22412","575","-1544","244","-811","575","3852325","-11627446","79216","32232","-99","8864","311"
"75579.970","37780","24410","22398","582","-1529","247","-798","575","3852317","-11627181","79228","32236","-199","8869","304"
"75580.970","37769","24413","22381","592","-1516","263","-792","574","3852310","-11626919","79238","32243","-124","8864","293"
"75581.970","37766","24416","22357","609","-1508","252","-974","574","3852302","-11626657","79247","32247","-95","8877","295"
"75582.970","37762","24417","22335","627","-1504","208","-826","574","3852293","-11626395","79254","32250","-200","8869","305"
"75583.970","37756","24421","22303","654","-1509","120","-999","575","3852286","-11626129","79260","32257","-182","8863","298"
"75584.970","37755","24423","22283","670","-1512","57","-781","575","3852279","-11625867","79264","32260","-84","8866","293"
"75585.970","37753","24423","22277","673","-1521","-8","-733","575","3852271","-11625605","79268","32261","-130","8863","298"
"75586.970","37740","24423","22270","675","-1529","-179","-822","575","3852263","-11625342","79272","32263","-168","8860","332"
"75587.970","37728","24422","22253","678","-1538","-283","-1043","576","3852255","-11625080","79278","32266","-32","8865","399"
"75588.970","37716","24421","22228","681","-1542","-374","-825","575","3852247","-11624817","79287","32266","-6","8875","433"
"75589.970","37697","24419","22186","696","-1540","-411","-780","576","3852240","-11624555","79301","32269","35","8878","461"
"75590.970","37665","24414","22149","702","-1541","-466","-779","576","3852232","-11624295","79325","32271","128","8896","490"
"75591.970","37626","24411","22095","720","-1542","-459","-882","576","3852224","-11624035","79363","32275","159","8912","533"
"75592.970","37592","24405","22050","724","-1545","-379","-821","576","3852215","-11623775","79419","32276","72","8919","554"
"75593.970","37548","24399","22001","730","-1539","-393","-844","576","3852206","-11623513","79499","32279","15","8925","570"
"75594.970","37499","24391","21962","725","-1518","-355","-811","575","3852197","-11623252","79595","32280","66","8937","545"
"75595.970","37446","24382","21917","729","-1500","-320","-772","575","3852186","-11622992","79706","32282","48","8952","548"
"75596.970","37399","24374","21886","720","-1492","-301","-816","574","3852175","-11622733","79828","32282","44","8956","551"
"75597.970","37350","24364","21857","708","-1482","-277","-799","574","3852163","-11622476","79938","32282","67","8972","556"
"75598.970","37302","24353","21837","689","-1474","-225","-956","574","3852152","-11622218","80041","32278","110","8983","550"
"75599.970","37255","24343","21810","676","-1469","-207","-764","574","3852141","-11621958","80140","32276","148","9000","549"
"75600.970","37205","24330","21794","653","-1465","-158","-831","573","3852129","-11621703","80238","32272","163","9015","546"
"75601.970","37165","24317","21773","636","-1463","-89","-991","573","3852117","-11621447","80333","32265","121","9027","528"
"75602.970","37117","24302","21775","602","-1487","-65","-863","573","3852104","-11621191","80424","32257","37","9027","511"
"75603.970","37069","24291","21753","593","-1495","30","-853","573","3852091","-11620934","80512","32254","58","9031","513"
"75604.970","37031","24285","21716","599","-1495","95","-1029","573","3852078","-11620678","80597","32255","114","9044","498"
"75605.970","36989","24278","21682","606","-1492","175","-899","573","3852065","-11620423","80680","32257","106","9055","497"
"75606.970","36956","24270","21653","611","-1494","204","-803","573","3852051","-11620169","80760","32254","65","9064","462"
"75607.970","36915","24264","21621","624","-1508","104","-715","574","3852036","-11619913","80834","32256","55","9064","463"
"75608.970","36884","24258","21591","635","-1517","60","-783","574","3852021","-11619661","80904","32257","107","9078","456"
"75609.970","36855","24252","21575","634","-1518","-36","-808","574","3852006","-11619406","80967","32256","162","9088","448"
"75610.970","36827","24247","21555","639","-1521","-178","-867","574","3851991","-11619152","81024","32256","217","9109","445"
"75611.970","36801","24244","21531","648","-1522","-305","-927","574","3851976","-11618896","81073","32258","293","9126","438"
"75612.970","36776","24240","21512","653","-1519","-417","-801","574","3851959","-11618643","81116","32259","342","9154","435"
"75613.970","36753","24237","21485","667","-1508","-511","-856","574","3851943","-11618391","81155","32261","370","9175","432"
"75614.970","36729","24234","21464","676","-1504","-585","-833","574","3851925","-11618137","81190","32263","329","9202","434"
"75615.970","36712","24232","21438","691","-1489","-723","-960","574","3851906","-11617884","81219","32265","286","9222","436"
"75616.970","36689","24228","21427","691","-1478","-877","-823","574","3851887","-11617631","81251","32265","299","9243","444"
"75617.970","36671","24228","21391","714","-1461","-955","-880","573","3851867","-11617377","81284","32269","319","9269","446"
"75618.970","36654","24232","21342","752","-1457","-1123","-976","574","3851846","-11617124","81317","32279","299","9297","449"
"75619.970","36634","24233","21304","777","-1453","-1200","-882","574","3851825","-11616872","81350","32286","261","9310","451"
"75620.970","36614","24234","21262","808","-1447","-1328","-1151","574","3851804","-11616621","81382","32292","198","9328","455"
"75621.970","36597","24233","21236","822","-1447","-1409","-942","574","3851781","-11616368","81414","32295","172","9340","457"
"75622.970","36580","24233","21207","840","-1439","-1440","-759","574","3851758","-11616114","81446","32300","170","9356","458"
"75623.970","36565","24235","21192","845","-1424","-1469","-790","574","3851735","-11615862","81476","32306","202","9380","457"
"75624.970","36548","24233","21189","837","-1414","-1453","-843","574","3851711","-11615611","81507","32307","219","9398","458"
"75625.970","36534","24230","21181","835","-1403","-1391","-891","573","3851686","-11615359","81537","32307","146","9414","451"
"75626.970","36516","24226","21184","823","-1398","-1375","-888","573","3851661","-11615108","81566","32307","172","9425","454"
"75627.970","36503","24224","21183","815","-1392","-1319","-918","573","3851636","-11614857","81596","32307","231","9450","449"
"75628.970","36485","24221","21178","810","-1382","-1263","-800","572","3851610","-11614607","81625","32308","250","9468","452"
"75629.970","36469","24219","21171","809","-1373","-1232","-902","572","3851584","-11614353","81654","32309","193","9489","456"
"75630.970","36456","24217","21160","811","-1357","-1118","-961","572","3851556","-11614102","81685","32309","71","9498","452"
"75631.970","36437","24214","21147","817","-1345","-982","-860","572","3851529","-11613853","81716","32310","-40","9504","454"
"75632.970","36419","24212","21129","827","-1327","-839","-877","571","3851501","-11613603","81749","32312","-128","9506","452"
"75633.970","36399","24209","21119","831","-1314","-735","-799","571","3851474","-11613352","81781","32313","-72","9513","453"
"75634.970","36385","24206","21104","838","-1308","-580","-870","571","3851446","-11613101","81815","32313","3","9525","450"
"75635.970","36369","24203","21097","840","-1297","-504","-755","571","3851418","-11612852","81849","32313","-82","9529","450"
"75636.970","36346","24200","21090","840","-1289","-421","-871","571","3851389","-11612602","81884","32314","-51","9536","456"
"75637.970","36329","24199","21072","850","-1278","-314","-1020","570","3851361","-11612352","81920","32317","-77","9546","450"
"75638.970","36302","24195","21065","851","-1269","-267","-938","571","3851332","-11612100","81958","32319","-122","9547","463"
"75639.970","36287","24195","21039","869","-1258","-234","-820","570","3851304","-11611852","81997","32322","-158","9549","470"
"75640.970","36260","24193","21020","880","-1251","-213","-840","570","3851276","-11611602","82039","32327","-196","9546","470"
"75641.970","36240","24190","21003","888","-1248","-161","-926","570","3851246","-11611353","82082","32329","-125","9551","469"
"75642.970","36221","24188","20984","899","-1242","-129","-860","570","3851218","-11611103","82127","32330","-174","9550","474"
"75643.970","36193","24184","20976","899","-1238","-133","-805","570","3851190","-11610853","82173","32332","-186","9551","475"
"75644.970","36170","24181","20966","899","-1243","-101","-904","570","3851161","-11610603","82220","32334","-121","9553","475"
"75645.970","36147","24177","20956","900","-1247","-80","-917","571","3851133","-11610354","82267","32335","-55","9557","474"
"75646.970","36122","24174","20945","902","-1250","-36","-1001","571","3851104","-11610106","82315","32337","-8","9561","472"
"75647.970","36099","24170","20935","905","-1250","-27","-821","571","3851076","-11609856","82362","32337","1","9569","467"
"75648.970","36072","24165","20927","906","-1250","-67","-1069","571","3851046","-11609607","82409","32337","-8","9575","474"
"75649.970","36052","24161","20912","914","-1246","-33","-1035","571","3851017","-11609359","82456","32338","-5","9583","466"
"75650.970","36020","24157","20900","919","-1248","-60","-806","571","3850988","-11609110","82502","32340","-3","9588","476"
"75651.970","36002","24154","20885","927","-1248","-34","-1003","571","3850959","-11608862","82549","32341","29","9598","472"
"75652.970","35978","24150","20876","928","-1256","-42","-910","571","3850929","-11608614","82595","32342","44","9604","472"
"75653.970","35947","24146","20877","919","-1264","-74","-938","571","3850898","-11608364","82641","32344","59","9612","483"
"75654.970","35924","24142","20867","920","-1266","-40","-916","571","3850869","-11608117","82689","32345","59","9624","493"
"75655.970","35898","24139","20848","929","-1266","-31","-907","571","3850838","-11607868","82738","32348","55","9630","497"
"75656.970","35871","24135","20837","929","-1275","-35","-885","571","3850807","-11607619","82790","32349","45","9636","506"
"75657.970","35844","24131","20820","934","-1279","-4","-908","571","3850776","-11607373","82845","32351","11","9641","510"
"75658.970","35812","24127","20803","940","-1287","8","-716","572","3850745","-11607124","82901","32354","-18","9646","517"
"75659.970","35784","24124","20787","942","-1296","28","-1024","572","3850713","-11606878","82959","32356","-38","9645","522"
"75660.970","35752","24119","20780","936","-1300","86","-864","572","3850681","-11606630","83019","32358","-56","9650","528"
"75661.970","35723","24114","20765","937","-1303","126","-826","572","3850649","-11606383","83081","32360","-75","9649","529"
"75662.970","35690","24109","20753","935","-1307","157","-915","572","3850617","-11606135","83144","32360","-85","9652","534"
"75663.970","35661","24106","20731","942","-1315","195","-1220","572","3850585","-11605889","83208","32364","-94","9650","536"
"75664.970","35631","24102","20711","948","-1323","203","-907","573","3850553","-11605643","83274","32367","-109","9647","537"
"75665.970","35595","24098","20706","937","-1332","265","-915","573","3850521","-11605395","83341","32371","-140","9644","538"
"75666.970","35564","24099","20705","921","-1349","255","-955","573","3850489","-11605150","83408","32380","-157","9639","534"
"75667.970","35526","24096","20711","899","-1365","219","-1075","573","3850456","-11604904","83475","32386","-165","9631","540"
"75668.970","35492","24090","20702","891","-1369","218","-918","572","3850424","-11604659","83543","32388","-153","9628","543"
"75669.970","35456","24084","20696","882","-1362","191","-816","572","3850392","-11604413","83611","32389","-143","9633","547"
"75670.970","35421","24079","20691","871","-1366","191","-1043","572","3850360","-11604167","83680","32391","-103","9631","552"
"75671.970","35388","24074","20683","864","-1363","185","-830","572","3850329","-11603922","83750","32393","-92","9638","555"
"75672.970","35351","24068","20671","859","-1366","168","-878","572","3850296","-11603678","83822","32394","-64","9638","559"
"75673.970","35315","24061","20653","859","-1367","143","-821","572","3850264","-11603430","83894","32395","-54","9644","558"
"75674.970","35279","24054","20642","854","-1360","154","-955","572","3850232","-11603187","83967","32394","-34","9650","561"
"75675.970","35247","24048","20630","850","-1357","190","-827","571","3850200","-11602942","84039","32394","-17","9654","550"
"75676.970","35212","24042","20629","836","-1359","204","-1119","571","3850167","-11602699","84110","32395","-23","9662","543"
"75677.970","35180","24037","20630","821","-1361","222","-766","571","3850135","-11602455","84180","32397","-35","9664","531"
"75678.970","35149","24031","20641","798","-1357","269","-895","571","3850102","-11602211","84247","32397","-50","9668","517"
"75679.970","35120","24026","20673","755","-1364","288","-800","571","3850069","-11601967","84313","32399","-17","9669","508"
"75680.970","35092","24026","20699","719","-1379","266","-830","570","3850036","-11601724","84378","32406","39","9676","495"
"75681.970","35062","24025","20705","704","-1386","241","-996","570","3850002","-11601480","84440","32412","55","9681","492"
"75682.970","35033","24021","20694","710","-1379","176","-870","570","3849968","-11601238","84499","32414","-46","9690","489"
"75683.970","35008","24015","20697","700","-1382","105","-953","570","3849934","-11600994","84555","32413","-17","9689","489"
"75684.970","34985","24011","20684","708","-1377","58","-834","570","3849900","-11600750","84607","32413","57","9703","488"
"75685.970","34966","24007","20692","695","-1377","61","-785","570","3849866","-11600508","84656","32413","91","9715","480"
"75686.970","34942","24002","20701","681","-1379","63","-944","569","3849831","-11600264","84701","32414","0","9718","479"
"75687.970","34920","23999","20702","677","-1378","31","-745","570","3849797","-11600021","84744","32414","-76","9719","476"
"75688.970","34898","23994","20706","669","-1383","-10","-1076","569","3849762","-11599780","84785","32414","-21","9723","473"
"75689.970","34882","23991","20701","670","-1387","-27","-824","570","3849727","-11599536","84825","32414","24","9730","464"
"75690.970","34860","23987","20712","657","-1394","-67","-813","569","3849692","-11599294","84862","32415","-84","9730","465"
"75691.970","34843","23983","20713","654","-1397","-79","-871","570","3849657","-11599050","84897","32414","-81","9726","457"
"75692.970","34827","23980","20723","643","-1399","-121","-907","570","3849622","-11598809","84931","32413","-100","9735","454"
"75693.970","34810","23976","20736","628","-1412","-107","-811","570","3849586","-11598564","84963","32413","-97","9722","447"
"75694.970","34798","23973","20740","626","-1412","-112","-801","570","3849550","-11598323","84993","32412","-172","9725","444"
"75695.970","34775","23970","20756","611","-1420","-108","-1306","570","3849515","-11598080","85022","32414","-206","9714","438"
"75696.970","34760","23967","20774","594","-1433","-140","-767","570","3849480","-11597838","85049","32414","-221","9709","437"
"75697.970","34747","23963","20776","595","-1419","-156","-749","569","3849445","-11597594","85074","32412","-221","9701","439"
"75698.970","34730","23961","20770","603","-1424","-79","-818","570","3849410","-11597351","85099","32414","-219","9708","436"
"75699.970","34719","23959","20782","594","-1429","-8","-883","570","3849375","-11597108","85123","32414","-181","9693","434"
"75700.970","34707","23958","20790","590","-1422","-22","-1027","569","3849340","-11596865","85148","32416","-179","9702","433"
"75701.970","34692","23954","20794","588","-1426","-34","-1027","569","3849305","-11596624","85173","32415","-159","9695","430"
"75702.970","34681","23953","20796","591","-1423","-11","-742","569","3849270","-11596379","85197","32416","-154","9700","426"
"75703.970","34667","23951","20800","589","-1429","-57","-934","569","3849235","-11596135","85220","32417","-130","9694","431"
"75704.970","34653","23949","20802","589","-1432","-29","-924","570","3849201","-11595892","85244","32418","-101","9700","435"
"75705.970","34650","23948","20799","597","-1428","-46","-805","570","3849165","-11595649","85267","32418","-58","9702","416"
"75706.970","34634","23946","20806","593","-1432","-116","-807","570","3849131","-11595406","85289","32419","-50","9708","425"
"75707.970","34618","23943","20811","592","-1430","-130","-849","570","3849096","-11595163","85311","32419","-48","9713","429"
"75708.970","34609","23940","20816","590","-1425","-97","-843","569","3849061","-11594919","85333","32418","-59","9716","430"
"75709.970","34602","23940","20807","602","-1428","-108","-912","570","3849025","-11594676","85356","32420","-58","9721","427"
"75710.970","34587","23938","20809","601","-1433","-176","-845","570","3848990","-11594433","85378","32421","-61","9720","429"
"75711.970","34575","23936","20811","602","-1434","-233","-913","570","3848955","-11594190","85400","32421","-60","9727","430"
"75712.970","34571","23935","20807","609","-1436","-282","-800","570","3848919","-11593946","85423","32421","-26","9729","424"
"75713.970","34563","23934","20810","610","-1437","-297","-886","570","3848883","-11593704","85443","32422","-23","9735","412"
"75714.970","34552","23932","20816","610","-1441","-336","-1160","570","3848847","-11593460","85462","32422","-32","9738","401"
"75715.970","34548","23932","20824","609","-1446","-376","-974","570","3848811","-11593217","85478","32423","-46","9738","387"
"75716.970","34547","23932","20828","615","-1446","-425","-919","570","3848775","-11592974","85491","32424","-57","9742","364"
"75717.970","34536","23932","20847","608","-1451","-559","-952","570","3848739","-11592729","85502","32426","-74","9742","363"
"75718.970","34529","23930","20862","603","-1462","-649","-917","570","3848702","-11592486","85508","32426","-80","9743","372"
"75719.970","34528","23934","20867","610","-1465","-638","-851","571","3848665","-11592243","85510","32431","-59","9746","369"
"75720.970","34513","23934","20898","589","-1467","-712","-1078","570","3848629","-11591999","85507","32435","-46","9752","403"
"75721.970","34519","23933","20895","598","-1476","-715","-830","571","3848592","-11591754","85508","32432","-19","9752","410"
"75722.970","34520","23933","20899","599","-1478","-722","-953","571","3848555","-11591511","85513","32432","-10","9762","414"
"75723.970","34520","23932","20903","600","-1480","-786","-816","571","3848518","-11591266","85520","32430","-58","9760","411"
"75724.970","34508","23928","20921","585","-1491","-805","-914","571","3848481","-11591022","85529","32428","-117","9761","425"
"75725.970","34508","23928","20919","589","-1495","-693","-802","571","3848444","-11590777","85540","32428","-88","9756","416"
"75726.970","34502","23928","20922","590","-1495","-693","-901","571","3848406","-11590534","85552","32430","-80","9764","418"
"75727.970","34495","23926","20929","586","-1501","-743","-927","571","3848369","-11590290","85565","32429","-70","9761","411"
"75728.970","34490","23924","20922","596","-1506","-745","-855","572","3848331","-11590045","85578","32428","-70","9764","419"
"75729.970","34489","23925","20918","603","-1505","-590","-1067","571","3848293","-11589801","85590","32429","-75","9766","388"
"75730.970","34478","23924","20924","601","-1507","-631","-1016","572","3848256","-11589556","85600","32431","-79","9767","395"
"75731.970","34477","23922","20918","613","-1516","-688","-1115","572","3848218","-11589312","85608","32428","-81","9769","390"
"75732.970","34473","23917","20923","615","-1533","-542","-887","572","3848180","-11589067","85615","32423","-78","9766","381"
"75733.970","34470","23917","20929","618","-1537","-383","-868","573","3848142","-11588822","85620","32424","-85","9766","371"
"75734.970","34465","23915","20939","619","-1542","-278","-839","572","3848104","-11588579","85623","32423","-93","9768","364"
"75735.970","34470","23915","20942","628","-1542","-145","-812","573","3848066","-11588334","85624","32422","-97","9767","343"
"75736.970","34466","23916","20956","629","-1545","-165","-819","573","3848028","-11588088","85624","32424","-101","9768","344"
"75737.970","34462","23916","20972","627","-1549","-108","-803","573","3847989","-11587844","85622","32425","-64","9772","336"
"75738.970","34463","23918","20986","630","-1541","-99","-812","573","3847950","-11587599","85617","32427","26","9783","342"
"75739.970","34465","23917","20994","635","-1549","-92","-897","573","3847912","-11587352","85610","32426","124","9798","343"
"75740.970","34464","23918","21003","640","-1551","-14","-866","573","3847873","-11587107","85604","32427","226","9818","346"
"75741.970","34467","23919","21015","641","-1546","-16","-880","573","3847834","-11586862","85599","32428","332","9845","348"
"75742.970","34470","23921","21027","642","-1538","-28","-961","573","3847794","-11586617","85595","32430","426","9875","351"
"75743.970","34469","23923","21036","645","-1530","-50","-876","573","3847753","-11586371","85593","32433","515","9912","357"
"75744.970","34470","23926","21041","650","-1532","-72","-920","573","3847711","-11586126","85592","32436","610","9950","362"
"75745.970","34464","23927","21049","651","-1528","-75","-1030","573","3847668","-11585881","85593","32439","695","9992","368"
"75746.970","34464","23928","21054","654","-1530","-90","-829","573","3847624","-11585635","85596","32440","764","10037","372"
"75747.970","34462","23928","21056","659","-1533","-54","-988","573","3847578","-11585390","85602","32442","785","10080","374"
"75748.970","34461","23929","21057","664","-1537","-31","-960","573","3847530","-11585146","85609","32442","749","10120","375"
"75749.970","34457","23928","21062","666","-1537","15","-968","573","3847483","-11584901","85618","32442","670","10154","374"
"75750.970","34453","23927","21063","672","-1535","21","-930","573","3847433","-11584656","85627","32443","584","10184","377"
"75751.970","34451","23925","21061","680","-1537","89","-988","573","3847382","-11584412","85638","32440","434","10206","377"
"75752.970","34451","23924","21053","695","-1539","153","-792","573","3847331","-11584167","85650","32439","114","10209","378"
"75753.970","34453","23925","21050","706","-1536","163","-764","573","3847278","-11583924","85660","32439","18","10206","339"
"75754.970","34438","23922","21069","696","-1541","172","-902","573","3847225","-11583680","85669","32439","30","10212","337"
"75755.970","34435","23919","21073","702","-1545","170","-938","573","3847171","-11583436","85675","32436","39","10222","341"
"75756.970","34431","23918","21072","714","-1549","197","-927","574","3847118","-11583193","85680","32436","-25","10223","336"
"75757.970","34430","23916","21077","721","-1550","210","-902","574","3847065","-11582949","85683","32434","-73","10227","333"
"75758.970","34423","23908","21116","690","-1558","218","-840","574","3847011","-11582704","85684","32424","-2","10229","347"
"75759.970","34433","23905","21138","679","-1553","277","-1025","573","3846958","-11582460","85682","32418","-18","10237","343"
"75760.970","34424","23904","21144","671","-1568","320","-781","574","3846904","-11582216","85682","32419","-99","10235","341"
"75761.970","34411","23903","21109","659","-1590","316","-927","574","3846850","-11581972","85681","32420","-139","10232","326"
"75762.970","34398","23902","21061","645","-1605","259","-892","574","3846796","-11581727","85679","32423","-137","10226","336"
"75763.970","34394","23902","20998","638","-1616","232","-889","574","3846743","-11581485","85675","32424","-138","10224","348"
"75764.970","34384","23900","20945","629","-1613","235","-882","574","3846689","-11581243","85672","32424","-182","10219","357"
"75765.970","34384","23901","20886","624","-1612","218","-792","574","3846636","-11581001","85671","32425","-232","10212","375"
"75766.970","34386","23902","20819","628","-1611","195","-787","574","3846583","-11580760","85672","32426","-172","10212","377"
"75767.970","34374","23899","20763","619","-1610","127","-1025","574","3846530","-11580522","85675","32426","-106","10214","389"
"75768.970","34392","23904","20684","633","-1610","156","-806","574","3846477","-11580281","85681","32428","-168","10214","386"
"75769.970","34383","23906","20615","636","-1620","162","-776","575","3846425","-11580042","85687","32432","-291","10198","378"
"75770.970","34357","23900","20561","617","-1604","81","-811","574","3846373","-11579805","85692","32431","-273","10193","394"
"75771.970","34353","23897","20479","615","-1597","54","-914","574","3846320","-11579567","85696","32429","-259","10186","396"
"75772.970","34350","23897","20384","621","-1594","73","-773","574","3846270","-11579331","85700","32430","-306","10180","401"
"75773.970","34335","23894","20308","614","-1560","90","-927","573","3846218","-11579097","85705","32429","-248","10175","408"
"75774.970","34335","23894","20211","620","-1559","151","-913","573","3846168","-11578862","85710","32430","-190","10176","414"
"75775.970","34335","23895","20117","625","-1553","215","-792","573","3846117","-11578630","85715","32430","-324","10166","416"
"75776.970","34318","23893","20035","620","-1534","207","-818","572","3846068","-11578396","85721","32433","-336","10154","423"
"75777.970","34331","23899","19941","619","-1560","212","-903","573","3846017","-11578165","85727","32438","-418","10138","408"
"75778.970","34322","23900","19861","613","-1545","139","-1048","572","3845968","-11577934","85732","32441","-517","10112","408"
"75779.970","34310","23900","19777","610","-1544","55","-802","573","3845920","-11577705","85735","32444","-564","10093","427"
"75780.970","34316","23901","19688","612","-1537","55","-1024","572","3845873","-11577475","85737","32444","-696","10062","413"
"75781.970","34301","23900","19611","603","-1539","-13","-905","572","3845826","-11577248","85740","32446","-1024","10007","436"
"75782.970","34294","23900","19525","603","-1534","-32","-928","572","3845781","-11577021","85741","32448","-1172","9946","437"
"75783.970","34299","23901","19431","611","-1525","-51","-873","572","3845737","-11576795","85744","32448","-1228","9890","443"
"75784.970","34301","23901","19346","612","-1516","-93","-842","572","3845695","-11576569","85746","32448","-1442","9823","441"
"75785.970","34286","23899","19268","606","-1510","-180","-1003","572","3845656","-11576344","85747","32450","-1675","9729","448"
"75786.970","34271","23898","19189","599","-1509","-309","-858","572","3845618","-11576118","85749","32451","-1854","9628","476"
"75787.970","34276","23899","19090","610","-1507","-382","-1014","572","3845583","-11575895","85753","32451","-1922","9531","469"
"75788.970","34281","23896","19000","614","-1502","-420","-894","571","3845551","-11575671","85756","32446","-1972","9438","463"
"75789.970","34267","23891","18916","611","-1509","-363","-831","572","3845522","-11575447","85758","32443","-2029","9331","476"
"75790.970","34276","23891","18814","629","-1506","-263","-740","572","3845496","-11575225","85754","32440","-2058","9231","459"
"75791.970","34280","23890","18724","638","-1507","-247","-1013","572","3845472","-11575003","85748","32439","-1899","9145","454"
"75792.970","34294","23892","18632","652","-1498","-266","-877","572","3845452","-11574783","85737","32438","-1638","9083","433"
"75793.970","34287","23891","18569","639","-1513","-261","-1012","572","3845433","-11574562","85723","32438","-1097","9051","446"
"75794.970","34328","23896","18463","672","-1485","-93","-766","571","3845417","-11574343","85707","32434","-516","9067","395"
"75795.970","34349","23900","18389","683","-1478","45","-948","572","3845401","-11574124","85683","32434","-252","9079","364"
"75796.970","34361","23903","18334","678","-1482","95","-833","572","3845386","-11573907","85655","32434","-212","9079","335"
"75797.970","34380","23907","18279","681","-1477","12","-851","572","3845370","-11573691","85620","32434","-300","9072","303"
"75798.970","34386","23908","18238","672","-1490","-82","-765","572","3845355","-11573474","85578","32434","-237","9060","299"
"75799.970","34417","23911","18186","678","-1476","-208","-945","572","3845340","-11573258","85522","32430","-282","9064","278"
"75800.970","34436","23914","18149","675","-1487","-361","-1095","572","3845326","-11573043","85453","32429","-270","9050","259"
"75801.970","34462","23917","18108","675","-1500","-445","-1131","573","3845312","-11572827","85365","32426","-213","9048","272"
"75802.970","34504","23922","18064","683","-1497","-509","-777","572","3845298","-11572613","85267","32421","-273","9046","242"
"75803.970","34544","23926","18026","687","-1499","-461","-880","572","3845284","-11572401","85171","32416","-193","9036","232"
"75804.970","34583","23929","17977","705","-1497","-444","-909","573","3845271","-11572187","85088","32410","-270","9040","222"
"75805.970","34621","23926","17925","731","-1496","-387","-898","573","3845258","-11571974","85002","32396","-266","9025","212"
"75806.970","34681","23914","17848","784","-1416","-273","-922","572","3845245","-11571762","84915","32364","-280","9036","173"
"75807.970","34708","23898","17819","795","-1387","-220","-895","571","3845232","-11571548","84818","32335","-405","9044","176"
"75808.970","34755","23901","17800","796","-1386","-177","-867","571","3845219","-11571334","84716","32326","-309","9019","172"
"75809.970","34809","23902","17796","782","-1392","-180","-849","571","3845207","-11571123","84609","32313","-283","9028","164"
"75810.970","34877","23912","17764","800","-1405","-38","-781","572","3845195","-11570912","84497","32308","-321","9008","141"
"75811.970","34931","23918","17753","799","-1400","-70","-785","572","3845182","-11570701","84380","32302","-474","8992","127"
"75812.970","34975","23918","17774","768","-1400","-92","-837","571","3845171","-11570489","84261","32291","-469","8964","128"
"75813.970","35044","23929","17756","775","-1411","-63","-800","572","3845160","-11570278","84140","32287","-486","8946","115"
"75814.970","35102","23937","17752","771","-1404","-95","-871","572","3845149","-11570067","84018","32284","-536","8925","108"
"75815.970","35164","23946","17739","777","-1421","-78","-850","572","3845139","-11569856","83894","32279","-606","8892","100"
"75816.970","35228","23955","17726","785","-1415","-49","-904","572","3845129","-11569644","83768","32274","-789","8849","94"
"75817.970","35286","23964","17729","777","-1420","-57","-788","573","3845120","-11569434","83642","32271","-1106","8781","93"
"75818.970","35319","23971","17742","758","-1418","-129","-728","572","3845113","-11569223","83513","32272","-1227","8703","129"
"75819.970","35367","23981","17732","756","-1413","-100","-840","572","3845107","-11569013","83387","32273","-1292","8632","141"
"75820.970","35417","23990","17718","754","-1411","-60","-802","572","3845102","-11568802","83263","32272","-1472","8545","196"
"75821.970","35482","24003","17675","775","-1398","-71","-1024","572","3845100","-11568593","83149","32273","-1887","8420","200"
"75822.970","35513","24011","17664","761","-1396","-213","-1048","572","3845102","-11568383","83048","32276","-2354","8255","230"
"75823.970","35565","24018","17635","760","-1396","-259","-1095","572","3845107","-11568173","82957","32272","-2418","8099","230"
"75824.970","35627","24029","17584","781","-1403","-181","-890","572","3845115","-11567967","82868","32270","-2348","7979","237"
"75825.970","35688","24041","17535","801","-1400","-140","-838","572","3845126","-11567758","82776","32270","-2230","7860","242"
"75826.970","35733","24048","17511","794","-1397","-80","-817","572","3845141","-11567551","82683","32268","-2316","7738","248"
"75827.970","35782","24053","17472","803","-1397","-41","-927","572","3845159","-11567346","82590","32262","-2391","7594","250"
"75828.970","35822","24063","17436","806","-1396","8","-847","573","3845182","-11567143","82504","32265","-2484","7453","250"
"75829.970","35877","24072","17391","820","-1398","74","-876","573","3845207","-11566940","82422","32263","-2535","7304","248"
"75830.970","35931","24078","17327","849","-1376","85","-859","573","3845235","-11566739","82334","32257","-2587","7173","220"
"75831.970","35982","24091","17312","847","-1400","151","-789","573","3845267","-11566539","82242","32262","-2518","7037","199"
"75832.970","36031","24103","17283","851","-1400","161","-872","573","3845303","-11566342","82145","32265","-2577","6888","201"
"75833.970","36085","24115","17248","861","-1383","142","-837","573","3845342","-11566147","82044","32267","-2734","6754","165"
"75834.970","36105","24123","17249","836","-1376","44","-799","572","3845384","-11565953","81937","32273","-2806","6570","174"
"75835.970","36143","24129","17250","820","-1390","-66","-948","573","3845431","-11565762","81832","32271","-2843","6421","178"
"75836.970","36206","24139","17218","841","-1406","-56","-881","573","3845482","-11565572","81727","32268","-2699","6247","174"
"75837.970","36251","24149","17199","838","-1400","-112","-844","573","3845536","-11565385","81624","32271","-2761","6104","190"
"75838.970","36302","24157","17230","794","-1426","-100","-1056","573","3845594","-11565200","81522","32269","-2733","5939","193"
"75839.970","36346","24158","17229","765","-1424","-171","-778","573","3845656","-11565020","81421","32258","-2697","5781","214"
"75840.970","36415","24165","17177","791","-1412","-61","-823","573","3845720","-11564839","81323","32250","-2627","5639","213"
"75841.970","36473","24175","17146","805","-1422","-10","-896","574","3845789","-11564664","81228","32249","-2647","5484","221"
"75842.970","36522","24183","17119","808","-1424","2","-760","574","3845861","-11564492","81124","32248","-2745","5316","222"
"75843.970","36569","24193","17095","802","-1419","-21","-1045","573","3845936","-11564323","81021","32249","-2893","5141","222"
"75844.970","36619","24203","17073","794","-1417","-119","-825","573","3846015","-11564157","80923","32249","-3021","4957","217"
"75845.970","36664","24212","17062","777","-1423","-230","-802","573","3846097","-11563995","80825","32250","-3069","4769","215"
"75846.970","36717","24222","17029","788","-1428","-351","-737","574","3846183","-11563837","80729","32251","-3028","4587","219"
"75847.970","36775","24233","17003","778","-1419","-356","-838","573","3846272","-11563683","80633","32251","-2979","4419","218"
"75848.970","36832","24244","16988","762","-1417","-272","-795","573","3846365","-11563533","80536","32250","-3010","4251","215"
"75849.970","36886","24253","16972","747","-1414","-223","-771","573","3846460","-11563388","80426","32249","-3021","4071","206"
"75850.970","36947","24263","16963","725","-1413","-167","-937","573","3846560","-11563248","80315","32247","-3027","3907","200"
"75851.970","37005","24273","16947","717","-1412","-135","-775","573","3846661","-11563110","80201","32246","-2968","3741","189"
"75852.970","37057","24283","16937","708","-1419","-98","-767","572","3846766","-11562979","80086","32246","-2934","3572","185"
"75853.970","37113","24292","16922","706","-1421","-95","-791","573","3846873","-11562853","79968","32245","-2915","3405","184"
"75854.970","37152","24301","16913","708","-1435","22","-901","573","3846983","-11562730","79850","32247","-2906","3226","195"
"75855.970","37207","24312","16893","700","-1431","20","-965","573","3847094","-11562614","79733","32248","-2897","3058","199"
"75856.970","37266","24322","16881","684","-1431","-2","-952","573","3847209","-11562500","79616","32246","-2876","2888","202"
"75857.970","37322","24330","16858","687","-1432","56","-804","573","3847326","-11562394","79501","32243","-2816","2727","207"
"75858.970","37381","24338","16835","683","-1429","1","-769","573","3847445","-11562290","79387","32240","-2659","2575","215"
"75859.970","37443","24349","16803","691","-1424","35","-856","573","3847566","-11562194","79288","32238","-2564","2437","224"
"75860.970","37505","24357","16772","685","-1411","50","-731","572","3847689","-11562102","79190","32234","-2619","2292","224"
"75861.970","37556","24364","16749","677","-1406","87","-893","572","3847813","-11562013","79092","32231","-2687","2130","220"
"75862.970","37612","24373","16719","668","-1394","74","-822","572","3847939","-11561930","78993","32228","-2734","1971","213"
"75863.970","37673","24381","16689","656","-1380","9","-840","571","3848066","-11561852","78892","32225","-2739","1820","199"
"75864.970","37728","24390","16669","653","-1377","15","-843","571","3848194","-11561779","78787","32223","-2653","1674","191"
"75865.970","37797","24401","16647","651","-1371","30","-1000","571","3848324","-11561709","78680","32220","-2511","1546","176"
"75866.970","37850","24410","16635","654","-1372","99","-774","571","3848454","-11561648","78568","32220","-2461","1411","172"
"75867.970","37910","24420","16622","648","-1369","162","-871","571","3848585","-11561587","78456","32218","-2546","1268","156"
"75868.970","37971","24430","16614","646","-1369","162","-757","571","3848718","-11561534","78342","32216","-2559","1121","138"
"75869.970","38030","24440","16606","654","-1370","163","-832","571","3848851","-11561483","78227","32216","-2422","990","133"
"75870.970","38098","24452","16600","642","-1367","123","-916","571","3848985","-11561437","78109","32214","-2338","872","117"
"75871.970","38094","24457","16624","673","-1405","158","-925","573","3849120","-11561397","77990","32222","-2392","699","208"
"75872.970","38205","24471","16587","657","-1378","156","-938","571","3849254","-11561362","77875","32215","-2350","584","151"
"75873.970","38277","24483","16574","646","-1373","128","-745","571","3849390","-11561328","77762","32213","-2345","452","163"
"75874.970","38341","24494","16563","652","-1372","127","-843","571","3849525","-11561299","77644","32212","-2327","320","150"
"75875.970","38407","24506","16554","646","-1371","73","-868","572","3849661","-11561278","77525","32211","-2336","191","148"
"75876.970","38463","24515","16552","654","-1377","32","-820","572","3849798","-11561259","77406","32210","-2310","58","145"
"75877.970","38510","24524","16557","644","-1392","-52","-745","572","3849933","-11561244","77286","32211","-2261","35922","173"
"75878.970","38552","24534","16555","657","-1402","-50","-787","572","3850070","-11561234","77170","32213","-2176","35799","188"
"75879.970","38630","24546","16528","664","-1392","-35","-650","572","3850206","-11561228","77058","32211","-1980","35691","197"
"75880.970","38707","24557","16505","640","-1385","-106","-837","572","3850342","-11561228","76950","32207","-1902","35603","212"
"75881.970","38751","24565","16492","667","-1387","-127","-913","572","3850477","-11561228","76846","32208","-1958","35480","225"
"75882.970","38834","24578","16461","674","-1374","-97","-706","572","3850613","-11561234","76744","32204","-1908","35372","195"
"75883.970","38868","24584","16458","669","-1390","-195","-863","573","3850748","-11561244","76644","32205","-1889","35270","232"
"75884.970","38936","24595","16430","669","-1381","-188","-939","572","3850882","-11561257","76546","32203","-1864","35165","232"
"75885.970","38988","24604","16410","661","-1381","-244","-855","572","3851016","-11561273","76445","32202","-1905","35067","238"
"75886.970","39034","24612","16394","648","-1388","-325","-920","572","3851150","-11561292","76345","32202","-2199","34920","244"
"75887.970","39073","24618","16377","645","-1396","-387","-1008","572","3851283","-11561315","76246","32200","-2209","34778","257"
"75888.970","39139","24627","16334","637","-1379","-415","-765","572","3851415","-11561342","76148","32197","-2199","34666","253"
"75889.970","39202","24636","16308","624","-1378","-477","-743","572","3851546","-11561375","76050","32193","-2324","34527","248"
"75890.970","39227","24640","16303","640","-1394","-543","-1042","572","3851677","-11561409","75957","32193","-2474","34363","259"
"75891.970","39268","24645","16287","661","-1399","-571","-904","573","3851806","-11561450","75863","32189","-2423","34205","270"
"75892.970","39332","24651","16252","644","-1396","-567","-847","573","3851934","-11561494","75770","32183","-2463","34072","275"
"75893.970","39372","24657","16234","648","-1406","-634","-1142","573","3852061","-11561544","75677","32180","-2530","33912","286"
"75894.970","39416","24663","16211","667","-1405","-604","-921","573","3852186","-11561597","75582","32178","-2566","33745","296"
"75895.970","39472","24668","16186","668","-1411","-670","-888","573","3852310","-11561655","75489","32172","-2565","33594","305"
"75896.970","39525","24673","16164","691","-1413","-673","-925","574","3852432","-11561718","75400","32167","-2485","33436","315"
"75897.970","39576","24678","16138","695","-1422","-649","-827","574","3852553","-11561783","75314","32161","-2447","33295","324"
"75898.970","39626","24683","16115","700","-1430","-710","-831","574","3852671","-11561856","75232","32156","-2419","33147","334"
"75899.970","39702","24692","16062","674","-1424","-698","-876","574","3852787","-11561930","75152","32150","-2425","33013","305"
"75900.970","39740","24697","16039","674","-1431","-757","-723","574","3852902","-11562010","75074","32148","-2451","32877","302"
"75901.970","39791","24702","16003","662","-1431","-772","-856","574","3853014","-11562094","74993","32142","-2431","32724","288"
"75902.970","39818","24706","15983","670","-1435","-792","-822","574","3853124","-11562179","74911","32142","-2373","32602","289"
"75903.970","39880","24714","15944","664","-1426","-665","-817","574","3853233","-11562271","74822","32137","-2209","32466","308"
"75904.970","39975","24719","15895","625","-1418","-730","-709","574","3853339","-11562364","74730","32122","-2177","32384","233"
"75905.970","40018","24720","15871","641","-1399","-656","-702","573","3853444","-11562461","74638","32113","-2025","32265","216"
"75906.970","40083","24726","15857","640","-1396","-670","-836","573","3853547","-11562561","74540","32106","-2106","32153","188"
"75907.970","40136","24728","15866","666","-1397","-665","-756","573","3853648","-11562664","74434","32097","-1932","32038","163"
"75908.970","40211","24735","15868","669","-1401","-652","-746","574","3853747","-11562768","74322","32088","-1993","31941","134"
"75909.970","40265","24740","15888","697","-1401","-643","-790","574","3853845","-11562876","74203","32083","-1928","31822","120"
"75910.970","40330","24748","15901","718","-1397","-632","-883","574","3853941","-11562987","74076","32079","-1979","31712","115"
"75911.970","40379","24750","15896","727","-1379","-640","-923","574","3854035","-11563099","73945","32070","-2085","31568","142"
"75912.970","40465","24754","15876","725","-1350","-640","-725","574","3854127","-11563214","73813","32056","-2205","31430","120"
"75913.970","40527","24761","15890","750","-1341","-610","-1010","574","3854217","-11563333","73680","32050","-2082","31292","126"
"75914.970","40601","24768","15884","759","-1320","-519","-843","573","3854305","-11563454","73542","32043","-1969","31186","140"
"75915.970","40683","24771","15847","708","-1321","-513","-780","572","3854390","-11563578","73405","32028","-2057","31066","139"
"75916.970","40762","24775","15833","675","-1336","-550","-861","573","3854474","-11563704","73270","32015","-2113","30953","129"
"75917.970","40852","24780","15805","622","-1353","-512","-720","572","3854555","-11563834","73135","32002","-2041","30848","113"
"75918.970","40913","24781","15796","577","-1387","-588","-1097","573","3854634","-11563964","73000","31990","-2177","30746","121"
"75919.970","40994","24787","15779","546","-1393","-559","-847","573","3854710","-11564100","72863","31980","-2136","30620","114"
"75920.970","41079","24796","15751","500","-1397","-495","-811","572","3854784","-11564235","72726","31972","-2206","30508","89"
"75921.970","41138","24804","15745","494","-1381","-440","-897","572","3854856","-11564375","72583","31969","-2110","30373","104"
"75922.970","41217","24814","15724","467","-1375","-432","-884","572","3854926","-11564518","72441","31965","-2172","30255","106"
"75923.970","41238","24819","15715","474","-1340","-334","-861","571","3854992","-11564660","72303","31967","-2219","30089","181"
"75924.970","41299","24825","15683","445","-1341","-295","-937","571","3855056","-11564807","72169","31961","-2203","29944","223"
"75925.970","41365","24835","15652","425","-1343","-340","-940","570","3855116","-11564957","72047","31960","-2175","29811","281"
"75926.970","41440","24844","15606","397","-1344","-227","-846","570","3855174","-11565107","71934","31955","-2132","29671","308"
"75927.970","41504","24852","15564","378","-1346","-179","-798","570","3855228","-11565258","71830","31951","-2107","29547","336"
"75928.970","41562","24860","15520","363","-1345","-154","-864","570","3855279","-11565414","71731","31949","-2090","29413","363"
"75929.970","41646","24870","15465","328","-1365","-137","-736","571","3855327","-11565569","71626","31942","-2119","29296","346"
"75930.970","41709","24876","15420","298","-1397","-194","-915","572","3855372","-11565728","71532","31936","-2179","29170","324"
"75931.970","41753","24883","15388","292","-1397","-197","-752","571","3855415","-11565887","71464","31935","-2282","29033","319"
"75932.970","41792","24889","15360","295","-1382","-105","-761","571","3855454","-11566048","71403","31935","-2291","28887","311"
"75933.970","41844","24896","15333","290","-1393","-69","-878","571","3855490","-11566211","71336","31933","-2239","28758","303"
"75934.970","41892","24903","15312","289","-1395","-68","-1081","571","3855523","-11566373","71266","31931","-2133","28642","295"
"75935.970","41949","24910","15286","281","-1403","-20","-834","572","3855552","-11566538","71194","31928","-2049","28526","289"
"75936.970","41976","24917","15269","286","-1393","36","-821","572","3855579","-11566704","71132","31930","-2027","28410","300"
"75937.970","42054","24925","15235","264","-1426","68","-752","572","3855602","-11566869","71070","31924","-1982","28300","271"
"75938.970","42109","24931","15218","257","-1437","89","-785","573","3855623","-11567036","71005","31920","-1967","28193","255"
"75939.970","42146","24937","15205","260","-1424","158","-908","572","3855642","-11567204","70940","31920","-1816","28088","246"
"75940.970","42202","24944","15193","257","-1434","142","-936","572","3855658","-11567370","70850","31916","-1681","28008","257"
"75941.970","42249","24951","15183","259","-1434","183","-1023","573","3855672","-11567540","70774","31916","-1672","27916","264"
"75942.970","42306","24959","15171","257","-1449","286","-875","573","3855684","-11567709","70698","31913","-1762","27805","262"
"75943.970","42359","24966","15171","267","-1455","385","-785","573","3855693","-11567878","70622","31911","-1815","27698","257"
"75944.970","42417","24972","15171","277","-1465","413","-865","574","3855700","-11568047","70547","31906","-1799","27588","256"
"75945.970","42470","24979","15151","269","-1471","432","-893","574","3855704","-11568218","70457","31904","-1781","27491","259"
"75946.970","42525","24987","15128","255","-1474","475","-832","574","3855705","-11568387","70367","31902","-1736","27387","260"
"75947.970","42568","24995","15106","247","-1470","576","-932","574","3855704","-11568558","70278","31903","-1695","27285","276"
"75948.970","42615","25002","15089","243","-1471","646","-925","574","3855700","-11568727","70191","31902","-1616","27197","296"
"75949.970","42684","25009","15060","231","-1485","704","-864","574","3855694","-11568897","70108","31896","-1524","27111","290"
"75950.970","42745","25017","15037","222","-1495","717","-837","574","3855686","-11569068","70027","31893","-1526","27032","284"
"75951.970","42785","25024","15028","227","-1483","762","-825","574","3855676","-11569238","69947","31893","-1564","26929","295"
"75952.970","42835","25031","15009","225","-1480","818","-1015","574","3855663","-11569409","69869","31892","-1611","26830","299"
"75953.970","42887","25039","14987","218","-1484","879","-817","574","3855648","-11569578","69794","31890","-1648","26730","296"
"75954.970","42936","25046","14968","214","-1485","912","-1010","574","3855631","-11569748","69734","31890","-1695","26623","291"
"75955.970","42977","25054","14954","216","-1474","905","-994","574","3855612","-11569917","69667","31890","-1759","26512","300"
"75956.970","43025","25060","14940","218","-1462","857","-794","573","3855591","-11570086","69595","31888","-1805","26393","302"
"75957.970","43074","25066","14910","206","-1469","846","-753","574","3855566","-11570256","69512","31886","-1876","26273","301"
"75958.970","43120","25073","14884","198","-1479","840","-860","574","3855539","-11570423","69429","31885","-1952","26155","302"
"75959.970","43163","25079","14863","193","-1484","870","-797","574","3855509","-11570589","69346","31884","-2003","26023","300"
"75960.970","43212","25085","14841","190","-1500","828","-905","575","3855477","-11570757","69263","31880","-2074","25901","301"
"75961.970","43260","25090","14816","183","-1508","813","-1052","575","3855441","-11570922","69180","31877","-2118","25763","299"
"75962.970","43305","25096","14795","180","-1513","775","-1041","575","3855403","-11571087","69092","31875","-2180","25627","304"
"75963.970","43347","25103","14786","186","-1506","719","-949","575","3855361","-11571252","69002","31874","-2211","25478","312"
"75964.970","43398","25110","14771","189","-1501","668","-892","575","3855317","-11571414","68910","31873","-2246","25331","309"
"75965.970","43442","25116","14761","197","-1499","603","-797","575","3855269","-11571575","68817","31872","-2267","25184","320"
"75966.970","43482","25123","14746","198","-1488","563","-933","575","3855217","-11571734","68725","31872","-2257","25033","332"
"75967.970","43550","25132","14716","193","-1494","503","-773","574","3855163","-11571894","68633","31869","-2236","24896","328"
"75968.970","43620","25139","14696","192","-1499","440","-1006","575","3855105","-11572048","68539","31864","-2212","24768","285"
"75969.970","43663","25145","14682","189","-1489","389","-991","575","3855045","-11572204","68441","31863","-2222","24625","281"
"75970.970","43710","25152","14668","188","-1495","342","-880","575","3854982","-11572357","68341","31861","-2230","24491","275"
"75971.970","43753","25158","14661","192","-1493","317","-842","575","3854915","-11572509","68238","31860","-2228","24348","274"
"75972.970","43809","25165","14651","194","-1495","254","-896","575","3854846","-11572658","68133","31857","-2221","24212","273"
"75973.970","43867","25170","14638","179","-1472","201","-923","574","3854773","-11572808","68028","31852","-2206","24064","271"
"75974.970","43926","25177","14626","168","-1455","191","-871","574","3854698","-11572953","67922","31848","-2221","23913","263"
"75975.970","43995","25185","14617","167","-1454","156","-922","574","3854620","-11573097","67815","31844","-2243","23774","247"
"75976.970","44056","25192","14616","163","-1437","105","-806","573","3854539","-11573239","67707","31840","-2263","23623","233"
"75977.970","44111","25199","14618","154","-1411","67","-910","573","3854456","-11573378","67596","31837","-2291","23469","232"
"75978.970","44175","25205","14620","151","-1397","34","-947","572","3854369","-11573516","67484","31832","-2296","23315","224"
"75979.970","44237","25213","14613","145","-1394","-12","-901","572","3854281","-11573651","67369","31829","-2308","23162","218"
"75980.970","44300","25221","14604","140","-1397","-48","-797","572","3854189","-11573783","67268","31826","-2307","23019","218"
"75981.970","44371","25228","14593","130","-1401","-62","-950","572","3854094","-11573912","67151","31821","-2275","22869","210"
"75982.970","44443","25237","14584","121","-1405","-89","-985","573","3853997","-11574039","67033","31818","-2261","22734","196"
"75983.970","44506","25246","14590","120","-1397","-85","-989","572","3853898","-11574163","66928","31817","-2241","22584","201"
"75984.970","44584","25257","14591","118","-1395","-59","-899","572","3853796","-11574286","66822","31814","-2229","22445","196"
"75985.970","44658","25266","14599","120","-1386","-72","-1013","572","3853691","-11574404","66717","31810","-2218","22298","195"
"75986.970","44728","25276","14601","117","-1383","-73","-967","572","3853585","-11574520","66610","31809","-2212","22159","195"
"75987.970","44800","25285","14613","115","-1366","-64","-1022","571","3853476","-11574633","66504","31805","-2188","22015","196"
"75988.970","44876","25292","14623","108","-1347","-73","-1089","571","3853365","-11574743","66383","31798","-2174","21866","190"
"75989.970","44945","25300","14627","105","-1340","-71","-955","571","3853252","-11574849","66265","31795","-2184","21728","194"
"75990.970","45016","25309","14630","102","-1336","-59","-867","570","3853137","-11574953","66147","31792","-2168","21583","192"
"75991.970","45091","25321","14624","99","-1341","-52","-877","571","3853020","-11575054","66030","31791","-2169","21446","193"
"75992.970","45164","25332","14623","95","-1341","-35","-969","571","3852901","-11575151","65909","31790","-2155","21306","193"
"75993.970","45250","25343","14624","105","-1348","-70","-993","571","3852779","-11575246","65796","31788","-2150","21176","176"
"75994.970","45324","25353","14640","116","-1340","-96","-979","571","3852657","-11575338","65671","31785","-2143","21043","169"
"75995.970","45392","25364","14643","118","-1340","-73","-909","571","3852533","-11575423","65545","31785","-2126","20912","165"
"75996.970","45467","25375","14651","124","-1340","-75","-998","571","3852407","-11575507","65425","31784","-2084","20786","162"
"75997.970","45539","25385","14664","132","-1334","-44","-1010","571","3852280","-11575589","65308","31782","-2042","20658","160"
"75998.970","45620","25396","14672","148","-1338","-88","-1035","571","3852151","-11575666","65194","31780","-2013","20544","157"
"75999.970","45702","25408","14676","155","-1342","-115","-809","571","3852021","-11575740","65077","31778","-2002","20420","146"
"76000.970","45786","25419","14682","166","-1349","-72","-746","572","3851890","-11575811","64960","31775","-2051","20298","130"
"76001.970","45863","25430","14695","166","-1345","-88","-835","572","3851757","-11575879","64837","31774","-2097","20167","116"
"76002.970","45929","25441","14713","159","-1332","-65","-816","571","3851624","-11575946","64708","31774","-2041","20026","129"
"76003.970","46003","25452","14719","159","-1332","-75","-871","571","3851488","-11576006","64582","31774","-1930","19920","129"
"76004.970","46086","25464","14720","162","-1338","-108","-788","571","3851352","-11576062","64450","31773","-1769","19813","155"
"76005.970","46171","25476","14720","166","-1345","-36","-718","572","3851215","-11576117","64319","31771","-1650","19727","151"
"76006.970","46261","25488","14725","184","-1351","-96","-792","572","3851077","-11576168","64193","31767","-1619","19637","136"
"76007.970","46319","25498","14736","165","-1339","-81","-971","571","3850937","-11576216","64080","31769","-1506","19538","169"
"76008.970","46407","25511","14727","177","-1352","-82","-925","572","3850798","-11576261","63954","31768","-1513","19458","168"
"76009.970","46474","25518","14732","164","-1347","-79","-1065","572","3850659","-11576303","63833","31764","-1678","19343","178"
"76010.970","46535","25528","14719","136","-1349","6","-1042","572","3850517","-11576344","63736","31764","-1619","19204","201"
"76011.970","46638","25541","14703","169","-1369","-109","-896","573","3850375","-11576381","63636","31760","-1602","19143","184"
"76012.970","46705","25550","14702","157","-1367","-62","-959","573","3850233","-11576416","63534","31759","-1553","19033","169"
"76013.970","46767","25562","14687","144","-1377","-79","-937","573","3850091","-11576447","63431","31761","-1661","18927","190"
"76014.970","46832","25573","14680","144","-1382","-48","-991","573","3849948","-11576477","63328","31762","-1739","18818","189"
"76015.970","46908","25583","14675","138","-1383","-36","-899","573","3849805","-11576503","63221","31761","-1821","18686","186"
"76016.970","46971","25594","14670","139","-1384","-74","-837","573","3849661","-11576524","63115","31761","-1913","18567","195"
"76017.970","47038","25604","14662","128","-1386","-45","-769","573","3849518","-11576542","62991","31761","-1892","18434","200"
"76018.970","47104","25615","14648","129","-1393","-29","-858","574","3849374","-11576557","62879","31761","-1921","18312","212"
"76019.970","47175","25624","14641","130","-1394","-14","-851","574","3849229","-11576569","62767","31760","-1894","18193","216"
"76020.970","47245","25633","14635","124","-1390","4","-891","573","3849085","-11576577","62668","31757","-1872","18072","220"
"76021.970","47318","25641","14628","120","-1389","-19","-754","574","3848940","-11576582","62556","31753","-1873","17954","214"
"76022.970","47387","25646","14635","97","-1374","-21","-796","573","3848796","-11576583","62446","31746","-1762","17836","211"
"76023.970","47446","25650","14638","73","-1363","0","-863","573","3848652","-11576582","62333","31740","-1455","17753","218"
"76024.970","47516","25655","14639","56","-1352","32","-1075","572","3848508","-11576577","62222","31732","-1113","17705","230"
"76025.970","47590","25661","14636","80","-1344","100","-845","572","3848364","-11576568","62124","31726","-1116","17657","234"
"76026.970","47649","25669","14620","91","-1350","91","-765","572","3848220","-11576561","62028","31724","-1165","17586","235"
"76027.970","47710","25677","14599","105","-1357","88","-762","573","3848076","-11576548","61922","31723","-1270","17509","250"
"76028.970","47778","25683","14587","120","-1358","27","-878","573","3847933","-11576535","61817","31718","-1303","17429","238"
"76029.970","47861","25684","14574","139","-1358","101","-706","573","3847789","-11576519","61710","31703","-858","17388","194"
"76030.970","47910","25690","14544","153","-1380","13","-887","574","3847646","-11576503","61601","31701","-690","17402","221"
"76031.970","47974","25697","14530","148","-1386","51","-951","574","3847503","-11576483","61493","31698","-572","17364","226"
"76032.970","48037","25705","14518","164","-1390","33","-912","574","3847360","-11576464","61384","31696","-950","17314","231"
"76033.970","48097","25713","14516","144","-1387","61","-937","574","3847218","-11576442","61271","31694","-1047","17220","233"
"76034.970","48166","25721","14514","170","-1376","41","-857","574","3847076","-11576421","61155","31690","-1347","17139","216"
"76035.970","48222","25728","14515","142","-1372","18","-1134","574","3846933","-11576397","61041","31689","-1344","17040","219"
"76036.970","48290","25737","14511","140","-1366","65","-831","573","3846792","-11576371","60929","31687","-1378","16955","218"
"76037.970","48349","25746","14509","149","-1359","63","-804","573","3846651","-11576340","60819","31687","-1494","16866","226"
"76038.970","48409","25754","14505","139","-1355","74","-869","573","3846510","-11576308","60711","31686","-1546","16753","227"
"76039.970","48476","25763","14500","146","-1348","65","-862","573","3846369","-11576274","60603","31685","-1615","16653","234"
"76040.970","48528","25771","14496","130","-1343","49","-1041","573","3846229","-11576236","60495","31685","-1654","16536","252"
"76041.970","48603","25781","14479","140","-1343","35","-911","573","3846090","-11576197","60391","31682","-1701","16430","242"
"76042.970","48651","25791","14462","136","-1347","7","-892","573","3845952","-11576152","60287","31686","-1827","16298","269"
"76043.970","48707","25799","14443","136","-1347","22","-770","573","3845814","-11576107","60194","31686","-1832","16173","274"
"76044.970","48777","25808","14425","149","-1345","-66","-789","573","3845677","-11576056","60103","31684","-2074","16043","263"
"76045.970","48825","25817","14411","131","-1348","-23","-865","573","3845541","-11576003","60006","31685","-2032","15884","259"
"76046.970","48885","25826","14388","145","-1349","-6","-870","573","3845406","-11575946","59907","31685","-2051","15768","258"
"76047.970","48942","25833","14368","143","-1355","20","-847","573","3845272","-11575885","59806","31684","-2044","15627","253"
"76048.970","49003","25840","14330","145","-1379","77","-994","574","3845139","-11575822","59703","31681","-2048","15490","248"
"76049.970","49065","25848","14304","147","-1392","39","-968","575","3845009","-11575753","59601","31680","-2032","15359","248"
"76050.970","49124","25857","14287","141","-1399","50","-927","575","3844878","-11575684","59498","31679","-2007","15222","248"
"76051.970","49182","25862","14262","147","-1408","67","-870","575","3844751","-11575608","59394","31675","-1997","15094","253"
"76052.970","49247","25868","14257","133","-1407","-8","-803","575","3844624","-11575531","59291","31671","-1967","14963","253"
"76053.970","49303","25877","14249","131","-1402","66","-813","575","3844498","-11575451","59187","31672","-1959","14828","257"
"76054.970","49361","25885","14249","118","-1394","67","-765","575","3844375","-11575367","59089","31670","-1952","14701","272"
"76055.970","49421","25892","14241","99","-1394","-66","-897","575","3844253","-11575278","58994","31668","-1935","14563","283"
"76056.970","49483","25901","14235","93","-1383","5","-1070","575","3844132","-11575188","58899","31667","-2040","14423","285"
"76057.970","49542","25905","14247","63","-1368","-52","-689","574","3844014","-11575096","58807","31661","-2123","14270","290"
"76058.970","49592","25916","14227","55","-1370","-70","-804","574","3843898","-11574998","58716","31665","-2119","14113","296"
"76059.970","49658","25925","14218","47","-1363","-20","-648","574","3843784","-11574898","58634","31665","-2090","13987","298"
"76060.970","49716","25926","14221","11","-1361","-71","-790","574","3843672","-11574797","58554","31656","-2066","13831","296"
"76061.970","49802","25934","14220","25","-1322","-46","-730","572","3843562","-11574691","58469","31649","-2171","13712","238"
"76062.970","49870","25943","14210","18","-1325","-181","-804","573","3843454","-11574584","58373","31648","-2308","13546","219"
"76063.970","49907","25953","14196","-14","-1360","-110","-907","574","3843347","-11574472","58271","31654","-2324","13375","226"
"76064.970","49979","25962","14196","-14","-1346","-100","-831","574","3843244","-11574359","58167","31652","-2230","13236","208"
"76065.970","50041","25970","14206","-39","-1347","-42","-952","573","3843143","-11574242","58061","31650","-2199","13092","207"
"76066.970","50117","25980","14198","-31","-1339","-62","-793","573","3843044","-11574123","57954","31649","-2249","12944","187"
"76067.970","50185","25988","14205","-44","-1338","-91","-865","573","3842949","-11574000","57842","31647","-2285","12794","175"
"76068.970","50244","25996","14217","-67","-1341","-56","-896","573","3842855","-11573877","57725","31645","-2232","12627","183"
"76069.970","50322","26001","14223","-86","-1346","-39","-820","574","3842764","-11573748","57605","31637","-2263","12480","193"
"76070.970","50383","26005","14222","-89","-1345","45","-964","574","3842677","-11573617","57488","31632","-2614","12276","200"
"76071.970","50463","26013","14231","-103","-1336","82","-905","574","3842592","-11573485","57374","31627","-2836","12056","171"
"76072.970","50530","26021","14245","-123","-1334","71","-948","573","3842511","-11573348","57259","31625","-2845","11850","156"
"76073.970","50611","26032","14247","-132","-1332","58","-1280","573","3842434","-11573209","57141","31623","-2767","11667","154"
"76074.970","50696","26040","14250","-134","-1330","64","-1074","573","3842360","-11573068","57021","31618","-2829","11486","128"
"76075.970","50776","26049","14267","-152","-1328","114","-858","574","3842291","-11572924","56898","31614","-2785","11285","104"
"76076.970","50861","26056","14300","-174","-1307","137","-867","573","3842225","-11572779","56772","31608","-2820","11112","88"
"76077.970","50949","26064","14333","-197","-1295","196","-873","573","3842162","-11572629","56643","31603","-2744","10925","69"
"76078.970","51045","26077","14343","-195","-1285","141","-779","572","3842104","-11572478","56512","31600","-2852","10744","50"
"76079.970","51131","26089","14367","-204","-1280","165","-910","572","3842049","-11572327","56372","31600","-2891","10542","21"
"76080.970","51230","26099","14395","-219","-1282","146","-806","572","3842049","-11572327","56372","31595","-2909","10346","-1"
"76081.970","51314","26106","14437","-249","-1293","106","-1069","573","3841998","-11572172","56227","31589","-2728","10161","1"
"76082.970","51416","26118","14457","-251","-1284","85","-770","573","3841952","-11572016","56076","31585","-2704","9987","1"
"76083.970","51477","26131","14478","-261","-1298","-8","-783","574","3841910","-11571858","55922","31590","-2616","9779","65"
"76084.970","51580","26144","14487","-267","-1301","-27","-956","574","3841871","-11571699","55767","31588","-2475","9614","82"
"76085.970","51681","26156","14495","-271","-1301","-84","-1047","574","3841837","-11571540","55619","31585","-2303","9461","116"
"76086.970","51775","26168","14492","-272","-1302","-45","-909","574","3841808","-11571379","55479","31583","-2095","9326","134"
"76087.970","51873","26180","14485","-268","-1308","-28","-965","574","3841781","-11571218","55347","31580","-2052","9206","151"
"76088.970","51961","26189","14478","-267","-1314","-21","-884","574","3841760","-11571054","55227","31576","-2020","9056","147"
"76089.970","52037","26199","14466","-262","-1317","-40","-834","574","3841741","-11570893","55113","31575","-2046","8928","159"
"76090.970","52099","26209","14457","-263","-1321","-41","-942","575","3841726","-11570732","55002","31576","-2015","8772","208"
"76091.970","52197","26219","14442","-260","-1310","-45","-955","574","3841713","-11570568","54895","31572","-1907","8668","179"
"76092.970","52277","26228","14440","-270","-1298","-61","-792","573","3841704","-11570407","54791","31568","-1757","8563","175"
"76093.970","52351","26236","14437","-277","-1302","-64","-990","574","3841697","-11570244","54689","31565","-1621","8463","181"
"76094.970","52426","26244","14431","-282","-1297","-80","-987","574","3841694","-11570083","54589","31561","-1522","8380","185"
"76095.970","52499","26252","14423","-285","-1300","-68","-989","574","3841692","-11569922","54490","31558","-1471","8289","186"
"76096.970","52567","26260","14409","-283","-1304","-65","-881","574","3841693","-11569761","54389","31557","-1404","8200","188"
"76097.970","52637","26269","14394","-279","-1304","-51","-958","574","3841696","-11569602","54286","31556","-1281","8129","188"
"76098.970","52715","26275","14385","-281","-1297","-11","-885","574","3841700","-11569442","54183","31549","-1219","8063","176"
"76099.970","52789","26282","14362","-271","-1266","-19","-811","573","3841706","-11569282","54078","31544","-1286","7988","162"
"76100.970","52859","26288","14358","-277","-1245","-15","-786","572","3841714","-11569122","53968","31541","-1309","7920","155"
"76101.970","52937","26289","14351","-278","-1232","24","-1141","572","3841724","-11568963","53856","31528","-1216","7852","139"
"76102.970","53010","26288","14332","-267","-1208","36","-876","571","3841736","-11568804","53742","31515","-1279","7785","140"
"76103.970","53088","26290","14337","-274","-1200","4","-745","571","3841749","-11568648","53625","31504","-1336","7703","131"
"76104.970","53169","26297","14325","-269","-1180","-29","-769","571","3841763","-11568491","53515","31498","-1357","7620","121"
"76105.970","53246","26302","14333","-279","-1178","-92","-705","571","3841780","-11568332","53402","31491","-1292","7553","121"
"76106.970","53325","26308","14339","-284","-1191","-114","-893","571","3841798","-11568177","53285","31485","-1191","7475","123"
"76107.970","53408","26317","14335","-284","-1182","-177","-905","571","3841819","-11568021","53167","31482","-1212","7414","127"
"76108.970","53490","26326","14340","-291","-1178","-205","-750","571","3841841","-11567865","53049","31479","-1366","7317","122"
"76109.970","53572","26335","14348","-300","-1184","-267","-855","571","3841864","-11567711","52930","31477","-1472","7219","123"
"76110.970","53650","26345","14356","-311","-1187","-302","-772","571","3841890","-11567558","52810","31475","-1478","7125","132"
"76111.970","53734","26354","14350","-314","-1173","-351","-870","571","3841916","-11567403","52689","31471","-1491","7034","134"
"76112.970","53817","26363","14340","-312","-1159","-358","-972","571","3841946","-11567252","52570","31468","-1508","6939","135"
"76113.970","53898","26373","14340","-318","-1159","-365","-834","571","3841977","-11567099","52451","31467","-1517","6847","138"
"76114.970","53975","26383","14343","-326","-1160","-343","-902","571","3842011","-11566950","52330","31466","-1513","6750","139"
"76115.970","54056","26394","14346","-335","-1158","-304","-821","571","3842046","-11566799","52207","31465","-1516","6657","140"
"76116.970","54128","26403","14337","-333","-1153","-218","-912","571","3842084","-11566650","52096","31464","-1528","6558","143"
"76117.970","54210","26408","14315","-326","-1132","-195","-856","570","3842124","-11566503","51994","31457","-1568","6464","144"
"76118.970","54284","26417","14304","-319","-1131","-139","-1031","569","3842164","-11566357","51883","31455","-1577","6362","148"
"76119.970","54350","26425","14295","-316","-1141","-79","-984","570","3842208","-11566212","51773","31453","-1567","6249","200"
"76120.970","54432","26433","14290","-337","-1119","-122","-923","570","3842254","-11566069","51668","31449","-1548","6165","196"
"76121.970","54504","26442","14273","-342","-1105","-126","-781","569","3842301","-11565925","51564","31449","-1529","6072","210"
"76122.970","54590","26448","14267","-372","-1070","-176","-822","568","3842350","-11565784","51463","31442","-1657","5971","188"
"76123.970","54639","26458","14242","-353","-1082","-162","-876","569","3842402","-11565645","51366","31445","-1771","5843","217"
"76124.970","54714","26465","14221","-357","-1071","-206","-727","568","3842455","-11565509","51267","31441","-1591","5748","205"
"76125.970","54790","26475","14215","-372","-1068","-233","-845","568","3842511","-11565370","51170","31441","-1372","5681","209"
"76126.970","54862","26485","14197","-368","-1071","-151","-819","568","3842568","-11565237","51071","31441","-1244","5612","207"
"76127.970","54933","26493","14172","-365","-1058","-120","-908","568","3842627","-11565104","50974","31439","-1274","5537","207"
"76128.970","55001","26502","14153","-361","-1056","-112","-890","568","3842687","-11564972","50876","31438","-1351","5449","202"
"76129.970","55075","26510","14132","-357","-1049","-109","-818","567","3842750","-11564843","50783","31436","-1422","5353","200"
"76130.970","55141","26519","14110","-350","-1044","-92","-826","567","3842812","-11564714","50690","31435","-1454","5259","196"
"76131.970","55209","26528","14094","-346","-1044","-70","-984","567","3842877","-11564587","50596","31435","-1439","5166","194"
"76132.970","55278","26536","14078","-334","-1052","-64","-916","568","3842943","-11564463","50501","31433","-1386","5078","196"
"76133.970","55348","26541","14050","-312","-1056","-19","-803","567","3843012","-11564339","50397","31428","-1275","4996","202"
"76134.970","55418","26546","14022","-299","-1048","39","-825","567","3843081","-11564218","50301","31423","-1177","4928","205"
"76135.970","55490","26551","14009","-290","-1055","98","-770","567","3843152","-11564098","50206","31416","-1132","4856","206"
"76136.970","55561","26554","13979","-279","-1044","122","-779","567","3843223","-11563979","50111","31408","-1156","4782","207"
"76137.970","55627","26556","13942","-257","-1031","141","-745","566","3843297","-11563860","50017","31401","-1194","4706","208"
"76138.970","55699","26560","13918","-259","-1011","133","-1001","565","3843371","-11563745","49924","31394","-1228","4628","197"
"76139.970","55769","26567","13900","-254","-1004","132","-914","565","3843446","-11563630","49830","31391","-1299","4548","193"
"76140.970","55829","26572","13875","-231","-1005","157","-902","565","3843522","-11563517","49735","31387","-1442","4444","207"
"76141.970","55891","26576","13841","-208","-996","187","-934","564","3843600","-11563407","49639","31382","-1628","4322","223"
"76142.970","55954","26582","13834","-208","-1006","199","-905","565","3843679","-11563298","49534","31379","-1754","4186","233"
"76143.970","56021","26590","13822","-215","-1007","144","-882","565","3843760","-11563189","49430","31378","-1795","4060","241"
"76144.970","56080","26598","13803","-210","-1011","72","-973","565","3843842","-11563085","49328","31378","-1696","3942","261"
"76145.970","56150","26606","13786","-221","-1010","54","-767","565","3843927","-11562982","49228","31376","-1595","3845","272"
"76146.970","56219","26614","13775","-240","-1006","37","-765","565","3844012","-11562883","49131","31374","-1633","3752","268"
"76147.970","56274","26622","13765","-250","-1012","65","-993","565","3844100","-11562784","49039","31374","-1738","3624","282"
"76148.970","56326","26628","13744","-256","-1011","85","-837","566","3844188","-11562690","48950","31374","-1836","3497","299"
"76149.970","56382","26634","13718","-260","-1008","92","-916","566","3844278","-11562598","48863","31372","-1838","3363","307"
"76150.970","56437","26641","13690","-267","-1005","43","-1011","565","3844370","-11562509","48780","31371","-1794","3246","319"
"76151.970","56491","26647","13654","-258","-1002","-11","-873","566","3844462","-11562423","48699","31369","-1729","3131","333"
"76152.970","56548","26652","13622","-262","-1000","-8","-855","565","3844556","-11562339","48621","31367","-1669","3021","338"
"76153.970","56622","26656","13602","-292","-989","-24","-760","565","3844651","-11562260","48547","31360","-1633","2937","277"
"76154.970","56675","26662","13577","-286","-988","24","-966","565","3844747","-11562183","48471","31358","-1719","2816","265"
"76155.970","56739","26668","13551","-276","-982","26","-818","565","3844844","-11562109","48392","31355","-1880","2691","223"
"76156.970","56797","26675","13533","-244","-991","59","-859","565","3844942","-11562036","48307","31354","-1962","2539","207"
"76157.970","56859","26683","13522","-236","-995","-4","-842","565","3845041","-11561968","48215","31353","-1891","2414","207"
"76158.970","56929","26692","13510","-237","-991","5","-816","565","3845142","-11561901","48119","31354","-1749","2303","210"
"76159.970","56998","26701","13505","-262","-984","63","-818","565","3845243","-11561838","48020","31354","-1729","2200","220"
"76160.970","57071","26709","13495","-277","-975","57","-826","565","3845345","-11561778","47926","31351","-1741","2095","215"
"76161.970","57144","26715","13487","-281","-974","80","-894","565","3845449","-11561722","47831","31346","-1738","1968","214"
"76162.970","57218","26722","13481","-291","-973","67","-892","565","3845553","-11561666","47735","31343","-1775","1855","212"
"76163.970","57292","26730","13473","-306","-968","31","-816","565","3845658","-11561617","47638","31341","-1762","1738","212"
"76164.970","57366","26735","13468","-322","-967","41","-849","565","3845763","-11561568","47539","31335","-1742","1629","211"
"76165.970","57442","26742","13456","-327","-961","83","-915","565","3845870","-11561525","47439","31332","-1690","1523","210"
"76166.970","57517","26750","13453","-328","-965","111","-826","565","3845977","-11561482","47336","31329","-1630","1414","211"
"76167.970","57590","26756","13435","-328","-954","152","-910","565","3846085","-11561444","47232","31325","-1580","1315","211"
"76168.970","57666","26763","13432","-327","-959","122","-832","565","3846193","-11561408","47128","31322","-1520","1212","211"
"76169.970","57737","26773","13432","-330","-966","112","-950","565","3846303","-11561375","47022","31323","-1480","1116","214"
"76170.970","57809","26778","13428","-306","-974","109","-848","565","3846412","-11561344","46917","31317","-1452","1019","219"
"76171.970","57884","26775","13425","-249","-990","51","-936","565","3846521","-11561315","46811","31302","-1422","899","223"
"76172.970","57956","26780","13406","-215","-988","-14","-855","565","3846631","-11561292","46705","31296","-1442","779","226"
"76173.970","58029","26788","13392","-216","-983","-42","-788","565","3846741","-11561268","46600","31294","-1478","683","230"
"76174.970","58103","26796","13390","-209","-991","-38","-874","565","3846851","-11561248","46495","31292","-1497","580","230"
"76175.970","58176","26805","13380","-204","-993","23","-948","565","3846963","-11561232","46390","31291","-1497","471","225"
"76176.970","58249","26814","13383","-203","-1005","25","-1125","566","3847073","-11561215","46289","31291","-1475","379","223"
"76177.970","58321","26819","13383","-188","-1015","34","-910","566","3847184","-11561204","46188","31286","-1434","278","222"
"76178.970","58390","26825","13377","-161","-1020","31","-976","566","3847295","-11561194","46087","31282","-1392","179","223"
"76179.970","58465","26833","13382","-155","-1035","51","-1084","567","3847406","-11561188","45991","31280","-1365","82","213"
"76180.970","58544","26837","13398","-124","-1058","37","-766","568","3847517","-11561183","45896","31273","-1348","35995","198"
"76181.970","58619","26843","13404","-94","-1070","81","-921","568","3847628","-11561180","45794","31269","-1335","35882","188"
"76182.970","58698","26850","13393","-84","-1064","136","-949","568","3847740","-11561180","45692","31265","-1377","35798","181"
"76183.970","58768","26858","13391","-62","-1066","51","-925","568","3847851","-11561183","45589","31263","-1360","35692","197"
"76184.970","58845","26868","13401","-57","-1082","-4","-900","568","3847962","-11561189","45484","31263","-1362","35600","202"
"76185.970","58923","26873","13402","-51","-1090","-11","-810","569","3848073","-11561194","45381","31257","-1343","35511","206"
"76186.970","58999","26877","13382","-62","-1078","18","-902","569","3848183","-11561205","45280","31251","-1343","35418","203"
"76187.970","59076","26881","13369","-91","-1076","-46","-905","568","3848293","-11561219","45179","31244","-1357","35346","205"
"76188.970","59148","26890","13359","-92","-1073","-51","-953","568","3848404","-11561233","45079","31243","-1311","35264","204"
"76189.970","59225","26898","13356","-90","-1077","-97","-911","568","3848514","-11561249","44979","31241","-1231","35182","199"
"76190.970","59297","26913","13361","-71","-1086","-150","-981","569","3848623","-11561270","44878","31247","-1127","35117","205"
"76191.970","59375","26926","13374","-35","-1100","-14","-861","569","3848732","-11561290","44778","31250","-1005","35037","203"
"76192.970","59452","26930","13360","-62","-1099","86","-1182","569","3848841","-11561314","44678","31243","-1046","34981","206"
"76193.970","59523","26933","13349","-75","-1096","141","-802","569","3848950","-11561338","44579","31237","-1104","34926","212"
"76194.970","59597","26938","13351","-67","-1106","130","-869","570","3849059","-11561365","44481","31230","-1102","34835","210"
"76195.970","59671","26945","13342","-70","-1107","-16","-1350","570","3849167","-11561395","44385","31228","-1161","34769","219"
"76196.970","59743","26955","13344","-57","-1117","-151","-792","570","3849275","-11561425","44289","31228","-1165","34684","228"
"76197.970","59816","26965","13342","-44","-1125","-64","-1030","571","3849382","-11561457","44195","31229","-1185","34599","228"
"76198.970","59888","26973","13331","-47","-1125","28","-852","571","3849490","-11561492","44098","31228","-1204","34523","227"
"76199.970","59961","26980","13321","-54","-1128","8","-895","571","3849597","-11561529","44001","31225","-1209","34441","227"
"76200.970","60034","26984","13304","-72","-1128","17","-935","571","3849703","-11561568","43899","31220","-1145","34376","229"
"76201.970","60103","26992","13294","-81","-1133","-111","-863","571","3849809","-11561608","43797","31219","-980","34329","237"
"76202.970","60176","27001","13288","-71","-1138","-76","-925","571","3849914","-11561650","43697","31218","-765","34290","245"
"76203.970","60257","27006","13284","-80","-1151","36","-988","572","3850018","-11561693","43607","31212","-558","34275","237"
"76204.970","60323","27014","13269","-76","-1148","-5","-817","572","3850122","-11561738","43519","31210","-400","34275","245"
"76205.970","60394","27018","13256","-80","-1150","61","-816","572","3850226","-11561783","43432","31206","-311","34265","244"
"76206.970","60472","27023","13267","-105","-1180","69","-939","573","3850330","-11561832","43345","31200","-330","34259","196"
"76207.970","60546","27025","13279","-101","-1199","124","-839","574","3850433","-11561878","43258","31190","-362","34240","185"
"76208.970","60622","27028","13311","-98","-1237","103","-740","575","3850536","-11561924","43169","31183","-417","34220","166"
"76209.970","60696","27037","13309","-84","-1234","0","-869","575","3850640","-11561970","43078","31183","-443","34200","176"
"76210.970","60779","27045","13312","-97","-1244","6","-855","576","3850743","-11562018","42984","31179","-407","34178","152"
"76211.970","60859","27055","13307","-89","-1238","-55","-785","576","3850845","-11562068","42887","31179","-333","34171","157"
"76212.970","60941","27064","13308","-81","-1236","33","-948","575","3850948","-11562115","42786","31178","-226","34165","147"
"76213.970","61023","27074","13320","-71","-1246","61","-806","576","3851050","-11562165","42683","31177","-122","34172","146"
"76214.970","61105","27084","13325","-81","-1257","-37","-872","576","3851153","-11562213","42579","31176","-145","34181","155"
"76215.970","61194","27094","13327","-83","-1259","-95","-1050","576","3851255","-11562263","42474","31176","-229","34169","143"
"76216.970","61279","27104","13330","-88","-1265","-137","-797","576","3851357","-11562313","42369","31174","-304","34142","140"
"76217.970","61364","27114","13332","-105","-1273","-238","-850","577","3851460","-11562361","42264","31174","-386","34142","139"
"76218.970","61450","27125","13332","-96","-1269","-228","-743","577","3851562","-11562413","42157","31174","-390","34111","138"
"76219.970","61537","27136","13326","-97","-1264","-251","-806","576","3851664","-11562461","42049","31174","-441","34090","141"
"76220.970","61620","27147","13328","-91","-1264","-321","-947","577","3851767","-11562513","41941","31175","-453","34066","148"
"76221.970","61708","27157","13348","-87","-1286","-269","-769","577","3851868","-11562564","41833","31173","-494","34035","152"
"76222.970","61792","27164","13352","-95","-1296","-239","-867","578","3851970","-11562615","41725","31169","-528","34011","156"
"76223.970","61875","27171","13313","-107","-1263","-237","-1033","576","3852071","-11562667","41619","31165","-548","33979","164"
"76224.970","61961","27181","13309","-105","-1260","-157","-889","577","3852172","-11562720","41514","31164","-576","33946","164"
"76225.970","62043","27191","13306","-110","-1264","-136","-835","577","3852273","-11562775","41410","31164","-605","33911","170"
"76226.970","62127","27193","13273","-121","-1237","-120","-827","576","3852374","-11562830","41308","31154","-689","33870","173"
"76227.970","62207","27199","13244","-116","-1209","-49","-897","575","3852475","-11562884","41208","31150","-948","33796","182"
"76228.970","62279","27198","13217","-97","-1179","-39","-940","574","3852575","-11562942","41109","31138","-1254","33683","200"
"76229.970","62352","27189","13165","-78","-1122","-42","-933","572","3852675","-11563000","41012","31118","-1432","33548","203"
"76230.970","62430","27196","13134","-79","-1100","-42","-847","571","3852774","-11563060","40904","31114","-1473","33431","203"
"76231.970","62508","27203","13124","-83","-1101","-33","-907","571","3852873","-11563124","40803","31111","-1488","33340","210"
"76232.970","62588","27208","13107","-100","-1101","25","-903","571","3852970","-11563188","40704","31105","-1504","33232","205"
"76233.970","62666","27214","13090","-111","-1098","-27","-868","571","3853066","-11563254","40603","31101","-1593","33134","210"
"76234.970","62745","27220","13084","-118","-1106","-53","-841","571","3853161","-11563324","40508","31097","-1664","33010","204"
"76235.970","62823","27227","13069","-125","-1104","-93","-804","571","3853255","-11563395","40413","31094","-1778","32889","199"
"76236.970","62891","27236","13055","-124","-1097","-59","-834","571","3853348","-11563470","40315","31095","-1833","32750","208"
"76237.970","62963","27243","13043","-122","-1094","-49","-815","571","3853439","-11563549","40217","31093","-1822","32616","214"
"76238.970","63043","27251","13028","-120","-1088","-59","-872","571","3853529","-11563629","40117","31090","-1761","32495","222"
"76239.970","63122","27261","13013","-129","-1092","-86","-859","571","3853618","-11563713","40013","31090","-1729","32374","222"
"76240.970","63199","27271","12993","-141","-1090","-148","-1035","571","3853705","-11563797","39911","31091","-1733","32265","231"
"76241.970","63271","27281","12971","-154","-1089","-175","-911","571","3853791","-11563885","39811","31093","-1803","32133","247"
"76242.970","63350","27290","12947","-165","-1086","-217","-952","571","3853875","-11563977","39714","31092","-1946","31993","246"
"76243.970","63418","27298","12931","-163","-1083","-277","-912","571","3853957","-11564070","39620","31092","-2006","31832","255"
"76244.970","63487","27308","12911","-169","-1084","-237","-951","571","3854037","-11564165","39523","31093","-1971","31688","262"
"76245.970","63560","27315","12892","-171","-1083","-198","-963","571","3854116","-11564265","39428","31092","-1938","31559","264"
"76246.970","63632","27322","12873","-167","-1075","-116","-882","571","3854192","-11564368","39343","31089","-1974","31410","261"
"76247.970","63707","27328","12854","-157","-1060","-38","-891","570","3854267","-11564472","39261","31086","-2041","31254","254"
"76248.970","63780","27335","12835","-153","-1049","-24","-967","570","3854339","-11564577","39184","31083","-1988","31100","247"
"76249.970","63848","27342","12807","-160","-1039","-46","-903","569","3854409","-11564687","39094","31082","-1989","30955","260"
"76250.970","63919","27347","12785","-165","-1035","-146","-906","569","3854477","-11564798","39002","31078","-1988","30812","269"
"76251.970","63992","27351","12758","-170","-1028","-264","-1048","569","3854542","-11564912","38909","31072","-1975","30664","273"
"76252.970","64068","27353","12737","-166","-1018","-432","-855","569","3854605","-11565028","38820","31064","-1966","30525","272"
"76253.970","64133","27344","12707","-153","-978","-545","-857","567","3854666","-11565145","38728","31044","-1938","30369","283"
"76254.970","64203","27336","12683","-120","-920","-680","-847","564","3854724","-11565267","38636","31026","-1819","30210","289"
"76255.970","64274","27332","12682","-83","-897","-584","-959","563","3854781","-11565387","38547","31011","-1685","30073","292"
"76256.970","64361","27333","12675","-76","-904","-356","-734","563","3854835","-11565512","38460","31001","-1636","29980","241"
"76257.970","64434","27339","12656","-83","-892","-246","-772","562","3854887","-11565635","38372","30997","-1722","29847","224"
"76258.970","64509","27347","12637","-90","-878","-105","-915","562","3854937","-11565763","38281","30995","-1762","29722","196"
"76259.970","64598","27354","12632","-89","-865","-53","-942","561","3854985","-11565889","38185","30991","-1732","29597","179"
"76260.970","64681","27362","12624","-93","-853","1","-928","561","3855031","-11566019","38086","30989","-1764","29467","160"
"76261.970","64765","27370","12618","-102","-846","11","-993","561","3855074","-11566150","37983","30987","-1851","29332","154"
"76262.970","64841","27380","12601","-120","-838","-35","-925","560","3855116","-11566282","37877","30988","-1784","29184","177"
"76263.970","64931","27389","12592","-127","-832","-106","-910","560","3855156","-11566415","37769","30985","-1673","29077","184"
"76264.970","65021","27396","12580","-138","-826","-91","-922","560","3855192","-11566549","37658","30982","-1567","28972","188"
"76265.970","65112","27405","12575","-140","-820","-176","-888","560","3855227","-11566684","37548","30979","-1548","28861","186"
"76266.970","65206","27413","12577","-140","-822","-245","-857","560","3855259","-11566823","37438","30975","-1563","28757","168"
"76267.970","65300","27422","12576","-144","-834","-395","-853","560","3855289","-11566961","37337","30973","-1510","28651","173"
"76268.970","65393","27431","12576","-145","-839","-568","-833","561","3855317","-11567099","37226","30971","-1490","28558","183"
"76269.970","65474","27439","12580","-141","-839","-549","-1159","561","3855343","-11567238","37107","30968","-1452","28451","194"
"76270.970","65557","27448","12579","-138","-833","-532","-796","560","3855367","-11567379","36989","30967","-1515","28340","213"
"76271.970","65643","27459","12594","-121","-843","-392","-864","561","3855389","-11567519","36873","30968","-1559","28216","223"
"76272.970","65732","27468","12590","-117","-833","-248","-792","561","3855409","-11567662","36759","30967","-1610","28101","212"
"76273.970","65816","27477","12588","-109","-815","-304","-866","559","3855426","-11567803","36649","30965","-1641","27964","218"
"76274.970","65902","27486","12572","-117","-813","-261","-773","560","3855442","-11567947","36542","30964","-1671","27839","212"
"76275.970","65986","27494","12583","-102","-816","-227","-762","559","3855455","-11568090","36440","30962","-1658","27725","213"
"76276.970","66069","27503","12588","-94","-827","-117","-843","560","3855467","-11568234","36338","30961","-1641","27604","206"
"76277.970","66145","27511","12588","-88","-832","-123","-684","561","3855475","-11568379","36236","30959","-1644","27493","221"
"76278.970","66227","27518","12576","-92","-823","-195","-855","560","3855482","-11568524","36158","30957","-1607","27370","229"
"76279.970","66310","27527","12544","-114","-816","-106","-852","559","3855487","-11568668","36067","30955","-1644","27248","225"
"76280.970","66387","27531","12506","-145","-803","-130","-940","559","3855488","-11568812","35970","30949","-1725","27119","228"
"76281.970","66460","27540","12491","-149","-810","-49","-666","559","3855488","-11568958","35869","30950","-1804","26967","242"
"76282.970","66545","27551","12516","-115","-798","-58","-805","559","3855484","-11569103","35770","30951","-1838","26838","239"
"76283.970","66617","27549","12548","-69","-759","-207","-831","557","3855478","-11569248","35670","30939","-1751","26681","263"
"76284.970","66695","27551","12540","-62","-751","-19","-724","556","3855469","-11569393","35569","30931","-1665","26564","266"
"76285.970","66768","27560","12492","-96","-748","-9","-751","557","3855458","-11569536","35467","30932","-1611","26454","270"
"76286.970","66841","27560","12448","-131","-707","55","-752","554","3855444","-11569681","35371","30922","-1622","26324","269"
"76287.970","66915","27562","12416","-150","-678","-136","-909","553","3855427","-11569824","35276","30915","-1621","26176","268"
"76288.970","66992","27576","12418","-126","-715","-344","-666","553","3855409","-11569967","35180","30920","-1701","26072","253"
"76289.970","67057","27584","12439","-96","-733","260","-751","555","3855387","-11570111","35083","30921","-1698","25969","262"
"76290.970","67141","27593","12410","-116","-743","674","-906","556","3855364","-11570253","34989","30919","-1645","25837","215"
"76291.970","67221","27603","12391","-132","-749","746","-900","557","3855338","-11570394","34897","30920","-1736","25733","195"
"76292.970","67290","27619","12366","-150","-758","336","-781","558","3855310","-11570536","34804","30929","-1696","25595","215"
"76293.970","67362","27633","12342","-162","-771","219","-898","559","3855279","-11570674","34709","30936","-1866","25464","239"
"76294.970","67438","27642","12352","-144","-772","122","-832","558","3855247","-11570814","34614","30935","-1997","25300","246"
"76295.970","67511","27642","12382","-91","-791","11","-827","558","3855211","-11570954","34519","30926","-2070","25137","256"
"76296.970","67589","27645","12375","-81","-802","-43","-814","559","3855174","-11571092","34416","30919","-2096","24995","274"
"76297.970","67665","27646","12422","-11","-806","9","-639","559","3855132","-11571227","34314","30910","-2069","24830","265"
"76298.970","67746","27652","12401","-15","-815","201","-720","561","3855089","-11571363","34212","30906","-2085","24701","254"
"76299.970","67815","27660","12375","-34","-799","-69","-693","559","3855042","-11571496","34108","30907","-1999","24522","280"
"76300.970","67885","27663","12417","45","-819","9","-750","559","3854993","-11571627","34013","30900","-2030","24391","286"
"76301.970","67957","27670","12383","27","-817","-117","-714","561","3854941","-11571758","33924","30899","-2089","24243","312"
"76302.970","68024","27675","12367","14","-771","-254","-867","559","3854885","-11571887","33834","30896","-2079","24044","312"
"76303.970","68087","27682","12330","-9","-755","-163","-730","557","3854828","-11572013","33744","30895","-2187","23871","325"
"76304.970","68153","27690","12303","8","-786","-136","-842","560","3854767","-11572137","33660","30896","-2202","23689","317"
"76305.970","68216","27701","12263","-12","-785","-320","-739","558","3854704","-11572258","33577","30900","-2232","23535","330"
"76306.970","68285","27710","12261","17","-785","-294","-735","559","3854638","-11572377","33489","30901","-2199","23355","311"
"76307.970","68369","27716","12249","8","-762","-79","-771","558","3854569","-11572494","33397","30896","-2170","23210","288"
"76308.970","68451","27719","12251","31","-770","94","-755","557","3854498","-11572609","33306","30889","-2121","23058","201"
"76309.970","68522","27727","12201","-3","-797","-89","-667","560","3854425","-11572721","33210","30890","-2320","22896","202"
"76310.970","68600","27740","12199","-4","-796","-179","-791","559","3854349","-11572831","33108","30894","-2339","22697","202"
"76311.970","68680","27750","12191","13","-823","13","-706","560","3854271","-11572938","33001","30895","-2341","22533","180"
"76312.970","68763","27759","12217","14","-786","-36","-792","558","3854190","-11573043","32891","30893","-2249","22356","192"
"76313.970","68855","27769","12222","19","-777","-146","-679","558","3854106","-11573142","32781","30893","-2160","22188","187"
"76314.970","68947","27780","12228","12","-762","-77","-747","557","3854021","-11573241","32667","30894","-2093","22036","187"
"76315.970","69040","27789","12271","55","-741","215","-652","557","3853933","-11573334","32567","30892","-2076","21866","184"
"76316.970","69134","27801","12235","22","-757","-118","-861","558","3853843","-11573427","32468","30893","-2043","21727","188"
"76317.970","69224","27812","12195","-1","-791","12","-839","560","3853751","-11573516","32370","30894","-1865","21577","176"
"76318.970","69323","27824","12192","25","-812","-184","-843","560","3853658","-11573603","32258","30894","-1907","21459","175"
"76319.970","69408","27832","12218","48","-801","-160","-697","559","3853562","-11573686","32145","30893","-1881","21331","184"
"76320.970","69505","27842","12252","21","-743","-203","-673","557","3853465","-11573767","32031","30892","-1731","21194","159"
"76321.970","69589","27852","12258","-13","-714","-360","-893","555","3853367","-11573844","31916","30892","-1637","21043","185"
"76322.970","69684","27862","12233","41","-779","-3","-637","560","3853267","-11573921","31812","30891","-1628","20947","147"
"76323.970","69784","27866","12341","140","-717","-9","-748","556","3853166","-11573993","31709","30882","-1705","20869","166"
"76324.970","69872","27873","12375","162","-692","26","-803","555","3853063","-11574063","31606","30880","-1657","20733","178"
"76325.970","69962","27884","12381","203","-699","16","-860","557","3852960","-11574131","31504","30880","-1674","20614","190"
"76326.970","70051","27895","12364","193","-709","-111","-891","556","3852856","-11574195","31406","30881","-1626","20523","211"
"76327.970","70133","27906","12349","178","-709","-115","-775","554","3852749","-11574257","31299","30883","-1488","20385","221"
"76328.970","70220","27908","12353","242","-722","-28","-805","558","3852643","-11574316","31187","30874","-1470","20313","216"
"76329.970","70303","27919","12354","260","-719","-115","-698","558","3852535","-11574372","31092","30876","-1395","20241","233"
"76330.970","70389","27923","12341","268","-724","-79","-744","558","3852427","-11574427","30999","30869","-1307","20128","231"
"76331.970","70470","27930","12330","272","-725","-7","-621","558","3852318","-11574479","30907","30868","-1348","20069","239"
"76332.970","70559","27940","12354","286","-692","24","-720","558","3852208","-11574528","30809","30867","-1305","19956","238"
"76333.970","70636","27943","12352","317","-692","60","-707","557","3852097","-11574577","30712","30861","-1408","19871","215"
"76334.970","70715","27953","12327","316","-711","45","-774","559","3851986","-11574622","30614","30862","-1384","19785","199"
"76335.970","70796","27962","12338","294","-680","-301","-698","557","3851875","-11574665","30512","30862","-1368","19662","219"
"76336.970","70876","27965","12359","324","-658","-29","-869","557","3851762","-11574707","30406","30855","-1373","19575","207"
"76337.970","70962","27970","12364","347","-652","30","-720","558","3851650","-11574744","30301","30850","-1337","19495","199"
"76338.970","71054","27979","12351","378","-666","26","-751","558","3851537","-11574781","30199","30849","-1361","19404","170"
"76339.970","71142","27987","12361","387","-658","-72","-785","560","3851424","-11574813","30108","30846","-1423","19316","133"
"76340.970","71229","28002","12313","320","-694","65","-773","558","3851310","-11574846","30008","30852","-1375","19200","152"
"76341.970","71321","28010","12317","347","-699","313","-702","560","3851195","-11574874","29905","30849","-1428","19095","136"
"76342.970","71412","28019","12342","370","-683","379","-623","559","3851081","-11574900","29801","30849","-1654","18994","128"
"76343.970","71507","28028","12361","361","-665","321","-813","558","3850966","-11574926","29698","30847","-1823","18828","125"
"76344.970","71594","28043","12333","314","-692","455","-674","557","3850850","-11574947","29594","30853","-1953","18671","136"
"76345.970","71685","28057","12326","311","-695","219","-605","558","3850734","-11574963","29492","30857","-1900","18487","143"
"76346.970","71777","28061","12364","321","-657","221","-762","558","3850617","-11574977","29391","30849","-1844","18369","162"
"76347.970","71869","28069","12342","322","-675","195","-940","557","3850501","-11574989","29292","30847","-1747","18228","166"
"76348.970","71956","28069","12365","311","-644","44","-830","555","3850383","-11574996","29196","30837","-1714","18115","185"
"76349.970","72039","28072","12394","296","-605","60","-635","553","3850267","-11574998","29103","30829","-1535","17984","207"
"76350.970","72127","28082","12362","282","-624","46","-779","553","3850150","-11575000","29010","30830","-1436","17885","228"
"76351.970","72205","28091","12336","265","-632","-177","-565","554","3850033","-11574997","28921","30830","-1322","17796","244"
"76352.970","72285","28098","12352","225","-604","166","-810","549","3849915","-11574993","28835","30829","-1361","17685","251"
"76353.970","72365","28098","12386","232","-550","46","-718","548","3849798","-11574987","28758","30819","-1499","17551","242"
"76354.970","72433","28111","12326","214","-592","-160","-779","551","3849681","-11574977","28682","30824","-1669","17436","263"
"76355.970","72509","28120","12313","179","-588","-312","-905","549","3849565","-11574964","28593","30825","-1709","17264","255"
"76356.970","72583","28128","12303","162","-578","-460","-876","549","3849449","-11574949","28502","30824","-1807","17129","265"
"76357.970","72655","28136","12295","176","-564","-328","-785","547","3849333","-11574931","28410","30825","-1786","16991","262"
"76358.970","72728","28135","12290","185","-547","-290","-836","547","3849218","-11574908","28317","30815","-1725","16867","263"
"76359.970","72807","28141","12302","194","-511","-431","-767","545","3849104","-11574882","28225","30812","-1663","16756","270"
"76360.970","72878","28147","12326","185","-464","-353","-916","539","3848990","-11574853","28134","30810","-1564","16643","290"
"76361.970","72958","28154","12333","178","-435","-93","-702","537","3848877","-11574823","28046","30808","-1437","16551","275"
"76362.970","73034","28162","12332","210","-401","-258","-656","537","3848765","-11574789","27961","30808","-1419","16460","276"
"76363.970","73100","28173","12290","215","-419","-280","-617","539","3848654","-11574752","27882","30812","-1356","16380","308"
"76364.970","73167","28182","12275","247","-398","111","-741","538","3848543","-11574713","27805","30814","-1247","16287","301"
"76365.970","73236","28188","12218","268","-425","76","-770","539","3848432","-11574672","27730","30812","-1128","16239","301"
"76366.970","73297","28194","12193","248","-426","-268","-812","540","3848322","-11574631","27659","30811","-982","16149","342"
"76367.970","73359","28199","12186","240","-400","-322","-802","537","3848214","-11574586","27590","30809","-975","16108","346"
"76368.970","73432","28205","12126","252","-429","-294","-955","540","3848105","-11574538","27521","30807","-1234","16022","307"
"76369.970","73492","28211","12100","248","-442","146","-756","539","3847998","-11574491","27452","30806","-1850","15841","258"
"76370.970","73564","28219","12055","236","-473","-207","-747","542","3847891","-11574441","27380","30806","-1851","15687","236"
"76371.970","73643","28227","12063","224","-453","-447","-781","541","3847785","-11574388","27300","30805","-1996","15536","221"
"76372.970","73726","28237","12043","207","-472","-571","-743","542","3847680","-11574332","27214","30806","-2134","15357","200"
"76373.970","73810","28248","12024","210","-480","-660","-775","542","3847576","-11574274","27112","30808","-2229","15173","198"
"76374.970","73901","28251","12035","209","-463","-476","-910","542","3847474","-11574211","27006","30800","-2102","15022","170"
"76375.970","73999","28260","12051","213","-439","-540","-737","540","3847373","-11574147","26898","30799","-2008","14884","128"
"76376.970","74097","28269","12044","230","-445","-189","-780","542","3847274","-11574078","26787","30797","-1976","14750","116"
"76377.970","74202","28280","12049","245","-437","-375","-905","540","3847176","-11574004","26670","30797","-1922","14606","101"
"76378.970","74306","28291","12056","226","-442","-597","-737","542","3847080","-11573931","26552","30796","-1901","14460","143"
"76379.970","74409","28298","12055","240","-439","-346","-722","542","3846985","-11573851","26428","30792","-1837","14315","131"
"76380.970","74511","28311","12052","250","-443","-57","-758","539","3846892","-11573770","26304","30793","-1846","14183","131"
"76381.970","74612","28318","12055","231","-459","-112","-554","543","3846800","-11573686","26180","30790","-1830","14036","130"
"76382.970","74705","28327","12047","246","-462","67","-803","544","3846709","-11573598","26062","30788","-1881","13880","136"
"76383.970","74804","28332","12053","240","-457","-363","-740","541","3846620","-11573509","25948","30783","-1953","13734","145"
"76384.970","74894","28344","12021","263","-481","-104","-779","547","3846533","-11573416","25834","30784","-2041","13562","154"
"76385.970","75002","28355","12052","252","-454","56","-956","541","3846449","-11573323","25720","30784","-2068","13403","117"
"76386.970","75098","28365","12045","267","-452","-6","-836","543","3846367","-11573223","25608","30784","-2104","13243","120"
"76387.970","75201","28376","12076","257","-421","-134","-852","542","3846286","-11573122","25497","30783","-2061","13083","125"
"76388.970","75291","28389","12024","266","-485","-651","-715","546","3846208","-11573017","25382","30786","-1975","12931","161"
"76389.970","75399","28398","12024","269","-479","-523","-754","548","3846132","-11572913","25265","30784","-1949","12772","125"
"76390.970","75506","28403","12039","278","-450","-512","-648","546","3846057","-11572804","25148","30777","-2088","12636","109"
"76391.970","75607","28416","12017","303","-461","-568","-783","545","3845985","-11572694","25033","30780","-2143","12455","134"
"76392.970","75718","28426","12021","293","-469","-582","-792","545","3845916","-11572581","24916","30777","-2065","12288","129"
"76393.970","75821","28436","12025","290","-470","-558","-837","545","3845849","-11572464","24798","30776","-1965","12137","135"
"76394.970","75928","28445","12031","280","-473","-622","-849","546","3845785","-11572347","24679","30773","-1867","11999","140"
"76395.970","76028","28456","12026","273","-493","-647","-831","546","3845723","-11572228","24561","30774","-1826","11851","151"
"76396.970","76137","28465","12038","263","-485","-540","-838","545","3845664","-11572106","24442","30771","-1902","11702","137"
"76397.970","76234","28477","12028","271","-498","-435","-776","547","3845607","-11571982","24324","30773","-1986","11534","152"
"76398.970","76331","28489","12008","286","-500","-431","-871","547","3845551","-11571857","24213","30774","-1827","11373","183"
"76399.970","76430","28500","12008","279","-500","-357","-857","547","3845499","-11571729","24104","30775","-1768","11261","207"
"76400.970","76520","28507","12003","285","-481","-46","-827","546","3845450","-11571601","23996","30772","-1752","11112","198"
"76401.970","76607","28512","12003","272","-490","11","-694","547","3845403","-11571472","23892","30767","-1853","10982","206"
"76402.970","76692","28519","12001","262","-495","155","-880","547","3845358","-11571342","23790","30765","-1832","10808","221"
"76403.970","76775","28515","11980","279","-465","210","-716","546","3845315","-11571208","23687","30751","-1825","10687","214"
"76404.970","76860","28506","11946","321","-415","358","-671","545","3845276","-11571076","23588","30732","-1817","10573","213"
"76405.970","76946","28516","11917","351","-373","19","-673","545","3845238","-11570943","23491","30733","-1841","10449","221"
"76406.970","77028","28509","11908","370","-274","-273","-736","538","3845204","-11570806","23401","30716","-1921","10335","220"
"76407.970","77114","28517","11887","379","-269","-532","-786","539","3845172","-11570672","23310","30715","-1872","10228","243"
"76408.970","77193","28523","11876","373","-273","-592","-690","539","3845143","-11570534","23217","30713","-1635","10073","246"
"76409.970","77277","28529","11879","358","-232","-476","-842","535","3845116","-11570397","23120","30709","-1595","9988","267"
"76410.970","77362","28535","11889","323","-284","-396","-821","537","3845092","-11570259","23027","30706","-1615","9861","273"
"76411.970","77442","28534","11874","317","-264","-419","-582","536","3845070","-11570122","22941","30697","-1639","9693","280"
"76412.970","77523","28531","11836","345","-198","-347","-688","531","3845051","-11569983","22859","30683","-1745","9614","260"
"76413.970","77608","28537","11831","332","-203","-590","-774","534","3845035","-11569846","22778","30680","-1583","9498","252"
"76414.970","77686","28548","11784","362","-221","-330","-891","535","3845020","-11569708","22697","30684","-1475","9381","257"
"76415.970","77774","28551","11815","323","-163","-19","-773","529","3845008","-11569568","22615","30677","-1567","9287","223"
"76416.970","77854","28556","11816","316","-158","22","-749","527","3844998","-11569429","22532","30673","-1425","9199","202"
"76417.970","77943","28561","11815","306","-119","16","-741","524","3844990","-11569291","22448","30669","-1328","9099","198"
"76418.970","78031","28557","11798","323","-33","184","-689","526","3844985","-11569153","22364","30654","-1620","9041","181"
"76419.970","78112","28558","11763","355","-5","190","-937","527","3844981","-11569014","22276","30646","-1491","8916","192"
"76420.970","78207","28559","11758","353","7","10","-750","528","3844979","-11568876","22185","30637","-1599","8820","195"
"76421.970","78301","28552","11801","303","-13","-293","-564","517","3844980","-11568738","22092","30619","-1413","8692","198"
"76422.970","78390","28580","11851","227","106","-642","-676","512","3844983","-11568598","21999","30639","-1514","8609","237"
"76423.970","78478","28575","11794","275","100","-626","-789","526","3844987","-11568459","21907","30623","-1596","8545","249"
"76424.970","78561","28589","11718","338","21","-1102","-782","527","3844994","-11568322","21817","30629","-1461","8355","247"
"76425.970","78645","28613","11643","392","32","-1337","-757","535","3845003","-11568184","21726","30646","-1535","8239","268"
"76426.970","78744","28636","11726","302","-56","-1649","-665","517","3845015","-11568047","21634","30660","-1575","8112","267"
"76427.970","78833","28664","11738","291","-169","-1283","-716","525","3845028","-11567910","21541","30679","-1504","7926","266"
"76428.970","78926","28663","11760","260","-192","-736","-727","523","3845043","-11567774","21447","30668","-1551","7788","226"
"76429.970","79012","28669","11767","242","-194","-496","-675","524","3845061","-11567638","21352","30665","-1565","7662","236"
"76430.970","79102","28678","11746","243","-140","37","-684","514","3845081","-11567503","21262","30665","-1671","7559","197"
"76431.970","79188","28692","11696","296","-171","-239","-638","523","3845103","-11567369","21176","30670","-1700","7418","208"
"76432.970","79273","28701","11701","294","-202","180","-911","527","3845127","-11567237","21087","30671","-1566","7266","193"
"76433.970","79365","28706","11689","295","-184","277","-755","525","3845154","-11567104","20997","30666","-1542","7162","183"
"76434.970","79446","28709","11645","314","-110","488","-736","525","3845182","-11566972","20903","30659","-1584","7052","207"
"76435.970","79536","28693","11665","262","-35","616","-633","512","3845213","-11566842","20809","30633","-1699","6959","192"
"76436.970","79618","28689","11683","234","-25","773","-773","512","3845246","-11566712","20718","30620","-1656","6847","225"
"76437.970","79707","28683","11657","251","-33","439","-769","510","3845281","-11566583","20629","30604","-1630","6709","229"
"76438.970","79790","28691","11637","253","-38","-409","-770","516","3845319","-11566457","20541","30602","-1698","6580","254"
"76439.970","79868","28704","11645","215","-7","-261","-796","503","3845359","-11566329","20451","30608","-1725","6450","225"
"76440.970","79945","28714","11644","202","-5","-142","-1019","503","3845401","-11566205","20371","30610","-1806","6329","241"
"76441.970","80030","28726","11645","201","-30","-105","-763","500","3845446","-11566082","20288","30613","-1735","6174","221"
"76442.970","80121","28710","11700","114","-14","92","-560","446","3845492","-11565963","20207","30586","-1733","6046","227"
"76443.970","80204","28708","11701","84","19","231","-628","461","3845541","-11565842","20126","30575","-1706","5962","231"
"76444.970","80286","28725","11644","129","29","112","-767","488","3845593","-11565723","20035","30584","-1558","5816","234"
"76445.970","80366","28754","11596","169","26","68","-670","494","3845646","-11565607","19948","30607","-1685","5705","233"
"76446.970","80454","28760","11592","198","-26","278","-599","489","3845700","-11565491","19861","30604","-1717","5520","228"
"76447.970","80531","28754","11669","96","-48","-235","-704","487","3845757","-11565379","19774","30589","-1808","5362","232"
"76448.970","80616","28750","11786","-97","-23","-878","-615","492","3845816","-11565267","19686","30575","-1887","5283","269"
"76449.970","80683","28763","11728","-37","-24","388","-564","460","3845877","-11565158","19601","30582","-1773","5159","281"
"76450.970","80771","28761","11679","-39","47","1638","628","418","3845940","-11565049","19519","30570","-1741","5014","170"
"76451.970","80836","28759","11664","-65","56","299","-712","482","3846005","-11564944","19433","30562","-1888","4834","365"
"76452.970","80902","28767","11569","-2","91","789","-665","470","3846072","-11564843","19360","30563","-1854","4720","326"
"76453.970","80981","28773","11528","66","36","246","-638","475","3846142","-11564743","19299","30560","-1735","4543","330"
"76454.970","81030","28824","11389","199","41","-737","-814","509","3846213","-11564644","19238","30609","-1688","4369","374"
"76455.970","81092","28831","11429","165","-21","-270","-810","498","3846285","-11564550","19177","30610","-1855","4214","352"
"76456.970","81157","28790","11394","75","62","-468","-637","461","3846359","-11564455","19118","30560","-2050","4035","337"
"76457.970","81214","28811","11362","112","40","-277","-485","479","3846435","-11564365","19058","30575","-2010","3921","384"
"76458.970","81289","28820","11396","89","-22","275","-997","476","3846513","-11564279","18997","30578","-1790","3726","319"
"76459.970","81356","28823","11332","76","35","-3","-821","479","3846592","-11564196","18936","30573","-1997","3601","329"
"76460.970","81417","28821","11323","0","69","-318","-762","465","3846673","-11564114","18873","30565","-2048","3444","346"
"76461.970","81486","28828","11304","-16","69","-432","-770","456","3846756","-11564037","18808","30565","-1972","3329","355"
"76462.970","81561","28832","11295","-33","56","-390","-880","464","3846839","-11563961","18740","30561","-1824","3164","355"
"76463.970","81630","28841","11259","-31","66","-271","-746","457","3846924","-11563890","18671","30563","-1867","3043","342"
"76464.970","81712","28846","11256","-44","52","-268","-708","449","3847011","-11563820","18597","30560","-1837","2892","298"
"76465.970","81777","28852","11213","-37","74","-431","-743","466","3847099","-11563755","18519","30559","-2170","2716","323"
"76466.970","81841","28854","11206","-4","44","-503","854","420","3847188","-11563694","18438","30554","-2317","2486","317"
"76467.970","81928","28863","11187","-13","47","-248","-831","453","3847278","-11563633","18359","30555","-2334","2262","274"
"76468.970","82006","28881","11152","-39","79","-694","-853","471","3847369","-11563580","18278","30565","-2438","2081","262"
"76469.970","82093","28872","11197","-137","46","-1091","-499","491","3847461","-11563529","18194","30547","-2428","1892","298"
"76470.970","82168","28875","11114","-130","122","-697","-600","502","3847555","-11563483","18108","30542","-2565","1712","280"
"76471.970","82266","28887","11168","-145","53","-834","-557","492","3847650","-11563440","18009","30544","-2263","1499","262"
"76472.970","82348","28892","11198","-156","11","-268","-505","502","3847747","-11563404","17913","30541","-2426","1314","291"
"76473.970","82433","28899","11100","18","75","682","-552","463","3847843","-11563370","17819","30539","-2176","1090","217"
"76474.970","82520","28912","11146","10","26","1428","-623","463","3847941","-11563343","17728","30544","-2173","820","220"
"76475.970","82608","28918","11135","-49","35","414","-633","437","3848040","-11563317","17642","30540","-2449","680","211"
"76476.970","82674","28923","11085","31","64","202","-719","477","3848139","-11563295","17560","30539","-2399","434","293"
"76477.970","82765","28934","11046","-4","98","792","-581","437","3848239","-11563280","17477","30541","-2314","210","242"
"76478.970","82842","28945","10992","28","138","537","-642","500","3848339","-11563269","17394","30544","-2261","30","286"
"76479.970","82923","28943","11035","-5","80","263","-661","501","3848439","-11563263","17312","30533","-2297","35832","321"
"76480.970","83005","28954","11051","21","28","-1353","-608","431","3848539","-11563259","17230","30536","-2248","35624","363"
"76481.970","83063","28961","11067","7","-20","-1158","-693","431","3848639","-11563263","17150","30538","-2386","35425","424"
"76482.970","83145","28965","11003","1","13","-845","-718","451","3848739","-11563269","17076","30534","-2366","35223","387"
"76483.970","83211","28975","10978","68","18","-662","-592","490","3848837","-11563280","17006","30537","-2445","34990","412"
"76484.970","83299","28972","10928","77","41","-687","-808","460","3848937","-11563295","16943","30524","-2407","34749","366"
"76485.970","83364","28978","10872","11","51","-1133","723","407","3849034","-11563317","16883","30525","-2668","34514","367"
"76486.970","83450","28988","10851","13","61","-775","-496","434","3849130","-11563340","16808","30526","-2686","34329","349"
"76487.970","83517","29003","10831","46","79","-813","-702","460","3849226","-11563370","16728","30535","-2477","34039","339"
"76488.970","83593","29022","10806","43","117","-36","-534","498","3849320","-11563404","16644","30547","-2403","33851","344"
"76489.970","83664","29018","10758","-79","126","-1250","-635","490","3849414","-11563443","16562","30535","-2522","33596","455"
"76490.970","83692","29048","10840","-22","115","628","-656","478","3849506","-11563488","16487","30564","-2938","33374","462"
"76491.970","83789","29046","10939","-12","53","31","-591","460","3849597","-11563536","16420","30552","-3120","32933","445"
"76492.970","83826","29049","10862","-112","133","29","-505","489","3849687","-11563592","16364","30550","-3935","32594","502"
"76493.970","83901","29043","11007","-103","4","-1313","-516","461","3849773","-11563654","16314","30537","-4203","32150","414"
"76494.970","83920","29046","11008","-113","24","-1370","-861","481","3849856","-11563723","16262","30538","-4579","31700","454"
"76495.970","84000","29050","11016","-132","44","-1237","-793","485","3849936","-11563802","16196","30534","-4193","31268","366"
"76496.970","84078","29060","11082","-89","39","-1106","-607","442","3850011","-11563884","16123","30536","-3806","30938","388"
"76497.970","84169","29062","11070","-137","73","-1383","-661","491","3850081","-11563975","16047","30528","-3126","30694","395"
"76498.970","84251","29067","11138","-132","38","-1045","-750","499","3850148","-11564073","15971","30526","-3181","30469","402"
"76499.970","84337","29067","11249","-97","-6","-824","-701","471","3850212","-11564174","15904","30517","-3051","30199","349"
"76500.970","84385","29084","11284","-98","17","-567","-601","462","3850271","-11564280","15832","30530","-3022","29929","359"
"76501.970","84486","29089","11379","-88","-26","141","-697","486","3850326","-11564389","15757","30524","-2626","29740","277"
"76502.970","84547","29086","11389","-88","57","-911","-706","475","3850379","-11564503","15679","30515","-2794","29484","369"
"76503.970","84618","29096","11457","-53","100","-624","-726","477","3850427","-11564619","15600","30518","-2893","29187","364"
"76504.970","84696","29100","11495","-63","70","-1703","-642","479","3850472","-11564738","15526","30515","-3118","28915","354"
"76505.970","84746","29126","11575","-36","70","-369","-576","478","3850512","-11564862","15456","30536","-3397","28619","397"
"76506.970","84846","29114","11609","-44","76","-901","-595","475","3850549","-11564985","15387","30514","-3190","28319","269"
"76507.970","84894","29141","11512","-189","119","-365","-489","522","3850581","-11565113","15325","30537","-3467","28039","317"
"76508.970","84992","29133","11629","-132","83","-698","-696","501","3850607","-11565244","15250","30518","-3119","27748","259"
"76509.970","85049","29151","11749","-74","-31","-1064","-712","443","3850630","-11565377","15182","30532","-3272","27531","317"
"76510.970","85126","29180","11734","-158","-12","694","-477","495","3850646","-11565509","15114","30554","-2700","27343","277"
"76511.970","85218","29162","11813","-123","-10","-226","-872","492","3850659","-11565647","15048","30525","-2322","27110","302"
"76512.970","85275","29161","11844","-134","-62","-986","-644","496","3850667","-11565782","14989","30519","-2342","26979","383"
"76513.970","85327","29203","11857","-171","-13","480","-673","470","3850671","-11565920","14934","30557","-1974","26821","398"
"76514.970","85383","29214","11879","-189","-5","1019","-532","504","3850673","-11566057","14886","30564","-1545","26663","376"
"76515.970","85427","29191","11933","-163","-2","-52","-752","460","3850671","-11566196","14833","30535","-1025","26628","468"
"76516.970","85471","29227","11999","-131","43","1025","-581","504","3850668","-11566333","14785","30567","-54","26647","434"
"76517.970","85512","29205","12180","28","-51","451","-617","484","3850663","-11566473","14738","30541","-127","26712","424"
"76518.970","85545","29203","12251","42","-10","230","-620","446","3850659","-11566612","14693","30535","161","26758","443"
"76519.970","85577","29223","12392","122","-44","907","-686","459","3850654","-11566752","14653","30553","381","26788","419"
"76520.970","85610","29212","12424","78","-86","44","-683","494","3850650","-11566892","14617","30538","216","26868","441"
"76521.970","85626","29194","12446","31","1","-1052","613","421","3850647","-11567033","14587","30517","204","26857","485"
"76522.970","85647","29203","12371","-94","55","-405","-627","482","3850644","-11567177","14592","30525","204","26827","441"
"76523.970","85680","29215","12485","-39","-32","367","-537","450","3850641","-11567320","14578","30533","-334","26844","434"
"76524.970","85713","29230","12628","43","-89","310","-626","448","3850639","-11567465","14564","30546","-346","26870","423"
"76525.970","85745","29224","12701","56","-58","-4","-636","487","3850636","-11567609","14534","30537","-427","26822","392"
"76526.970","85776","29221","12740","47","-45","-469","-885","440","3850634","-11567756","14505","30530","-350","26806","505"
"76527.970","85789","29241","12682","-57","-41","-73","-607","456","3850631","-11567902","14478","30550","-362","26786","442"
"76528.970","85802","29248","12737","-46","-126","277","-673","492","3850628","-11568047","14453","30556","-164","26797","480"
"76529.970","85820","29229","12771","-58","-190","-255","-642","503","3850624","-11568194","14431","30535","-324","26847","463"
"76530.970","85845","29240","12813","-59","-158","-433","-660","501","3850621","-11568342","14414","30544","-265","26824","511"
"76531.970","85851","29248","12890","-18","-208","731","-606","504","3850617","-11568491","14395","30551","-399","26829","506"
"76532.970","85849","29223","12930","-8","-242","-363","-471","521","3850613","-11568638","14378","30525","-275","26832","550"
"76533.970","85845","29236","12856","-106","-213","-435","-697","508","3850609","-11568786","14363","30539","-1944","26694","656"
"76534.970","85816","29224","12907","-77","-170","-928","-589","495","3850604","-11568934","14351","30530","-3237","26373","553"
"76535.970","85805","29242","12884","-115","-150","-585","-611","511","3850597","-11569082","14342","30550","-3768","25967","588"
"76536.970","85788","29250","12786","-208","-233","-289","-596","524","3850583","-11569232","14360","30560","-3628","25664","564"
"76537.970","85780","29232","12953","-64","-183","-350","-619","503","3850562","-11569380","14379","30542","-3591","25411","587"
"76538.970","85767","29247","12979","-55","-145","-524","-672","494","3850535","-11569526","14401","30559","-3223","25126","564"
"76539.970","85754","29278","13056","8","-135","424","-612","502","3850502","-11569671","14425","30592","-3438","24909","554"
"76540.970","85735","29227","13128","43","-72","-1074","-591","497","3850464","-11569814","14453","30541","-3086","24605","505"
"76541.970","85714","29230","13087","1","-98","-1005","-654","479","3850420","-11569956","14501","30546","-1606","24567","526"
"76542.970","85713","29233","13103","54","-218","385","-728","508","3850373","-11570098","14521","30550","-186","24643","426"
"76543.970","85737","29228","13113","22","-182","-487","-643","482","3850325","-11570238","14533","30542","-322","24721","499"
"76544.970","85743","29238","13136","-12","-111","1137","-558","482","3850277","-11570378","14543","30551","-167","24650","463"
"76545.970","85732","29234","13176","-53","16","495","-939","439","3850228","-11570516","14553","30549","-274","24607","411"
"76546.970","85737","29238","13150","-92","15","-466","-493","443","3850179","-11570656","14559","30552","-537","24492","462"
"76547.970","85766","29235","13191","-31","-89","-797","-525","472","3850130","-11570795","14561","30546","-440","24555","485"
"76548.970","85785","29224","13159","-110","-129","-876","-1157","499","3850080","-11570934","14560","30533","-96","24592","541"
"76549.970","85781","29232","13179","-150","-144","-218","-634","500","3850030","-11571076","14561","30542","133","24613","456"
"76550.970","85797","29257","13244","-130","-188","368","-734","510","3849980","-11571216","14562","30565","194","24645","411"
"76551.970","85809","29251","13442","-35","-86","197","-682","481","3849930","-11571358","14565","30559","380","24711","419"
"76552.970","85830","29239","13556","5","-40","-426","793","426","3849880","-11571501","14567","30543","565","24722","426"
"76553.970","85849","29261","13686","79","-41","1037","-771","480","3849831","-11571644","14566","30565","669","24808","356"
"76554.970","85861","29230","13806","185","-145","-36","-669","503","3849784","-11571791","14565","30531","746","24901","398"
"76555.970","85883","29235","13760","79","-158","-482","-559","496","3849737","-11571937","14562","30534","1084","25045","425"
"76556.970","85889","29227","13757","13","-142","-204","-619","506","3849691","-11572084","14560","30525","1401","25104","413"
"76557.970","85908","29239","13730","-69","-140","-244","-541","494","3849649","-11572233","14546","30536","1193","25237","454"
"76558.970","85903","29255","13845","-18","-94","444","-569","487","3849607","-11572383","14535","30553","1123","25315","426"
"76559.970","85895","29252","13936","40","-124","625","-626","488","3849568","-11572537","14524","30551","1195","25376","402"
"76560.970","85900","29258","13979","52","-151","617","-587","493","3849531","-11572689","14535","30557","91","25453","437"
"76561.970","85881","29232","14051","83","-136","-439","-804","498","3849495","-11572844","14549","30531","-172","25392","452"
"76562.970","85879","29231","13967","-33","-152","-520","-650","503","3849458","-11573001","14561","30530","-323","25376","441"
"76563.970","85888","29247","13970","-84","-92","-371","-721","468","3849422","-11573154","14569","30546","-111","25358","463"
"76564.970","85877","29273","13935","-165","-52","378","-638","507","3849386","-11573310","14568","30574","-69","25346","460"
"76565.970","85862","29280","13927","-186","-124","-5","-509","517","3849350","-11573466","14568","30583","-561","25309","467"
"76566.970","85873","29297","14064","-104","-30","18","611","435","3849313","-11573622","14578","30600","-514","25313","402"
"76567.970","85868","29253","14235","31","36","228","-626","467","3849276","-11573778","14583","30554","-151","25232","448"
"76568.970","85859","29249","14256","36","21","-718","-502","472","3849239","-11573936","14600","30551","-186","25296","445"
"76569.970","85853","29249","14308","38","116","-442","-498","463","3849201","-11574092","14615","30552","-48","25251","447"
"76570.970","85844","29255","14208","-80","80","-625","-569","490","3849163","-11574250","14628","30559","-425","25227","399"
"76571.970","85864","29261","14221","-114","127","36","-511","496","3849126","-11574406","14638","30564","-162","25215","385"
"76572.970","85862","29250","14238","-128","128","51","-541","495","3849088","-11574562","14644","30552","-205","25203","393"
"76573.970","85881","29257","14212","-172","68","99","-570","498","3849049","-11574723","14647","30558","-325","25195","379"
"76574.970","85892","29278","14312","-90","32","188","-599","485","3849010","-11574879","14643","30578","-773","25185","396"
"76575.970","85906","29273","14178","-267","30","53","-724","518","3848971","-11575038","14640","30572","-590","25139","403"
"76576.970","85910","29301","14249","-251","125","345","-600","523","3848931","-11575198","14637","30601","-374","25068","414"
"76577.970","85899","29279","14381","-133","114","-138","-454","491","3848890","-11575357","14637","30579","-284","25093","443"
"76578.970","85891","29297","14376","-139","48","568","-469","492","3848849","-11575515","14639","30598","-216","25109","430"
"76579.970","85877","29261","14578","56","29","78","-667","455","3848808","-11575673","14644","30562","-220","25139","397"
"76580.970","85879","29234","14552","-23","105","-797","-536","457","3848767","-11575832","14646","30534","-181","25143","405"
"76581.970","85892","29248","14510","-68","56","-858","-599","478","3848725","-11575991","14647","30546","-49","25123","396"
"76582.970","85897","29275","14464","-119","-22","76","-450","515","3848684","-11576152","14644","30575","-265","25176","384"
"76583.970","85898","29256","14565","-28","-55","-525","708","422","3848642","-11576311","14638","30555","-312","25153","379"
"76584.970","85917","29266","14445","-187","-50","-275","-682","507","3848601","-11576471","14631","30564","43","25202","347"
"76585.970","85927","29258","14507","-170","6","7","-688","478","3848559","-11576631","14620","30554","-27","25157","355"
"76586.970","85964","29273","14453","-256","-35","-199","-601","520","3848517","-11576792","14610","30565","-338","25122","425"
"76587.970","85962","29285","14638","-113","-106","434","-683","498","3848475","-11576953","14602","30578","-206","25157","469"
"76588.970","85927","29249","14692","-124","-143","-515","-621","499","3848433","-11577115","14597","30545","-275","25204","390"
"76589.970","85941","29290","14686","-219","-92","385","-567","518","3848390","-11577277","14599","30586","-154","25163","428"
"76590.970","85919","29258","14708","-290","-21","-444","-582","505","3848348","-11577441","14607","30554","-186","25145","400"
"76591.970","85935","29274","14739","-308","-54","-186","-725","534","3848305","-11577605","14613","30569","-439","25093","457"
"76592.970","85899","29257","14983","-149","46","-365","-610","496","3848262","-11577771","14622","30556","-232","25108","409"
"76593.970","85891","29246","14966","-204","-22","-437","-902","492","3848218","-11577936","14630","30545","-301","25095","406"
"76594.970","85890","29246","14979","-256","-27","-116","-678","516","3848174","-11578102","14636","30545","-227","25106","386"
"76595.970","85890","29287","15029","-262","-47","117","-468","518","3848130","-11578269","14640","30588","-382","25084","412"
"76596.970","85875","29288","15338","-14","-2","217","571","388","3848085","-11578434","14645","30591","-374","25098","369"
"76597.970","85878","29272","15378","-38","20","-363","-665","460","3848040","-11578602","14649","30573","-200","25088","409"
"76598.970","85872","29280","15266","-204","3","-136","-585","500","3847995","-11578772","14656","30583","-139","25072","421"
"76599.970","85865","29297","15296","-222","-11","82","-957","524","3847949","-11578938","14666","30601","-54","25086","440"
"76600.970","85835","29322","15444","-96","-60","-101","-524","476","3847904","-11579109","14678","30629","-302","25085","449"
"76601.970","85805","29292","15495","-93","-57","133","-401","499","3847858","-11579278","14695","30602","-252","25119","403"
"76602.970","85792","29284","15525","-94","-96","-423","-541","479","3847811","-11579448","14712","30594","-298","25117","417"
"76603.970","85781","29299","15625","-65","-8","-243","-564","485","3847765","-11579618","14728","30611","-221","25089","438"
"76604.970","85754","29286","15781","13","125","-34","-532","469","3847719","-11579791","14746","30601","-226","25042","410"
"76605.970","85741","29280","15737","-86","155","66","-556","506","3847672","-11579962","14765","30595","-274","25024","417"
"76606.970","85725","29333","15671","-192","141","386","-580","522","3847625","-11580133","14785","30653","-232","25015","423"
"76607.970","85689","29359","15668","-209","77","43","-634","473","3847578","-11580305","14808","30683","-390","24980","443"
"76608.970","85665","29303","15740","-180","107","-316","-593","517","3847530","-11580477","14833","30628","-443","24993","502"
"76609.970","85626","29304","15829","-131","156","348","-574","471","3847482","-11580650","14856","30632","-203","24968","441"
"76610.970","85581","29299","15830","-135","88","52","-524","487","3847434","-11580823","14883","30632","-106","24972","422"
"76611.970","85578","29351","15855","-198","242","486","-601","529","3847386","-11580995","14908","30686","-269","24967","441"
"76612.970","85522","29309","15970","-79","207","678","-609","511","3847337","-11581169","14934","30648","-270","24918","391"
"76613.970","85504","29279","16112","58","180","-423","-554","510","3847288","-11581342","14959","30619","-369","24968","431"
"76614.970","85476","29337","16032","-53","196","89","-469","498","3847240","-11581517","14976","30683","-280","24919","413"
"76615.970","85454","29300","15965","-133","161","-294","-619","480","3847191","-11581690","14992","30646","-302","24903","443"
"76616.970","85451","29275","15869","-267","192","83","-668","527","3847142","-11581864","15007","30620","-256","24888","442"
"76617.970","85408","29305","15772","-350","94","23","-503","538","3847093","-11582036","15024","30656","-197","24903","479"
"76618.970","85381","29313","15848","-340","234","504","-560","538","3847043","-11582210","15043","30667","-47","24909","447"
"76619.970","85350","29360","15977","-252","338","743","-475","537","3846993","-11582385","15072","30720","-48","24841","482"
"76620.970","85303","29352","16034","-157","241","384","-428","500","3846943","-11582559","15105","30716","-393","24867","494"
"76621.970","85244","29325","16006","-148","127","177","-630","501","3846893","-11582732","15131","30694","-384","24909","494"
"76622.970","85195","29288","16006","-154","149","-34","-543","513","3846844","-11582905","15165","30660","-393","24889","522"
"76623.970","85151","29281","15914","-214","84","-235","-521","505","3846794","-11583078","15205","30657","-171","24873","509"
"76624.970","85105","29314","15958","-176","131","222","-630","506","3846743","-11583251","15251","30697","-58","24917","501"
"76625.970","85057","29260","15944","-211","206","249","-607","521","3846693","-11583425","15301","30645","-48","24855","503"
"76626.970","85017","29296","15946","-171","140","1043","-590","495","3846642","-11583597","15355","30687","-275","24870","515"
"76627.970","84951","29269","15965","-119","73","218","-686","513","3846591","-11583773","15411","30665","-210","24925","514"
"76628.970","84901","29261","15735","-279","-113","-203","-561","520","3846540","-11583946","15482","30662","-185","24934","556"
"76629.970","84832","29269","15900","-129","4","667","-494","502","3846489","-11584120","15552","30677","499","24988","548"
"76630.970","84768","29248","16019","-19","88","368","-595","475","3846438","-11584293","15610","30663","703","25016","526"
"76631.970","84725","29251","15952","-58","36","689","-506","463","3846388","-11584465","15667","30670","815","25098","519"
"76632.970","84666","29223","15931","-64","28","405","-616","463","3846340","-11584640","15724","30646","1179","25191","501"
"76633.970","84624","29245","15861","-124","21","871","-776","500","3846294","-11584815","15777","30674","1611","25291","512"
"76634.970","84578","29233","15750","-222","-3","670","-616","485","3846251","-11584988","15827","30666","1744","25436","502"
"76635.970","84541","29212","15710","-244","-32","404","-638","505","3846209","-11585165","15878","30648","2183","25585","543"
"76636.970","84492","29278","15681","-304","157","1261","-578","528","3846172","-11585341","15932","30722","2474","25761","562"
"76637.970","84412","29218","15838","-179","372","829","-636","539","3846138","-11585520","16007","30667","2316","25837","556"
"76638.970","84324","29183","15965","-29","409","699","-628","543","3846110","-11585699","16087","30640","1899","25984","575"
"76639.970","84259","29184","15822","-159","447","613","-583","535","3846085","-11585879","16166","30647","2180","26064","638"
"76640.970","84189","29229","15701","-239","391","1027","-612","540","3846064","-11586060","16247","30702","1856","26256","595"
"76641.970","84098","29251","15600","-311","334","1428","-550","542","3846047","-11586241","16328","30735","1796","26358","631"
"76642.970","84009","29232","15626","-236","142","966","-574","489","3846033","-11586421","16411","30724","1837","26571","601"
"76643.970","83945","29221","15624","-237","302","854","-630","536","3846021","-11586602","16493","30719","1028","26625","612"
"76644.970","83842","29200","15488","-332","112","977","-541","536","3846013","-11586785","16578","30708","-496","26571","643"
"76645.970","83761","29178","15527","-279","160","467","-522","525","3846005","-11586966","16661","30694","-261","26582","672"
"76646.970","83672","29219","15419","-361","209","489","-519","544","3845997","-11587146","16745","30746","-152","26564","655"
"76647.970","83599","29189","15380","-373","191","501","-602","530","3845989","-11587326","16831","30722","-432","26528","666"
"76648.970","83527","29240","15466","-248","93","605","-438","511","3845980","-11587506","16919","30783","-536","26527","678"
"76649.970","83436","29177","15615","-82","233","263","-530","528","3845971","-11587685","17010","30726","-295","26545","741"
"76650.970","83324","29145","15559","-94","191","178","-461","500","3845962","-11587864","17100","30705","-458","26467","674"
"76651.970","83250","29121","15416","-191","-6","-1342","-568","497","3845952","-11588042","17195","30687","-395","26520","796"
"76652.970","83179","29173","15365","-254","83","1908","-433","507","3845942","-11588221","17294","30749","-337","26520","819"
"76653.970","83018","29132","15714","-11","118","-37","-437","515","3845932","-11588400","17397","30723","-570","26460","719"
"76654.970","82942","29087","15615","-166","-65","-390","-515","511","3845921","-11588577","17509","30684","-588","26454","869"
"76655.970","82820","29087","15695","-140","-38","25","-559","479","3845910","-11588757","17631","30696","-176","26489","1085"
"76656.970","82614","29079","15731","-122","153","-134","-565","489","3845898","-11588937","17779","30710","-224","26470","1348"
"76657.970","82376","29040","15532","-313","174","-1298","-683","521","3845887","-11589116","17974","30694","-609","26342","1572"
"76658.970","82067","29043","15293","-446","106","-437","-637","535","3845875","-11589295","18196","30730","-1171","26290","1819"
"76659.970","81723","29047","15177","-454","21","270","-450","545","3845862","-11589467","18479","30771","-2432","26126","1770"
"76660.970","81349","28973","15124","-402","-42","-1185","-522","538","3845847","-11589640","18849","30733","-2432","25915","1865"
"76661.970","81000","28933","14911","-466","0","-743","-537","539","3845825","-11589810","19272","30728","-2811","25779","1837"
"76662.970","80608","28907","14900","-269","-132","928","-584","516","3845796","-11589975","19738","30744","-3182","25650","1682"
"76663.970","80179","28890","14787","-260","-207","-176","-429","516","3845763","-11590140","20158","30772","-6890","25448","1307"
"76664.970","79970","28895","14832","-265","141","-3111","-451","517","3845727","-11590302","20511","30800","-13942","25153","739"
"76665.970","79826","28865","15004","-85","246","-2959","-519","508","3845687","-11590465","20769","30784","-15679","25201","203"
"76666.970","79802","28848","15016","-123","321","-2750","-458","544","3845648","-11590630","20927","30769","-15785","25141","-327"
"76667.970","79930","28841","15223","21","360","-2483","-648","530","3845602","-11590795","21015","30747","-13594","24975","-774"
"76668.970","80280","28867","15256","-49","248","-3371","-543","527","3845558","-11590959","20892","30737","-7815","24692","-925"
"76669.970","80697","28896","15428","-69","245","-2501","-596","520","3845517","-11591123","20722","30722","-2577","24546","-881"
"76670.970","81094","28938","15354","-386","326","-2165","-695","545","3845471","-11591287","20449","30724","-251","24544","-640"
"76671.970","81366","28964","15550","-327","251","-88","-558","533","3845421","-11591450","20058","30722","112","24642","-443"
"76672.970","81635","28990","15584","-372","166","-206","-594","535","3845366","-11591614","19613","30720","-498","24634","-240"
"76673.970","81779","29044","15469","-558","31","-291","-569","544","3845310","-11591779","19222","30762","-4230","24197","-36"
"76674.970","81814","29052","15692","-535","219","-866","-645","551","3845252","-11591937","18863","30767","-4916","23442","99"
"76675.970","81908","29053","15992","-330","304","-606","-516","537","3845178","-11592095","18584","30758","-5301","22864","121"
"76676.970","81931","29030","16120","-177","205","-2629","-594","507","3845094","-11592245","18407","30731","-5437","22376","217"
"76677.970","81970","29091","16242","-187","327","-712","-500","534","3844999","-11592385","18303","30792","-5092","21894","329"
"76678.970","82060","29075","16396","-112","467","-1096","-537","540","3844892","-11592512","18247","30765","-4823","21561","209"
"76679.970","82085","29134","16409","-12","393","386","-516","533","3844778","-11592631","18272","30824","-4217","21294","208"
"76680.970","82137","29118","16446","-180","518","-729","-365","556","3844660","-11592740","18255","30802","-3659","21060","269"
"76681.970","82145","29088","16402","-213","475","-1294","-631","544","3844537","-11592845","18240","30769","-2664","20879","214"
"76682.970","82197","29098","16301","-196","313","-1049","-595","532","3844413","-11592941","18205","30775","-2152","20850","201"
"76683.970","82218","29171","16305","-241","294","734","-479","526","3844286","-11593035","18218","30849","-1155","20756","218"
"76684.970","82265","29133","16501","-73","389","-186","-435","539","3844157","-11593125","18226","30804","-417","20800","149"
"76685.970","82304","29107","16426","-182","328","-1295","-599","533","3844028","-11593215","18210","30772","-301","20799","217"
"76686.970","82363","29145","16428","-98","250","-182","-664","524","3843900","-11593305","18184","30806","-216","20824","247"
"76687.970","82398","29200","16339","-163","154","168","-541","505","3843771","-11593394","18156","30860","-347","20849","270"
"76688.970","82420","29188","16476","-75","242","-21","-508","531","3843641","-11593482","18130","30846","-203","20811","280"
"76689.970","82433","29152","16581","3","309","-432","-656","526","3843513","-11593571","18117","30806","-386","20858","320"
"76690.970","82443","29164","16622","-75","388","-607","-512","531","3843384","-11593659","18095","30818","-311","20806","321"
"76691.970","82450","29190","16732","134","399","165","-629","536","3843255","-11593746","18074","30844","-278","20822","261"
"76692.970","82477","29191","16840","182","480","145","-596","550","3843124","-11593835","18064","30843","-181","20857","230"
"76693.970","82499","29199","16939","271","541","267","-591","545","3842994","-11593924","18057","30849","-43","20846","270"
"76694.970","82507","29168","17026","481","521","-682","-519","560","3842864","-11594012","18045","30815","964","21010","325"
"76695.970","82554","29171","16811","244","419","-388","-614","546","3842733","-11594101","18015","30814","2877","21195","315"
"76696.970","82565","29181","16600","77","282","-159","-598","520","3842607","-11594195","17998","30823","4137","21505","326"
"76697.970","82561","29197","16616","185","249","-1063","-413","524","3842482","-11594298","17977","30841","3716","21886","382"
"76698.970","82542","29204","16515","130","187","418","-604","520","3842363","-11594409","17967","30850","3668","22090","357"
"76699.970","82523","29241","16411","-33","192","1351","-502","496","3842248","-11594525","17962","30891","3776","22335","257"
"76700.970","82529","29215","16567","11","354","638","-627","531","3842139","-11594651","17953","30863","4057","22549","230"
"76701.970","82549","29254","16496","-132","392","681","-488","544","3842033","-11594781","17933","30902","4270","22824","221"
"76702.970","82557","29195","16445","-282","450","563","-549","544","3841933","-11594918","17913","30838","3501","22982","159"
"76703.970","82586","29177","16436","-185","302","-274","-592","533","3841837","-11595061","17882","30816","2643","23156","179"
"76704.970","82631","29210","16346","-325","294","269","-635","541","3841746","-11595209","17851","30846","1532","23296","256"
"76705.970","82644","29261","16479","-178","287","581","-512","520","3841657","-11595359","17823","30898","370","23265","225"
"76706.970","82641","29297","16638","15","268","571","-421","507","3841570","-11595512","17797","30937","105","23343","237"
"76707.970","82656","29227","16814","203","315","192","-841","533","3841483","-11595665","17772","30861","367","23371","223"
"76708.970","82692","29205","16749","186","241","-296","-532","520","3841397","-11595819","17751","30834","612","23454","304"
"76709.970","82708","29237","16627","4","286","1072","-571","510","3841311","-11595973","17731","30866","656","23507","267"
"76710.970","82722","29257","16554","-155","384","242","-495","530","3841227","-11596128","17719","30886","987","23446","280"
"76711.970","82745","29213","16460","-180","272","261","-615","515","3841144","-11596284","17705","30838","1145","23570","275"
"76712.970","82764","29219","16272","-298","111","165","-447","513","3841062","-11596441","17691","30841","1170","23677","286"
"76713.970","82785","29315","16449","-85","123","1086","404","436","3840982","-11596600","17677","30941","1267","23821","339"
"76714.970","82778","29248","16736","216","208","638","-613","514","3840904","-11596762","17668","30871","1536","23952","333"
"76715.970","82772","29207","16663","158","203","72","-577","500","3840829","-11596925","17674","30829","1510","24062","328"
"76716.970","82755","29192","16582","142","108","-532","-579","499","3840755","-11597088","17683","30814","1378","24148","288"
"76717.970","82780","29240","16381","-30","42","618","-533","507","3840683","-11597253","17683","30863","1335","24264","318"
"76718.970","82797","29244","16412","-61","186","1214","-653","486","3840615","-11597419","17679","30865","1485","24313","308"
"76719.970","82796","29188","16322","-176","255","-109","-646","527","3840548","-11597588","17676","30805","1202","24369","364"
"76720.970","82778","29199","16292","-145","179","292","-522","509","3840483","-11597755","17676","30819","322","24389","367"
"76721.970","82768","29183","16301","-71","99","-452","-708","487","3840420","-11597924","17680","30803","301","24451","370"
"76722.970","82762","29188","16149","-185","39","-56","-548","504","3840358","-11598095","17685","30809","418","24478","374"
"76723.970","82751","29192","15998","-298","-34","47","-959","512","3840296","-11598264","17687","30815","504","24534","334"
"76724.970","82762","29230","16128","-198","100","651","-570","525","3840236","-11598434","17692","30854","753","24580","368"
"76725.970","82742","29200","16230","-118","215","654","-684","512","3840176","-11598605","17700","30825","816","24628","354"
"76726.970","82736","29202","16137","-175","167","-145","-533","499","3840119","-11598776","17709","30827","970","24651","355"
"76727.970","82748","29206","16140","-153","174","529","-453","522","3840062","-11598948","17716","30830","1052","24778","343"
"76728.970","82732","29194","15936","-272","-29","-83","-605","514","3840008","-11599120","17723","30819","969","24858","359"
"76729.970","82733","29206","15859","-390","85","199","-567","535","3839955","-11599292","17728","30831","1000","24934","343"
"76730.970","82719","29204","15926","-332","154","23","-534","527","3839903","-11599468","17730","30831","1210","24949","312"
"76731.970","82739","29209","15946","-297","147","43","-522","522","3839854","-11599640","17719","30834","1539","25075","330"
"76732.970","82755","29214","15866","-362","114","1133","-708","530","3839806","-11599815","17708","30838","1794","25225","291"
"76733.970","82760","29253","15793","-405","28","1344","-688","534","3839762","-11599991","17700","30878","1581","25374","312"
"76734.970","82765","29222","15726","-476","55","-88","-666","542","3839720","-11600170","17698","30845","1160","25449","386"
"76735.970","82756","29235","15862","-335","132","426","-520","531","3839681","-11600348","17702","30860","397","25460","421"
"76736.970","82728","29221","15971","-186","103","-176","-505","494","3839644","-11600525","17711","30847","-664","25422","486"
"76737.970","82696","29207","15874","-220","-15","-682","-746","508","3839607","-11600704","17719","30836","-1519","25356","479"
"76738.970","82661","29212","15839","-217","-39","-290","-788","493","3839568","-11600882","17740","30846","-1586","25282","459"
"76739.970","82645","29271","15809","-235","-19","1005","-471","503","3839527","-11601058","17771","30909","-1773","25160","398"
"76740.970","82616","29315","15958","-70","-25","299","-896","453","3839484","-11601235","17795","30959","-1966","25043","428"
"76741.970","82601","29295","16065","80","-90","-69","-671","518","3839439","-11601409","17817","30939","-1960","24976","383"
"76742.970","82596","29269","16004","55","-180","-283","-439","502","3839391","-11601581","17833","30913","-1716","24937","384"
"76743.970","82592","29257","15918","-27","-172","-417","-579","496","3839341","-11601755","17840","30900","-1039","24868","447"
"76744.970","82586","29243","15910","-19","-163","-324","-490","487","3839290","-11601924","17851","30886","-575","24863","484"
"76745.970","82548","29247","15962","34","-88","-237","-735","465","3839238","-11602095","17872","30894","-69","24856","516"
"76746.970","82499","29263","15918","64","-199","647","-454","531","3839184","-11602265","17897","30916","311","24908","504"
"76747.970","82454","29240","15870","80","-314","669","-536","527","3839132","-11602434","17929","30897","1201","25031","481"
"76748.970","82425","29218","15842","99","-360","392","-581","515","3839081","-11602604","17967","30877","1813","25237","504"
"76749.970","82382","29236","15777","75","-358","-55","-548","530","3839033","-11602775","18019","30900","2399","25441","602"
"76750.970","82338","29204","15561","-76","-426","-266","-500","522","3838989","-11602948","18073","30872","2556","25649","588"
"76751.970","82274","29260","15399","-193","-430","92","-485","528","3838949","-11603119","18132","30937","2398","25802","588"
"76752.970","82210","29247","15424","-119","-439","753","-643","538","3838914","-11603295","18190","30931","2126","25940","509"
"76753.970","82169","29237","15357","-148","-434","44","-723","541","3838883","-11603469","18247","30925","1708","26071","609"
"76754.970","82107","29258","15320","-146","-380","772","-665","541","3838854","-11603643","18306","30954","647","26107","601"
"76755.970","82015","29248","15438","11","-365","201","-542","531","3838828","-11603818","18371","30952","-79","26065","596"
"76756.970","81934","29248","15344","-78","-196","1202","-471","522","3838802","-11603993","18437","30961","119","26035","418"
"76757.970","81923","29180","15467","53","-116","-428","-464","457","3838777","-11604166","18494","30891","677","26018","488"
"76758.970","81930","29184","15244","-126","-201","-2053","-616","518","3838752","-11604341","18542","30894","2993","26293","562"
"76759.970","81935","29171","14956","-364","-321","-579","-482","538","3838731","-11604515","18579","30880","3484","26636","512"
"76760.970","81907","29211","15012","-300","-267","1159","-745","524","3838718","-11604689","18588","30925","3084","26854","305"
"76761.970","81902","29256","15163","-155","-218","366","-537","520","3838714","-11604863","18563","30973","2945","26973","299"
"76762.970","81923","29282","15235","-82","-173","1410","-567","513","3838710","-11605038","18549","30999","2203","27144","331"
"76763.970","81923","29294","15203","-133","7","3021","-529","445","3838710","-11605213","18536","31011","2455","27219","196"
"76764.970","81931","29288","15305","-49","-130","2242","-508","531","3838713","-11605389","18520","31004","1831","27335","209"
"76765.970","81961","29229","15303","-65","-172","928","-498","497","3838719","-11605564","18500","30938","1816","27535","282"
"76766.970","81975","29201","15276","-94","-111","98","-670","467","3838728","-11605740","18478","30907","1923","27666","275"
"76767.970","81990","29248","15296","-89","-203","221","-686","511","3838741","-11605915","18457","30955","1915","27789","341"
"76768.970","82012","29235","15318","-77","-245","513","-674","516","3838757","-11606090","18438","30939","2086","27996","304"
"76769.970","82031","29198","15359","-26","-158","336","-513","489","3838776","-11606264","18421","30898","2270","28147","278"
"76770.970","82047","29226","15158","-230","-178","-211","-572","523","3838800","-11606437","18404","30925","791","28227","398"
"76771.970","82040","29245","15071","-314","-180","101","-553","534","3838825","-11606610","18391","30947","-1147","28131","501"
"76772.970","82047","29214","15278","-87","-177","-473","-613","506","3838850","-11606782","18392","30913","-3262","27823","521"
"76773.970","81971","29198","15125","-191","-119","-1145","-620","518","3838871","-11606958","18416","30905","-5066","27260","647"
"76774.970","81865","29176","14938","-315","-129","-1482","-558","529","3838883","-11607130","18460","30892","-5877","26588","661"
"76775.970","81683","29238","14833","-325","-143","-343","-641","531","3838878","-11607305","18533","30977","-5947","25856","681"
"76776.970","81632","29262","14942","-135","-53","798","-669","499","3838860","-11607478","18625","31008","-5243","25266","711"
"76777.970","81657","29208","14944","-19","-96","-211","-602","454","3838828","-11607647","18736","30950","-5054","24847","820"
"76778.970","81622","29195","15038","159","-93","-550","-558","494","3838784","-11607808","18836","30939","-5389","24502","760"
"76779.970","81537","29157","14942","169","-161","-1351","-637","508","3838730","-11607964","18938","30908","-5673","24064","741"
"76780.970","81491","29166","14820","65","-120","-884","-464","518","3838668","-11608117","19050","30922","-5173","23781","555"
"76781.970","81448","29150","14813","81","-94","-1012","-536","494","3838599","-11608263","19121","30910","-5371","23418","453"
"76782.970","81423","29164","14766","60","-135","-2340","-455","501","3838525","-11608403","19122","30927","-5321","23057","401"
"76783.970","81402","29155","14700","34","-184","-2794","-439","515","3838444","-11608537","19083","30920","-5084","22666","431"
"76784.970","81405","29225","14579","-65","-263","-566","-479","517","3838354","-11608662","19084","30994","-4542","22366","426"
"76785.970","81429","29198","14706","19","-170","893","-656","484","3838258","-11608782","19118","30963","-3575","22026","387"
"76786.970","81462","29204","14581","-44","-291","1326","-559","521","3838157","-11608895","19127","30966","-3048","21897","436"
"76787.970","81444","29195","14509","-171","-296","903","-610","538","3838054","-11609003","19135","30958","-1955","21700","412"
"76788.970","81445","29211","14608","-124","-219","512","-508","515","3837948","-11609108","19138","30975","-192","21729","429"
"76789.970","81430","29262","14544","-97","-341","683","-552","534","3837840","-11609209","19138","31031","-137","21827","336"
"76790.970","81437","29221","14636","-193","-160","124","-594","532","3837733","-11609312","19130","30986","-187","21794","305"
"76791.970","81478","29189","14691","-69","-179","-773","-695","485","3837625","-11609416","19118","30948","-189","21776","261"
"76792.970","81528","29179","14476","-220","-342","-1454","-642","530","3837517","-11609522","19117","30932","-34","21816","345"
"76793.970","81565","29235","14550","-165","-302","989","-535","520","3837409","-11609626","19107","30988","-204","21795","293"
"76794.970","81596","29198","14740","-128","-95","-1028","-557","515","3837302","-11609729","19087","30945","-169","21811","376"
"76795.970","81626","29210","14662","-239","-98","-521","-529","522","3837195","-11609834","19058","30955","402","21774","371"
"76796.970","81651","29189","14830","-21","-38","-668","-679","466","3837089","-11609939","19020","30929","469","21876","368"
"76797.970","81663","29198","14686","-5","-220","-1167","-592","532","3836984","-11610044","18987","30938","611","21977","416"
"76798.970","81693","29174","14616","-31","-272","-479","-605","524","3836879","-11610151","18949","30910","762","22087","419"
"76799.970","81695","29178","14513","-105","-333","-897","-627","525","3836776","-11610257","18911","30913","1165","22150","405"
"76800.970","81708","29184","14341","-154","-501","-358","-546","545","3836674","-11610367","18881","30918","1269","22274","415"
"76801.970","81723","29231","14355","-177","-464","776","-407","535","3836574","-11610479","18848","30966","1468","22396","359"
"76802.970","81733","29238","14465","-94","-386","329","-570","533","3836475","-11610592","18827","30972","1593","22533","363"
"76803.970","81746","29226","14443","-149","-356","1197","-469","529","3836379","-11610708","18814","30958","1687","22658","385"
"76804.970","81733","29197","14783","-35","27","214","-531","456","3836284","-11610828","18804","30930","1514","22750","373"
"76805.970","81727","29204","14655","-7","-149","-1017","-507","477","3836192","-11610949","18804","30937","619","22725","518"
"76806.970","81714","29224","14626","19","-185","1817","-599","475","3836102","-11611073","18805","30960","-316","22845","402"
"76807.970","81694","29202","14803","-9","120","465","-414","476","3836012","-11611197","18810","30939","-122","22731","443"
"76808.970","81684","29224","14743","-94","165","972","-541","503","3835921","-11611319","18816","30963","-52","22640","443"
"76809.970","81674","29174","14693","-116","148","-1072","-571","494","3835832","-11611444","18822","30911","-228","22658","514"
"76810.970","81657","29203","14532","-102","-48","-343","-628","496","3835743","-11611567","18829","30943","-547","22633","542"
"76811.970","81640","29193","14468","-194","-15","10","-630","463","3835653","-11611690","18841","30935","-274","22657","496"
"76812.970","81624","29176","14351","-240","-82","-1183","-641","515","3835564","-11611813","18855","30919","-212","22606","615"
"76813.970","81589","29207","14306","-226","-121","113","-518","499","3835474","-11611934","18874","30956","-468","22631","597"
"76814.970","81564","29180","14338","-152","-182","-209","-627","523","3835385","-11612057","18898","30929","-340","22624","591"
"76815.970","81529","29215","14423","-82","-200","238","-574","517","3835295","-11612178","18930","30970","-34","22691","630"
"76816.970","81490","29196","14810","168","33","273","-670","492","3835205","-11612299","18970","30955","-119","22711","546"
"76817.970","81457","29192","14920","186","18","1048","-431","463","3835114","-11612422","19018","30953","-17","22732","630"
"76818.970","81387","29187","15065","184","25","335","-430","510","3835023","-11612546","19075","30956","-21","22728","528"
"76819.970","81363","29136","15049","112","-108","-1152","-700","496","3834931","-11612671","19135","30904","-197","22747","636"
"76820.970","81315","29152","14990","-84","-147","-340","-609","485","3834839","-11612797","19196","30927","214","22750","690"
"76821.970","81246","29108","15002","-209","-154","-773","-622","506","3834746","-11612924","19264","30887","237","22747","692"
"76822.970","81175","29164","15156","-163","-113","700","-546","507","3834653","-11613053","19343","30955","174","22753","732"
"76823.970","81057","29140","15445","90","-105","-330","-517","495","3834560","-11613184","19432","30942","133","22793","736"
"76824.970","80964","29091","15384","7","-233","-1135","-688","505","3834466","-11613316","19530","30900","174","22917","778"
"76825.970","80870","29096","15362","-116","-244","130","-603","520","3834373","-11613448","19636","30916","155","22890","735"
"76826.970","80791","29127","15209","-335","-343","1003","-769","543","3834279","-11613582","19744","30957","48","22887","782"
"76827.970","80543","29103","15689","40","-181","367","-489","495","3834186","-11613716","19849","30959","-280","22873","489"
"76828.970","80468","29044","15878","176","-227","-1113","-658","519","3834092","-11613853","19946","30905","-392","22910","367"
"76829.970","80663","29084","15748","-35","-373","-132","-590","530","3833997","-11613989","20023","30925","-548","22911","535"
"76830.970","80504","29051","16020","186","-372","-1770","-581","534","3833898","-11614126","20073","30908","-5554","22687","419"
"76831.970","80474","29106","16106","-17","-236","-2063","-480","483","3833797","-11614258","20098","30970","-13063","22355","-227"
"76832.970","80582","29097","16309","-19","-96","-2217","-540","497","3833692","-11614388","20025","30948","-12666","22254","-728"
"76833.970","80767","29077","16665","182","38","-2516","-561","497","3833582","-11614517","19839","30907","-7194","22156","-864"
"76834.970","81241","29128","16681","167","-224","-159","-572","521","3833473","-11614643","19596","30910","-1212","22109","-1036"
"76835.970","81692","29158","16895","87","-51","-1839","-655","470","3833361","-11614769","19205","30892","120","22163","-705"
"76836.970","82013","29182","17046","128","-55","-1361","-614","493","3833250","-11614892","18724","30883","157","22186","-549"
"76837.970","82265","29215","17093","156","-171","-1516","-496","494","3833136","-11615019","18302","30891","-8","22283","-462"
"76838.970","82484","29252","17091","19","-161","-1410","-618","481","3833023","-11615148","17956","30906","403","22276","-228"
"76839.970","82656","29311","17084","1","-270","915","-595","511","3832910","-11615277","17680","30951","1227","22409","-179"
"76840.970","82796","29304","17451","236","-52","1373","-507","521","3832797","-11615412","17473","30928","2160","22616","-179"
"76841.970","82895","29270","17475","218","-25","479","-568","493","3832687","-11615549","17292","30882","2758","22831","-57"
"76842.970","82999","29279","17464","230","-69","-114","-539","520","3832580","-11615692","17155","30881","2520","23028","-1"
"76843.970","83093","29294","17374","131","-95","-12","-602","492","3832477","-11615842","17061","30886","2301","23192","51"
"76844.970","83132","29307","17547","199","100","606","-634","520","3832377","-11615994","17009","30895","475","23190","49"
"76845.970","83166","29325","17630","339","76","183","-634","520","3832279","-11616152","16976","30911","-321","23162","99"
"76846.970","83215","29334","17697","452","61","551","-496","546","3832182","-11616307","16949","30915","-173","23180","55"
"76847.970","83273","29296","17603","399","-1","-305","-652","529","3832084","-11616461","16894","30869","-61","23167","100"
"76848.970","83328","29307","17548","393","-59","-763","-625","531","3831986","-11616616","16851","30875","55","23216","93"
"76849.970","83395","29326","17469","331","-94","-749","-625","528","3831889","-11616771","16807","30887","345","23221","40"
"76850.970","83513","29346","17471","339","-89","-218","-628","532","3831792","-11616928","16778","30896","332","23289","78"
"76851.970","83581","29354","17373","207","-64","-157","-522","509","3831696","-11617084","16729","30897","-94","23276","80"
"76852.970","83650","29371","17359","141","3","369","-639","490","3831600","-11617239","16665","30908","24","23216","19"
"76853.970","83748","29345","17224","-20","19","-1400","-781","462","3831504","-11617395","16602","30870","-121","23193","151"
"76854.970","83820","29408","17240","15","24","965","-572","472","3831408","-11617549","16541","30929","-80","23174","179"
"76855.970","83801","29370","17460","315","39","306","-598","521","3831313","-11617704","16486","30892","-237","23230","132"
"76856.970","83823","29385","17483","406","-6","-259","-512","534","3831218","-11617859","16434","30904","-38","23253","102"
"76857.970","83965","29388","17394","308","15","-228","-597","519","3831122","-11618013","16387","30893","-15","23303","261"
"76858.970","83961","29356","17330","323","-22","-730","-707","524","3831028","-11618167","16346","30859","210","23281","254"
"76859.970","83923","29379","17085","201","-198","-321","-580","524","3830933","-11618319","16314","30887","187","23334","146"
"76860.970","84004","29378","16981","26","-100","-838","-773","479","3830840","-11618476","16276","30878","395","23315","94"
"76861.970","84112","29384","17039","116","-84","-257","-559","461","3830747","-11618631","16234","30873","-15","23311","150"
"76862.970","84153","29379","17074","200","-109","174","-517","508","3830654","-11618786","16186","30864","175","23389","74"
"76863.970","84214","29380","16849","-57","-91","-1645","-496","495","3830562","-11618940","16133","30858","269","23386","192"
"76864.970","84281","29402","16576","-335","-143","-539","-637","527","3830470","-11619094","16075","30874","289","23314","141"
"76865.970","84358","29443","16819","-199","100","963","-516","508","3830380","-11619252","16017","30909","272","23358","123"
"76866.970","84398","29395","16711","-253","47","-329","-689","514","3830290","-11619406","15965","30854","87","23303","237"
"76867.970","84428","29429","16506","-310","-151","37","-535","526","3830201","-11619563","15919","30887","97","23383","287"
"76868.970","84432","29398","16753","-57","-13","-209","606","442","3830113","-11619717","15884","30854","-3","23405","339"
"76869.970","84412","29465","16671","-88","-25","-97","-591","493","3830024","-11619872","15863","30927","74","23431","300"
"76870.970","84430","29489","16584","-188","25","550","-471","500","3829936","-11620027","15852","30950","69","23407","276"
"76871.970","84448","29451","16628","-79","31","-226","-470","469","3829849","-11620182","15850","30908","-301","23393","318"
"76872.970","84420","29457","16638","67","-84","922","-507","470","3829761","-11620337","15852","30917","-161","23447","257"
"76873.970","84432","29449","16562","49","-136","375","-629","494","3829675","-11620493","15848","30908","-79","23480","235"
"76874.970","84466","29446","16573","70","-92","-99","-517","505","3829587","-11620646","15841","30901","11","23472","273"
"76875.970","84502","29440","16698","154","58","421","-563","498","3829500","-11620802","15831","30892","33","23477","247"
"76876.970","84507","29400","16717","190","109","-438","-638","508","3829414","-11620955","15817","30849","-173","23471","285"
"76877.970","84517","29443","16433","-38","0","-203","-527","484","3829329","-11621108","15801","30893","-158","23438","281"
"76878.970","84555","29464","16556","24","181","30","-524","495","3829243","-11621262","15789","30910","87","23430","303"
"76879.970","84565","29404","16513","35","167","-791","-509","472","3829157","-11621413","15777","30846","9","23446","345"
"76880.970","84585","29401","16300","-103","72","-952","-666","490","3829072","-11621567","15767","30841","120","23443","391"
"76881.970","84571","29483","16125","-155","-81","245","-513","478","3828988","-11621720","15761","30929","-74","23490","389"
"76882.970","84548","29470","16299","101","-72","85","-654","489","3828904","-11621871","15758","30918","124","23537","313"
"76883.970","84558","29456","16330","127","15","406","-766","492","3828821","-11622023","15761","30902","142","23592","353"
"76884.970","84524","29419","16388","242","20","-183","-590","522","3828739","-11622176","15769","30867","-30","23574","300"
"76885.970","84546","29411","16131","69","-110","-565","-725","476","3828655","-11622328","15777","30856","39","23616","374"
"76886.970","84549","29413","16169","17","102","476","-654","487","3828574","-11622481","15787","30858","130","23603","351"
"76887.970","84520","29407","16063","-35","70","-563","-484","444","3828492","-11622632","15799","30855","-16","23536","367"
"76888.970","84514","29463","16025","40","-37","537","-586","469","3828411","-11622783","15812","30914","25","23611","324"
"76889.970","84514","29424","16161","350","-193","326","-635","535","3828330","-11622936","15823","30873","78","23692","351"
"76890.970","84497","29419","16194","445","-218","759","-586","544","3828250","-11623087","15834","30869","184","23807","352"
"76891.970","84481","29397","16115","404","-236","-323","-884","543","3828170","-11623238","15842","30848","152","23783","342"
"76892.970","84511","29408","15979","309","-272","-57","-610","538","3828092","-11623388","15847","30856","136","23826","360"
"76893.970","84493","29399","15775","146","-339","-829","-662","510","3828013","-11623541","15851","30849","35","23809","351"
"76894.970","84516","29433","15745","97","-274","547","-558","524","3827935","-11623692","15852","30882","87","23846","310"
"76895.970","84525","29417","15889","167","-70","-453","-542","525","3827858","-11623844","15851","30865","172","23761","357"
"76896.970","84506","29446","15659","-47","-107","754","-565","473","3827780","-11623996","15851","30897","53","23774","336"
"76897.970","84512","29399","15517","-164","-152","-64","-559","496","3827704","-11624146","15849","30847","-215","23732","343"
"76898.970","84560","29417","15402","-224","-230","-286","-396","535","3827627","-11624297","15845","30861","-351","23756","408"
"76899.970","84544","29438","15786","19","137","664","-676","475","3827551","-11624447","15843","30885","194","23712","378"
"76900.970","84507","29393","15903","104","255","-95","-728","519","3827475","-11624600","15843","30842","71","23705","330"
"76901.970","84524","29400","15778","0","223","203","-799","505","3827400","-11624751","15846","30847","5","23687","415"
"76902.970","84495","29369","15797","18","267","-395","-592","515","3827324","-11624901","15852","30817","17","23713","340"
"76903.970","84483","29370","15705","-56","240","-149","-604","512","3827250","-11625052","15856","30820","141","23713","323"
"76904.970","84525","29372","15632","-191","326","162","-560","506","3827176","-11625202","15857","30818","-144","23688","302"
"76905.970","84511","29399","15683","-58","233","661","-428","534","3827101","-11625355","15858","30847","-196","23624","327"
"76906.970","84511","29417","15712","118","38","314","-791","484","3827026","-11625506","15858","30866","-409","23809","392"
"76907.970","84512","29435","15677","83","46","-13","-677","456","3826952","-11625656","15860","30884","45","23753","367"
"76908.970","84504","29441","15669","160","-62","693","-500","502","3826877","-11625807","15861","30892","-170","23858","345"
"76909.970","84501","29400","15643","158","-100","114","-499","519","3826803","-11625958","15860","30849","49","23833","292"
"76910.970","84526","29452","15637","182","-125","548","-494","522","3826729","-11626110","15857","30901","202","23921","381"
"76911.970","84513","29440","15503","91","-226","956","-509","525","3826655","-11626261","15856","30890","198","23905","262"
"76912.970","84550","29435","15444","-72","-67","482","-656","502","3826582","-11626411","15853","30881","306","23955","340"
"76913.970","84534","29412","15562","91","-85","236","-570","481","3826509","-11626562","15851","30859","-75","23899","341"
"76914.970","84546","29390","15571","147","-136","-457","-545","508","3826437","-11626715","15850","30834","5","23964","402"
"76915.970","84543","29421","15628","151","-3","856","-466","519","3826365","-11626866","15850","30867","165","23964","364"
"76916.970","84508","29406","15649","197","-6","569","-745","507","3826293","-11627018","15852","30855","-137","23964","329"
"76917.970","84516","29367","15755","219","187","-71","-532","517","3826222","-11627169","15859","30813","130","23916","366"
"76918.970","84501","29368","15632","138","123","-318","-563","496","3826151","-11627322","15867","30816","66","23941","370"
"76919.970","84514","29332","15496","-10","130","-587","-725","479","3826080","-11627473","15873","30776","118","23946","415"
"76920.970","84515","29361","15265","-226","77","-29","-760","518","3826010","-11627626","15880","30807","184","23921","450"
"76921.970","84484","29382","15314","-175","118","348","-709","509","3825940","-11627777","15890","30832","170","23958","406"
"76922.970","84458","29352","15446","23","73","46","-700","460","3825872","-11627931","15902","30803","246","23979","415"
"76923.970","84450","29347","15537","211","-40","154","-423","498","3825803","-11628083","15915","30798","-22","24090","415"
"76924.970","84439","29335","15478","167","-65","-82","-604","499","3825736","-11628237","15925","30787","303","24134","347"
"76925.970","84453","29331","15310","11","-106","-355","-755","480","3825668","-11628389","15932","30782","223","24148","390"
"76926.970","84468","29347","15335","27","-55","-56","-733","455","3825601","-11628543","15941","30797","154","24164","451"
"76927.970","84437","29334","15375","149","-135","81","-671","519","3825533","-11628696","15953","30786","-1128","24124","492"
"76928.970","84385","29335","15324","130","-177","-1139","-544","488","3825465","-11628849","15975","30793","-3345","23911","471"
"76929.970","84365","29349","15222","55","-206","-276","-600","519","3825396","-11628997","15993","30810","-735","23854","341"
"76930.970","84368","29324","15168","13","-218","-369","-802","505","3825324","-11629147","15994","30783","341","23920","357"
"76931.970","84404","29321","15006","-150","-250","-654","-823","519","3825252","-11629296","15996","30776","318","23958","420"
"76932.970","84403","29329","14863","-257","-331","242","-832","537","3825181","-11629445","16001","30785","221","23995","478"
"76933.970","84382","29370","15010","-184","-144","196","-701","516","3825111","-11629595","16010","30830","269","23999","483"
"76934.970","84362","29361","15206","24","-62","411","-459","455","3825041","-11629744","16024","30822","417","23990","544"
"76935.970","84314","29318","15315","203","-76","-304","-583","515","3824973","-11629895","16048","30783","524","24134","650"
"76936.970","84235","29342","15094","10","-95","179","-492","460","3824905","-11630046","16091","30816","951","24177","545"
"76937.970","84145","29301","15152","131","-112","278","-546","508","3824839","-11630196","16149","30782","678","24221","525"
"76938.970","84093","29290","15056","126","-260","-634","-653","520","3824775","-11630347","16205","30776","-487","24243","512"
"76939.970","84111","29296","15015","99","-250","-844","-872","515","3824711","-11630497","16253","30781","-232","24262","557"
"76940.970","84072","29330","14932","45","-262","404","-631","513","3824646","-11630650","16294","30821","280","24238","517"
"76941.970","84036","29306","14870","23","-310","634","-569","519","3824582","-11630800","16332","30799","348","24335","498"
"76942.970","84013","29313","14960","13","-65","748","-531","470","3824518","-11630951","16370","30809","148","24306","485"
"76943.970","83977","29304","15008","47","24","-86","-614","463","3824456","-11631102","16408","30803","-837","24176","561"
"76944.970","83936","29294","14859","-34","-82","-573","-579","478","3824393","-11631252","16449","30797","-1778","24086","567"
"76945.970","83905","29284","14814","-59","-79","-629","-619","476","3824328","-11631402","16488","30790","-2152","23938","505"
"76946.970","83874","29285","14808","-41","-80","-585","639","438","3824261","-11631550","16521","30794","-2066","23792","544"
"76947.970","83842","29278","14750","-72","-125","-1249","-844","501","3824191","-11631694","16547","30790","-1779","23712","476"
"76948.970","83842","29291","14728","-95","-130","-1263","-571","502","3824119","-11631836","16566","30804","-1653","23650","473"
"76949.970","83828","29281","14680","-120","-180","-1791","-645","519","3824046","-11631979","16578","30795","-1541","23546","453"
"76950.970","83829","29326","14603","-239","-166","279","-567","502","3823970","-11632121","16580","30842","-1153","23489","427"
"76951.970","83819","29330","14753","-170","-33","321","-582","492","3823893","-11632260","16575","30848","-648","23439","309"
"76952.970","83844","29332","14820","-72","-80","607","-585","512","3823816","-11632399","16570","30846","-509","23429","382"
"76953.970","83848","29311","14904","7","-71","-142","-433","458","3823738","-11632537","16568","30824","-218","23495","459"
"76954.970","83821","29300","14731","-145","-153","-557","-501","513","3823659","-11632675","16568","30815","-576","23445","489"
"76955.970","83802","29313","14710","-168","-162","-171","-585","511","3823581","-11632814","16571","30831","-477","23425","497"
"76956.970","83794","29329","14649","-171","-258","-37","-853","514","3823503","-11632951","16578","30849","-158","23434","492"
"76957.970","83756","29321","14625","-213","-249","562","-772","538","3823424","-11633090","16593","30844","-621","23442","503"
"76958.970","83744","29283","14620","-257","-200","-368","-619","536","3823345","-11633227","16616","30805","-630","23344","533"
"76959.970","83722","29343","14688","-179","-182","429","-493","508","3823265","-11633365","16645","30871","-454","23369","517"
"76960.970","83685","29349","14818","-103","-61","377","-664","468","3823184","-11633503","16679","30881","-412","23323","496"
"76961.970","83647","29316","15014","39","93","-2","-553","488","3823105","-11633640","16714","30851","-125","23334","508"
"76962.970","83613","29273","15074","36","208","-350","-678","504","3823024","-11633776","16755","30809","-247","23298","526"
"76963.970","83585","29292","14985","-50","196","227","-587","510","3822944","-11633914","16791","30832","-230","23252","478"
"76964.970","83539","29325","15041","108","83","1955","-558","483","3822863","-11634050","16824","30872","-362","23297","385"
"76965.970","83500","29301","15060","123","70","-627","-535","512","3822783","-11634186","16853","30850","-1934","23246","342"
"76966.970","83533","29310","14946","-2","20","-425","-556","465","3822701","-11634323","16873","30857","-1940","23090","361"
"76967.970","83560","29265","15109","159","60","-508","-644","509","3822617","-11634455","16874","30806","-1402","23011","360"
"76968.970","83580","29276","15067","61","77","-896","-611","445","3822531","-11634586","16857","30816","-844","22988","392"
"76969.970","83580","29275","14978","-28","-17","-488","658","416","3822444","-11634719","16849","30814","-531","22948","402"
"76970.970","83580","29262","14975","-114","20","-807","-605","483","3822357","-11634849","16841","30800","-296","22956","397"
"76971.970","83598","29288","14945","-173","-11","-488","-673","502","3822269","-11634980","16841","30826","-167","22924","418"
"76972.970","83595","29335","14899","-137","-166","377","-450","517","3822181","-11635112","16842","30876","-292","22953","503"
"76973.970","83558","29272","15128","55","-79","-301","-486","446","3822093","-11635244","16848","30813","-198","23017","488"
"76974.970","83529","29269","15061","-34","-109","-152","-608","472","3822005","-11635375","16860","30813","65","22993","474"
"76975.970","83499","29286","14975","-113","-188","-295","-518","497","3821916","-11635507","16879","30834","-139","23011","487"
"76976.970","83495","29305","14924","-117","-294","123","-521","526","3821827","-11635639","16902","30855","-41","23054","487"
"76977.970","83457","29303","15125","-28","-125","549","-586","496","3821739","-11635771","16930","30857","-124","23058","494"
"76978.970","83403","29247","15173","-25","-84","-525","-517","473","3821651","-11635905","16966","30804","-27","23000","449"
"76979.970","83405","29297","15209","-41","-43","384","-630","478","3821562","-11636040","17000","30856","-28","23054","491"
"76980.970","83373","29280","15397","-30","183","192","-556","487","3821475","-11636174","17032","30841","-305","22961","443"
"76981.970","83327","29247","15228","-136","12","-386","-446","509","3821386","-11636308","17062","30812","-68","22959","446"
"76982.970","83320","29302","15242","-103","-59","1133","-597","486","3821298","-11636444","17091","30870","-241","23015","423"
"76983.970","83319","29286","15513","121","40","66","-472","490","3821209","-11636576","17118","30854","-1205","22958","460"
"76984.970","83268","29254","15514","167","-44","304","-551","491","3821119","-11636711","17147","30825","-866","22921","457"
"76985.970","83253","29237","15459","75","-68","-919","-668","457","3821027","-11636845","17176","30809","-514","22932","489"
"76986.970","83231","29251","15302","-108","-126","131","-629","490","3820936","-11636978","17208","30826","-403","22876","553"
"76987.970","83168","29250","15345","-19","-189","80","-529","486","3820844","-11637110","17244","30831","-1444","22818","550"
"76988.970","83138","29227","15348","0","-225","-1162","-580","514","3820751","-11637240","17291","30810","-1600","22716","650"
"76989.970","83070","29227","15314","-64","-206","-1038","-617","499","3820656","-11637371","17355","30817","-1134","22641","677"
"76990.970","83001","29211","15191","-121","-310","-1137","-470","531","3820559","-11637499","17437","30808","-865","22591","751"
"76991.970","82919","29245","15168","-146","-294","795","-596","531","3820461","-11637625","17528","30852","-535","22619","752"
"76992.970","82830","29276","15317","-164","-40","1306","-589","514","3820364","-11637750","17628","30895","69","22551","775"
"76993.970","82708","29200","15386","-168","97","190","-591","500","3820266","-11637876","17736","30827","-37","22538","906"
"76994.970","82535","29193","15238","-212","-15","-254","-420","513","3820170","-11638003","17856","30838","3","22529","922"
"76995.970","82401","29178","15191","-223","-16","-120","-686","516","3820074","-11638129","17987","30837","788","22622","834"
"76996.970","82287","29221","15008","-343","-97","1459","-583","528","3819979","-11638256","18126","30895","1199","22693","799"
"76997.970","82165","29181","15145","-190","-51","-242","-640","495","3819886","-11638383","18252","30866","1346","22857","773"
"76998.970","82068","29152","15113","-95","-167","-992","-545","505","3819795","-11638514","18375","30845","1110","22916","837"
"76999.970","81966","29156","14938","-240","-221","-299","-494","526","3819705","-11638644","18494","30861","1200","23070","850"
"77000.970","81864","29132","14914","-258","-190","-188","-588","528","3819617","-11638778","18614","30846","1663","23147","902"
"77001.970","81750","29128","14831","-246","-275","145","-710","521","3819532","-11638914","18737","30854","1476","23338","942"
"77002.970","81621","29152","14783","-265","-251","1215","-503","524","3819450","-11639048","18868","30893","1369","23460","945"
"77003.970","81461","29197","14831","-268","-88","2218","-626","516","3819370","-11639188","19013","30958","1301","23496","870"
"77004.970","81309","29128","14832","-305","6","704","-458","526","3819291","-11639329","19176","30902","1084","23531","980"
"77005.970","81165","29095","14868","-184","-47","-855","-596","478","3819215","-11639470","19331","30883","180","23551","940"
"77006.970","81049","29090","14669","-239","-230","-876","-680","525","3819140","-11639611","19485","30890","-107","23612","1112"
"77007.970","80890","29103","14580","-264","-203","1474","-575","516","3819065","-11639753","19642","30921","385","23656","1054"
"77008.970","80681","29054","14616","-196","-172","-288","-687","512","3818990","-11639894","19805","30891","-1632","23563","1047"
"77009.970","80533","29027","14559","-135","-286","-645","-523","526","3818915","-11640031","19968","30879","-5094","23273","950"
"77010.970","80416","29059","14651","-55","-193","-1132","-472","529","3818836","-11640166","20125","30926","-5677","22891","721"
"77011.970","80336","29081","14818","30","-7","-146","569","408","3818753","-11640296","20251","30959","-2728","22742","628"
"77012.970","80253","29046","14871","157","-70","-1244","-522","511","3818667","-11640421","20334","30931","-1059","22731","666"
"77013.970","80193","29041","14865","124","-75","-113","-584","497","3818577","-11640546","20385","30931","-23","22842","469"
"77014.970","80224","29063","14848","-2","-11","1385","-762","468","3818487","-11640673","20408","30952","1371","22921","470"
"77015.970","80201","29093","14881","-101","77","3689","-536","473","3818398","-11640800","20426","30986","2644","23042","335"
"77016.970","80197","29100","14927","-49","-3","2924","-743","493","3818313","-11640934","20424","30994","3025","23356","302"
"77017.970","80199","29084","14918","-148","7","2442","-446","507","3818231","-11641069","20415","30976","3270","23590","292"
"77018.970","80198","29080","14929","-137","-92","2846","-597","501","3818153","-11641210","20412","30973","3349","23824","246"
"77019.970","80213","29079","15004","-191","7","2167","-518","468","3818080","-11641355","20408","30970","3724","24125","300"
"77020.970","80222","29088","15067","-212","38","3793","-640","509","3818011","-11641506","20397","30979","4015","24368","115"
"77021.970","80245","29122","15044","-278","-60","2614","-565","521","3817948","-11641661","20378","31012","3980","24736","160"
"77022.970","80259","29104","15207","-169","-62","1988","-450","493","3817891","-11641821","20349","30991","4139","25076","161"
"77023.970","80299","29094","15568","29","212","2955","-573","508","3817841","-11641985","20312","30976","4374","25354","53"
"77024.970","80336","29068","15748","148","238","1238","-679","520","3817800","-11642154","20270","30945","4516","25720","70"
"77025.970","80370","29061","15903","229","321","557","-560","540","3817770","-11642326","20223","30934","4430","26049","159"
"77026.970","80412","29065","15932","237","187","535","-585","518","3817749","-11642504","20184","30933","4328","26492","220"
"77027.970","80435","29070","16008","275","78","686","-589","517","3817735","-11642683","20153","30935","3757","26807","171"
"77028.970","80459","29083","16016","236","102","1850","-509","508","3817727","-11642865","20118","30947","3362","27079","268"
"77029.970","80472","29072","15988","166","88","-91","-461","499","3817725","-11643046","20085","30934","2504","27320","384"
"77030.970","80459","29087","16026","181","217","-423","-484","522","3817744","-11643226","20113","30951","2458","27366","334"
"77031.970","80454","29083","15942","56","197","1388","-650","520","3817757","-11643408","20117","30947","2126","27497","284"
"77032.970","80478","29091","16199","265","159","1066","-708","524","3817772","-11643591","20112","30953","1907","27679","328"
"77033.970","80449","29093","16389","407","117","1477","-616","539","3817790","-11643773","20104","30959","1928","27745","242"
"77034.970","80468","29046","16384","354","94","-735","-486","531","3817811","-11643956","20084","30907","534","27811","258"
"77035.970","80519","29060","16329","274","192","75","-615","525","3817834","-11644138","20075","30916","397","27816","360"
"77036.970","80492","29095","16227","139","180","113","-537","499","3817858","-11644320","20060","30956","312","27831","408"
"77037.970","80473","29104","16308","188","193","-85","-587","498","3817881","-11644504","20047","30968","375","27866","277"
"77038.970","80504","29053","16237","82","201","-799","-602","499","3817906","-11644687","20033","30910","406","27879","342"
"77039.970","80521","29081","16235","47","252","654","-499","521","3817931","-11644870","20017","30938","482","27931","282"
"77040.970","80543","29084","16246","15","243","179","-568","512","3817958","-11645054","20006","30939","441","27964","328"
"77041.970","80566","29134","16292","35","283","870","-503","513","3817985","-11645238","19994","30990","580","28009","382"
"77042.970","80508","29078","16741","430","89","1057","-456","540","3818013","-11645420","19990","30937","513","28044","286"
"77043.970","80491","29055","16721","354","-12","-200","-915","522","3818042","-11645605","19985","30913","287","28132","260"
"77044.970","80536","29072","16641","253","70","-36","-628","520","3818072","-11645788","19974","30927","510","28166","241"
"77045.970","80586","29071","16567","130","91","760","-654","493","3818104","-11645973","19951","30920","3029","28324","191"
"77046.970","80629","29136","16375","-80","177","2188","-548","506","3818139","-11646155","19921","30985","5011","28859","167"
"77047.970","80665","29132","16633","121","93","858","-490","496","3818186","-11646334","19889","30977","5343","29406","152"
"77048.970","80598","29100","16731","226","48","-827","-465","510","3818244","-11646509","19857","30950","5917","30103","323"
"77049.970","80680","29122","16726","206","49","2958","-474","510","3818316","-11646675","19821","30964","5621","30471","99"
"77050.970","80735","29078","16797","151","-107","-839","-528","484","3818400","-11646833","19781","30911","2734","30747","233"
"77051.970","80707","29096","16755","160","42","-5","-734","489","3818491","-11646985","19736","30934","2323","30731","223"
"77052.970","80755","29092","16816","183","39","568","-580","493","3818583","-11647138","19698","30924","2100","30870","171"
"77053.970","80769","29074","16737","28","27","-702","-563","471","3818680","-11647287","19668","30903","1784","31010","254"
"77054.970","80785","29095","16690","-26","92","-217","-631","489","3818779","-11647431","19644","30924","1677","31132","235"
"77055.970","80812","29120","16735","-2","115","611","-698","460","3818879","-11647576","19618","30948","1605","31192","203"
"77056.970","80834","29134","16719","-49","151","255","-553","484","3818982","-11647718","19588","30960","1474","31317","208"
"77057.970","80873","29155","17021","249","97","1227","-485","514","3819086","-11647859","19557","30978","1465","31347","162"
"77058.970","80877","29126","17327","415","-117","1518","-856","529","3819193","-11647998","19527","30947","1555","31448","117"
"77059.970","80915","29113","17276","458","55","320","-555","544","3819301","-11648134","19498","30929","1370","31516","164"
"77060.970","80952","29142","17111","254","131","546","-732","519","3819411","-11648270","19463","30956","1049","31551","188"
"77061.970","81013","29136","17445","391","-145","1174","-555","536","3819523","-11648403","19430","30943","934","31702","167"
"77062.970","81034","29117","17504","441","-148","-633","-526","546","3819637","-11648537","19405","30920","561","31698","242"
"77063.970","81059","29168","17532","421","-170","1501","-536","539","3819751","-11648667","19385","30971","151","31725","219"
"77064.970","81059","29152","17511","295","-216","1726","-403","505","3819866","-11648799","19368","30955","187","31768","186"
"77065.970","81083","29111","17410","134","-204","-330","-582","513","3819981","-11648930","19356","30908","479","31864","266"
"77066.970","81097","29122","17385","95","-182","-458","-815","494","3820098","-11649058","19346","30919","380","31888","286"
"77067.970","81078","29127","17388","63","-196","-37","-445","507","3820215","-11649188","19337","30926","419","31960","267"
"77068.970","81117","29156","17223","-15","-18","1102","598","430","3820332","-11649314","19330","30952","181","31936","272"
"77069.970","81102","29153","17159","-9","107","803","-435","498","3820450","-11649443","19321","30951","499","31959","225"
"77070.970","81125","29129","17345","-53","-146","474","490","399","3820569","-11649572","19308","30923","365","32013","232"
"77071.970","81143","29154","17428","30","-138","701","-736","474","3820689","-11649699","19290","30947","384","32118","152"
"77072.970","81164","29137","17427","184","26","-616","-615","502","3820809","-11649823","19267","30927","419","32002","171"
"77073.970","81193","29162","17312","-8","65","1014","-535","507","3820930","-11649948","19237","30951","-682","32040","79"
"77074.970","81313","29193","17368","82","141","559","-467","521","3821050","-11650077","19204","30971","-3564","31747","164"
"77075.970","81376","29145","17396","144","199","-1836","-566","514","3821168","-11650209","19157","30913","-3880","31440","194"
"77076.970","81412","29194","17451","211","257","359","-690","530","3821168","-11650209","19157","30961","-3326","31249","130"
"77077.970","81468","29172","17477","158","206","-1007","-557","511","3821393","-11650489","19043","30931","-3023","31028","205"
"77078.970","81507","29175","17409","74","259","-198","-622","520","3821498","-11650639","18990","30931","-2455","30919","241"
"77079.970","81510","29182","17645","145","10","21","-672","488","3821601","-11650792","18962","30938","-1441","30886","240"
"77080.970","81520","29202","17810","146","-214","304","-608","525","3821702","-11650946","18944","30957","-1282","30906","216"
"77081.970","81541","29195","17858","156","-261","-307","-536","518","3821801","-11651104","18921","30948","-1568","30842","252"
"77082.970","81559","29214","17883","115","-353","-168","-554","533","3821898","-11651262","18901","30966","-1657","30777","206"
"77083.970","81537","29170","17824","75","-294","-1027","-564","518","3821995","-11651422","18877","30922","-823","30785","145"
"77084.970","81607","29197","17839","84","-277","135","-505","514","3822090","-11651582","18845","30943","-94","30762","150"
"77085.970","81665","29194","17832","61","-270","-963","-457","515","3822186","-11651743","18810","30933","115","30796","187"
"77086.970","81735","29194","17735","17","-153","-1376","-572","507","3822282","-11651902","18766","30926","285","30834","274"
"77087.970","81756","29212","17642","14","-22","-762","-780","482","3822379","-11652063","18733","30942","540","30842","397"
"77088.970","81738","29221","17531","-142","-80","-581","-900","488","3822476","-11652219","18714","30954","272","30918","534"
"77089.970","81684","29204","17476","-127","-28","-583","-531","484","3822575","-11652378","18726","30942","416","30974","562"
"77090.970","81592","29192","17454","-41","57","-191","-554","460","3822674","-11652533","18768","30939","156","30933","463"
"77091.970","81550","29244","17331","-135","84","254","-542","459","3822773","-11652688","18833","30999","280","30947","462"
"77092.970","81507","29226","17403","-65","13","289","-718","484","3822873","-11652842","18904","30984","-585","30947","526"
"77093.970","81419","29210","17419","-18","-7","-1079","-538","470","3822972","-11652998","18991","30977","-4323","30694","514"
"77094.970","81333","29180","17598","372","186","-1256","-503","541","3823065","-11653157","19050","30954","-9841","30257","81"
"77095.970","81365","29156","17622","479","303","-3184","-520","548","3823065","-11653157","19050","30926","-7765","30038","-175"
"77096.970","81549","29190","17563","244","214","-242","-620","527","3823241","-11653484","18959","30942","1146","30178","-225"
"77097.970","81779","29200","17657","314","293","1238","-817","529","3823326","-11653652","18824","30927","4245","30502","-287"
"77098.970","81883","29194","17828","368","201","14","-616","536","3823326","-11653652","18824","30910","609","30577","-262"
"77099.970","82056","29227","17907","457","325","-212","-606","547","3823416","-11653814","18639","30926","406","30544","-199"
"77100.970","82237","29261","18141","504","122","1598","-513","539","3823512","-11653977","18429","30943","85","30520","-203"
"77101.970","82345","29227","18263","492","-57","-947","-551","548","3823609","-11654138","18208","30895","93","30643","55"
"77102.970","82402","29254","17929","171","71","-412","-659","508","3823705","-11654302","18041","30917","-56","30671","41"
"77103.970","82473","29305","17910","217","156","-173","-547","514","3823802","-11654463","17914","30964","-69","30685","171"
"77104.970","82509","29338","18020","457","255","266","-639","541","3823900","-11654627","17822","30995","172","30628","217"
"77105.970","82511","29261","17973","412","219","-546","-568","537","3823998","-11654789","17756","30913","-15","30625","208"
"77106.970","82555","29312","17786","278","297","-613","-715","533","3824096","-11654949","17719","30963","-91","30651","239"
"77107.970","82555","29284","17570","115","385","-379","-673","534","3824193","-11655110","17706","30932","-149","30662","244"
"77108.970","82589","29377","17657","221","333","363","-488","530","3824291","-11655269","17710","31027","-81","30660","260"
"77109.970","82586","29292","17792","347","207","-362","-739","532","3824388","-11655429","17714","30938","-136","30671","280"
"77110.970","82598","29362","17561","178","303","650","-513","537","3824487","-11655588","17720","31011","-126","30674","243"
"77111.970","82594","29356","17437","20","239","-189","-525","524","3824584","-11655747","17727","31005","-124","30710","283"
"77112.970","82613","29353","17258","-49","390","110","-577","539","3824681","-11655905","17733","31000","13","30732","328"
"77113.970","82613","29402","17226","-7","444","600","-647","539","3824778","-11656063","17738","31051","-72","30715","296"
"77114.970","82601","29341","17358","40","222","81","-604","492","3824875","-11656222","17744","30988","-178","30721","306"
"77115.970","82594","29330","17249","-75","195","-245","-464","510","3824973","-11656378","17752","30977","-143","30783","306"
"77116.970","82632","29361","17195","4","334","148","-624","525","3825069","-11656534","17757","31006","-42","30758","337"
"77117.970","82583","29343","17319","189","307","118","-567","528","3825166","-11656691","17763","30992","-90","30706","308"
"77118.970","82597","29305","17204","152","384","-799","-581","532","3825263","-11656848","17770","30950","7","30720","348"
"77119.970","82598","29387","17093","135","486","356","-541","541","3825359","-11657002","17781","31036","262","30707","331"
"77120.970","82559","29364","17369","192","41","1112","-369","511","3825456","-11657157","17790","31017","447","30787","290"
"77121.970","82578","29331","17366","191","-16","21","-509","523","3825553","-11657311","17800","30980","536","30936","322"
"77122.970","82556","29317","17340","219","-18","-639","-724","507","3825651","-11657463","17812","30967","362","30935","365"
"77123.970","82549","29297","17022","-55","69","-1691","616","433","3825749","-11657616","17827","30947","-45","30963","384"
"77124.970","82543","29360","16903","-44","201","584","-427","510","3825847","-11657767","17840","31014","268","31002","359"
"77125.970","82540","29328","17011","231","305","359","-634","533","3825946","-11657916","17855","30981","394","30952","372"
"77126.970","82511","29345","16871","173","373","-55","-603","536","3826045","-11658064","17872","31002","-10","30903","411"
"77127.970","82495","29398","16863","162","295","731","-427","534","3826144","-11658212","17893","31060","12","30972","432"
"77128.970","82461","29304","16720","124","381","-525","-570","529","3826243","-11658359","17919","30963","77","30957","566"
"77129.970","82396","29334","16570","91","454","-181","-626","533","3826342","-11658504","17953","31003","207","30991","647"
"77130.970","82311","29286","16481","73","439","-994","-644","538","3826441","-11658647","18004","30961","258","30985","729"
"77131.970","82196","29299","16228","-95","478","0","-629","542","3826540","-11658792","18073","30987","41","31062","754"
"77132.970","82082","29301","16625","236","101","701","-606","531","3826639","-11658933","18167","31002","88","31087","734"
"77133.970","81924","29249","16701","381","15","-983","-661","536","3826737","-11659074","18292","30963","7","31118","763"
"77134.970","81846","29245","16327","255","299","-679","-577","537","3826835","-11659213","18448","30968","26","31078","741"
"77135.970","81726","29239","16255","260","298","-1280","-488","536","3826933","-11659354","18580","30974","210","31094","761"
"77136.970","81600","29291","16268","319","217","-340","-661","531","3827031","-11659491","18708","31044","386","31112","708"
"77137.970","81503","29289","15927","74","348","1252","-480","539","3827129","-11659627","18828","31052","256","31166","627"
"77138.970","81418","29283","16029","134","198","897","474","416","3827226","-11659762","18941","31054","42","31192","509"
"77139.970","81374","29256","16025","101","107","47","-543","494","3827324","-11659898","19042","31030","-3287","31037","564"
"77140.970","81283","29227","16045","71","2","-2076","-585","478","3827422","-11660033","19139","31009","-8280","30715","258"
"77141.970","81346","29259","16019","172","202","-318","-585","502","3827514","-11660171","19202","31037","-4963","30454","20"
"77142.970","81458","29267","15948","107","315","1701","-552","530","3827600","-11660316","19203","31033","948","30500","-3"
"77143.970","81525","29224","15934","150","487","1458","-640","543","3827688","-11660462","19160","30981","2094","30688","-91"
"77144.970","81651","29321","16058","106","337","1612","-503","504","3827775","-11660608","19069","31069","2355","30846","-92"
"77145.970","81786","29285","16083","33","288","819","-673","511","3827864","-11660754","18943","31016","2046","31116","-55"
"77146.970","81871","29270","16017","-6","415","-308","-595","535","3827957","-11660897","18804","30992","1531","31186","96"
"77147.970","81929","29277","16012","-46","427","-166","-500","540","3828055","-11661036","18688","30993","1288","31297","72"
"77148.970","81989","29296","16048","-99","369","459","-628","542","3828155","-11661172","18556","31006","1062","31369","116"
"77149.970","82049","29248","16072","-102","353","-691","-668","529","3828258","-11661306","18443","30949","824","31464","148"
"77150.970","82095","29280","16014","-146","420","-13","-740","538","3828361","-11661441","18359","30978","551","31490","149"
"77151.970","82140","29333","16268","142","383","-270","-450","524","3828466","-11661573","18291","31029","157","31492","164"
"77152.970","82197","29315","16367","326","443","-194","-473","540","3828571","-11661705","18235","31004","247","31414","258"
"77153.970","82222","29358","16337","307","461","-100","-524","550","3828677","-11661837","18181","31046","238","31456","318"
"77154.970","82218","29375","16453","405","387","744","-642","549","3828784","-11661967","18137","31065","-240","31456","253"
"77155.970","82216","29349","16727","594","178","279","-448","549","3828891","-11662096","18108","31038","-719","31394","247"
"77156.970","82219","29346","16657","545","218","-66","-571","549","3828999","-11662226","18093","31035","-1012","31378","255"
"77157.970","82230","29303","16539","489","336","-130","-631","552","3829106","-11662357","18089","30988","-867","31302","236"
"77158.970","82271","29299","16400","323","386","-350","-589","545","3829211","-11662487","18078","30979","-913","31260","251"
"77159.970","82305","29297","16273","107","381","-979","-430","516","3829316","-11662621","18060","30974","-1454","31266","213"
"77160.970","82394","29327","16085","-58","517","-647","-360","552","3829420","-11662754","18035","30995","-1152","31183","359"
"77161.970","82369","29305","16043","-177","464","-777","-562","541","3829524","-11662891","18011","30975","-785","31205","346"
"77162.970","82387","29375","16118","-72","501","176","-482","534","3829625","-11663027","17992","31047","-289","31182","327"
"77163.970","82399","29343","16518","157","161","55","-535","506","3829727","-11663166","17983","31012","-93","31214","368"
"77164.970","82385","29320","16616","230","92","-190","-508","513","3829828","-11663303","17986","30989","-217","31233","440"
"77165.970","82348","29299","16426","85","194","-653","-630","500","3829929","-11663443","18002","30971","-73","31247","448"
"77166.970","82326","29370","16079","-142","447","399","-532","545","3830030","-11663581","18028","31048","-79","31236","459"
"77167.970","82288","29362","16186","-118","306","746","-442","538","3830132","-11663718","18063","31044","-24","31262","445"
"77168.970","82236","29276","16310","-141","87","-221","-634","506","3830233","-11663855","18100","30959","-33","31325","448"
"77169.970","82226","29327","16030","-300","325","-200","-468","532","3830335","-11663993","18138","31013","-433","31324","482"
"77170.970","82194","29402","16024","-151","485","459","-491","556","3830436","-11664130","18178","31096","-149","31275","477"
"77171.970","82131","29350","16172","-52","350","-34","-582","523","3830538","-11664267","18216","31048","-162","31236","524"
"77172.970","82080","29331","16131","-125","313","47","-511","524","3830639","-11664405","18255","31033","-327","31256","488"
"77173.970","82061","29307","16114","-185","264","-425","-512","526","3830741","-11664541","18297","31011","-759","31257","536"
"77174.970","82006","29310","16104","-214","236","-427","-551","514","3830842","-11664677","18344","31019","-1103","31214","527"
"77175.970","81966","29296","16130","-172","242","-566","-482","514","3830942","-11664817","18395","31009","-897","31183","493"
"77176.970","81949","29363","16109","-148","293","217","-499","535","3831042","-11664955","18441","31081","-843","31107","547"
"77177.970","81891","29318","16039","-201","332","-787","-482","527","3831140","-11665094","18488","31040","-984","31054","555"
"77178.970","81843","29389","16021","-221","316","951","-675","533","3831238","-11665235","18540","31120","-883","31025","504"
"77179.970","81775","29340","16336","-22","75","-40","-722","460","3831335","-11665377","18595","31076","-835","31026","483"
"77180.970","81731","29294","16424","71","59","-580","-467","461","3831431","-11665518","18653","31032","-709","30962","523"
"77181.970","81693","29262","16294","-129","41","-1099","-669","477","3831526","-11665662","18707","31003","-327","30986","539"
"77182.970","81670","29275","16143","-303","80","-711","-591","524","3831621","-11665806","18758","31018","-90","31065","558"
"77183.970","81601","29329","16109","-297","158","852","-587","530","3831716","-11665950","18807","31083","67","31054","491"
"77184.970","81556","29297","16443","1","31","214","-537","468","3831812","-11666095","18858","31054","12","31055","508"
"77185.970","81521","29234","16384","-51","81","-1068","-712","453","3831907","-11666237","18912","30992","-179","31042","592"
"77186.970","81455","29250","16242","-103","246","-188","-719","519","3832003","-11666381","18966","31016","-281","31010","609"
"77187.970","81388","29236","16171","-145","315","-906","-614","516","3832099","-11666525","19024","31008","-386","30970","620"
"77188.970","81322","29293","16229","-85","288","422","-515","529","3832195","-11666667","19087","31075","-326","30973","636"
"77189.970","81211","29235","16293","-67","212","-177","-596","521","3832291","-11666811","19158","31026","-363","30964","615"
"77190.970","81146","29242","16035","-214","441","-368","-511","545","3832387","-11666955","19237","31040","-459","30931","702"
"77191.970","81056","29261","16072","-223","358","-131","-635","527","3832482","-11667098","19323","31071","-497","30914","657"
"77192.970","80965","29237","16041","-231","389","563","-621","531","3832578","-11667245","19416","31055","-524","30901","674"
"77193.970","80861","29198","16018","-260","401","-1007","-622","546","3832672","-11667388","19516","31025","-1857","30805","625"
"77194.970","80806","29238","16000","-309","357","-122","-605","538","3832766","-11667533","19616","31074","-1680","30683","729"
"77195.970","80739","29228","15878","-343","509","-1363","-505","551","3832858","-11667681","19712","31070","-1138","30633","882"
"77196.970","80583","29157","15863","-275","574","-912","-554","545","3832949","-11667830","19811","31012","-807","30571","763"
"77197.970","80479","29238","15810","-368","508","1293","-460","553","3833037","-11667980","19921","31110","-440","30574","665"
"77198.970","80420","29212","16130","-231","233","1513","-354","532","3833126","-11668130","20029","31088","-82","30654","676"
"77199.970","80314","29157","16352","-182","57","-273","-471","511","3833214","-11668281","20143","31041","-366","30646","723"
"77200.970","80226","29168","16476","-98","52","302","-714","487","3833302","-11668431","20258","31063","-220","30701","758"
"77201.970","80090","29123","16596","-11","60","-944","-499","476","3833391","-11668582","20378","31030","-27","30644","844"
"77202.970","79978","29118","16431","-77","315","-1587","-612","524","3833479","-11668736","20510","31038","79","30662","1008"
"77203.970","79821","29113","16317","-165","383","-345","-477","539","3833569","-11668888","20655","31049","-95","30638","1111"
"77204.970","79616","29089","16187","-346","396","-1936","-633","549","3833659","-11669039","20808","31047","-52","30690","1178"
"77205.970","79411","29078","15980","-544","440","-1789","-502","555","3833749","-11669190","20983","31058","-452","30709","1337"
"77206.970","79170","29034","15996","-553","334","-1203","-536","553","3833840","-11669338","21198","31037","-1009","30648","1413"
"77207.970","78906","29041","15790","-627","452","755","-471","556","3833928","-11669490","21435","31075","-1117","30580","1450"
"77208.970","78624","29022","15941","-286","651","-939","-529","551","3834017","-11669641","21710","31086","-1632","30373","1512"
"77209.970","78316","28974","15858","-184","837","-1208","-476","573","3834102","-11669792","22012","31070","-1378","30154","1590"
"77210.970","78008","28963","15697","-378","635","897","-578","550","3834185","-11669943","22366","31093","-954","30188","1446"
"77211.970","77732","28949","15675","-420","506","1569","-469","554","3834263","-11670096","22754","31109","-728","30264","1430"
"77212.970","77433","28938","15777","-343","340","1921","-690","519","3834343","-11670250","23089","31131","-607","30288","1308"
"77213.970","77185","28922","15768","-395","193","2134","-564","536","3834422","-11670402","23414","31143","-621","30245","1443"
"77214.970","76920","28876","15784","-441","42","973","-563","541","3834500","-11670555","23733","31124","-580","30339","1493"
"77215.970","76667","28807","15815","-324","83","-181","-485","523","3834577","-11670709","24052","31078","-3100","30131","1633"
"77216.970","76377","28847","15699","-301","257","-1280","-487","521","3834652","-11670861","24380","31155","-11715","29402","1087"
"77217.970","76200","28902","15861","-2","432","-69","-500","530","3834721","-11671019","24701","31236","-13029","29082","159"
"77218.970","76134","28876","16042","20","229","14","-465","469","3834778","-11671186","24923","31216","-12333","28814","-420"
"77219.970","76202","28807","16182","50","435","-2372","-440","524","3834834","-11671360","25028","31133","-5533","28527","-348"
"77220.970","76410","28785","16464","133","521","-226","-493","533","3834885","-11671532","25043","31085","1064","28570","-144"
"77221.970","76553","28801","16574","-23","273","91","408","418","3834934","-11671707","24933","31086","2688","29052","14"
"77222.970","76649","28800","16646","-69","427","-62","-579","550","3834982","-11671887","24652","31074","3553","29452","44"
"77223.970","76711","28808","16797","-72","389","28","-634","543","3835037","-11672066","24433","31075","4275","29887","197"
"77224.970","76711","28803","16824","-179","370","1068","-578","535","3835098","-11672242","24305","31070","4654","30425","228"
"77225.970","76707","28881","16765","-306","484","3200","-547","547","3835169","-11672416","24234","31154","4517","30885","276"
"77226.970","76722","28904","17022","-125","444","2390","-481","531","3835263","-11672577","24194","31178","3909","31339","394"
"77227.970","76668","28807","17250","145","510","724","-540","543","3835367","-11672731","24198","31079","4326","31579","571"
"77228.970","76566","28810","17327","107","406","1013","-687","548","3835477","-11672876","24238","31094","4239","32128","724"
"77229.970","76505","28805","17347","25","337","-41","-823","517","3835594","-11673011","24281","31096","3756","32474","818"
"77230.970","76359","28852","17385","83","316","1784","-562","511","3835719","-11673136","24416","31163","3583","32752","865"
"77231.970","76177","28857","17405","163","330","2468","-489","514","3835850","-11673254","24587","31190","4057","33104","963"
"77232.970","76002","28844","17148","-225","378","2983","-532","549","3835985","-11673357","24812","31197","3852","33527","1034"
"77233.970","75772","28802","17245","-208","265","1165","-488","527","3836125","-11673452","25054","31178","3737","33872","1118"
"77234.970","75540","28757","17172","-96","355","64","-589","528","3836266","-11673537","25306","31156","3766","34191","1261"
"77235.970","75238","28752","17108","-187","267","2447","-501","524","3836412","-11673613","25558","31187","4211","34551","1343"
"77236.970","74941","28745","17056","-234","217","3023","-575","521","3836559","-11673677","25836","31214","4950","35179","1339"
"77237.970","74584","28681","17018","-138","161","3086","-531","511","3836709","-11673726","26133","31187","5468","35683","1395"
"77238.970","74269","28658","16775","-66","293","3487","-521","525","3836860","-11673761","26429","31200","5642","337","1439"
"77239.970","74051","28579","16761","-106","250","448","-472","510","3837010","-11673781","26711","31140","4925","759","1513"
"77240.970","73667","28577","16615","74","251","369","-755","533","3837159","-11673781","27017","31184","3381","1043","1852"
"77241.970","73452","28556","16260","-10","438","1915","-531","530","3837306","-11673761","27394","31188","458","1031","1784"
"77242.970","73129","28517","16191","103","446","-1080","-583","538","3837453","-11673730","27804","31185","-10192","184","1745"
"77243.970","72756","28539","16185","75","321","-75","-418","506","3837599","-11673700","28248","31254","-15321","19","448"
"77244.970","72603","28436","16379","349","148","-4023","-591","520","3837753","-11673677","28558","31159","-14854","35973","-159"
"77245.970","72567","28437","16670","535","-10","-3930","-510","530","3837909","-11673655","28897","31165","-6500","35367","-122"
"77246.970","72745","28452","16739","260","86","-305","-514","523","3838055","-11673655","29170","31160","1435","35585","114"
"77247.970","72800","28506","17095","26","-120","2998","-479","446","3838199","-11673652","29369","31212","3898","261","71"
"77248.970","72829","28493","17224","298","-135","780","-339","520","3838350","-11673645","29415","31194","3978","795","246"
"77249.970","72897","28556","17019","763","117","1383","-511","560","3838502","-11673634","29323","31256","317","635","539"
"77250.970","72788","28589","17112","-62","193","6355","-475","509","3838658","-11673611","29158","31305","-901","517","470"
"77251.970","72805","28526","17085","-226","337","2065","-550","532","3838815","-11673587","29152","31234","-175","779","744"
"77252.970","72687","28508","17081","-323","401","1782","-554","542","3838972","-11673564","29079","31228","-1350","640","718"
"77253.970","72636","28445","17128","-498","448","916","-528","549","3839131","-11673539","29040","31166","-6018","400","571"
"77254.970","72561","28433","17250","-418","382","-1224","-535","541","3839288","-11673520","29050","31162","-6888","35934","409"
"77255.970","72531","28409","17389","-348","318","-452","-601","537","3839449","-11673510","29017","31139","-7087","35491","253"
"77256.970","72545","28407","17404","-386","390","432","-508","550","3839608","-11673515","29021","31135","-8117","35054","-28"
"77257.970","72543","28461","17430","-273","553","2874","-574","548","3839768","-11673537","28994","31195","-8156","34346","-316"
"77258.970","72695","28519","17702","-316","398","4642","-479","542","3839928","-11673576","28899","31239","-6885","33892","-546"
"77259.970","72853","28479","18174","-467","-32","2322","-391","524","3840084","-11673634","28780","31177","-6582","33466","-476"
"77260.970","73053","28473","18793","15","-377","476","-550","522","3840236","-11673711","28702","31145","-5828","33057","-436"
"77261.970","73277","28493","18954","143","-360","-616","-587","536","3840386","-11673804","28577","31140","-4184","32786","-384"
"77262.970","73467","28523","19185","84","-485","581","-495","538","3840532","-11673909","28421","31150","-1859","32765","-386"
"77263.970","73663","28532","19306","256","-380","-407","-420","540","3840675","-11674021","28234","31136","-242","32753","-261"
"77264.970","73814","28546","19384","324","-320","-626","-559","533","3840818","-11674137","28022","31133","11","32750","-79"
"77265.970","73940","28564","19438","426","-228","207","-536","541","3840962","-11674254","27830","31137","404","32758","74"
"77266.970","74003","28565","19253","258","-67","-1186","-488","527","3841108","-11674372","27649","31131","646","32837","213"
"77267.970","74034","28552","19238","134","-98","-1706","-530","513","3841255","-11674490","27476","31113","685","32931","347"
"77268.970","74029","28551","19160","139","17","-902","-574","479","3841402","-11674610","27290","31112","-441","32920","269"
"77269.970","74028","28568","19259","208","-34","-821","-557","519","3841546","-11674731","27080","31132","-3687","32691","294"
"77270.970","74062","28638","19189","171","55","2011","-557","483","3841691","-11674851","26961","31203","-6739","32232","137"
"77271.970","74077","28593","19252","272","71","180","-468","503","3841835","-11674971","26868","31152","-6806","31704","-41"
"77272.970","74139","28603","19574","245","-345","146","-611","527","3841972","-11675103","26784","31156","-6421","31412","-75"
"77273.970","74210","28614","19720","323","-480","375","-548","551","3842101","-11675247","26699","31159","-5880","31228","-185"
"77274.970","74339","28601","19668","374","-370","-729","-512","549","3842221","-11675409","26641","31130","-5097","30893","-245"
"77275.970","74454","28620","19677","288","-457","293","-497","545","3842330","-11675580","26503","31137","-3871","30792","-260"
"77276.970","74616","28640","19738","492","-292","-621","-502","544","3842436","-11675754","26340","31139","-3170","30606","-284"
"77277.970","74830","28682","19548","390","-89","-111","-522","531","3842535","-11675934","26188","31159","-1312","30465","-233"
"77278.970","74959","28703","19698","441","-290","-224","-407","547","3842637","-11676111","26001","31167","-800","30531","-115"
"77279.970","75085","28722","19633","371","-307","-752","-464","548","3842737","-11676289","25827","31173","-26","30479","-96"
"77280.970","75223","28740","19561","242","-424","574","-522","552","3842836","-11676467","25667","31176","-370","30614","-36"
"77281.970","75191","28669","19939","662","-543","2527","-461","568","3842934","-11676648","25525","31102","63","30547","-262"
"77282.970","75327","28664","19657","492","-378","1665","-576","551","3843033","-11676827","25400","31080","106","30568","-309"
"77283.970","75487","28688","19654","589","-299","466","-455","550","3843131","-11677005","25265","31088","-136","30497","-399"
"77284.970","75694","28723","19534","406","-396","-60","-547","551","3843229","-11677182","25106","31102","-633","30548","-428"
"77285.970","75953","28808","19372","215","-307","3222","-484","534","3843327","-11677359","24923","31163","-600","30528","-570"
"77286.970","76185","28787","19454","278","-401","1808","-686","523","3843424","-11677535","24713","31114","-655","30530","-485"
"77287.970","76430","28803","19408","292","-316","1399","-455","546","3843520","-11677711","24480","31102","-600","30521","-387"
"77288.970","76619","28874","19436","393","-169","3086","-557","544","3843617","-11677889","24238","31157","-426","30413","-408"
"77289.970","76784","28880","19442","375","-229","1562","-569","548","3843712","-11678069","24021","31144","-740","30416","-428"
"77290.970","77010","28900","19508","433","-250","1917","-551","539","3843807","-11678248","23800","31140","-573","30373","-363"
"77291.970","77164","28919","19533","492","-175","2797","-522","540","3843901","-11678427","23586","31142","-578","30327","-344"
"77292.970","77336","28927","19502","452","-202","1655","-411","544","3843996","-11678607","23380","31131","-487","30293","-318"
"77293.970","77523","28954","19447","472","-88","729","-525","546","3844090","-11678787","23185","31138","-640","30308","-183"
"77294.970","77662","28953","19438","504","-80","-560","-608","535","3844182","-11678969","23002","31121","-595","30214","-71"
"77295.970","77777","28922","19668","637","-334","216","-540","556","3844275","-11679151","22832","31075","-281","30254","-58"
"77296.970","77844","28936","19530","565","-242","-171","-655","554","3844366","-11679334","22681","31083","-316","30250","-55"
"77297.970","77952","28965","19379","453","-205","-146","-564","545","3844457","-11679516","22559","31102","-1120","30189","17"
"77298.970","78005","29024","19224","296","-223","1062","-573","536","3844547","-11679700","22462","31158","-1799","30147","-19"
"77299.970","78090","29035","19267","378","-213","1717","-628","537","3844637","-11679883","22389","31161","-1769","30006","-14"
"77300.970","78176","28999","19255","502","-48","-967","-877","548","3844723","-11680067","22332","31112","-1278","29914","82"
"77301.970","78220","28989","18894","178","25","-1890","-716","492","3844808","-11680255","22291","31097","-840","29875","125"
"77302.970","78242","28996","18952","216","-61","280","-511","516","3844891","-11680442","22235","31102","-22","29935","-62"
"77303.970","78363","29029","18926","251","-6","-641","-527","504","3844973","-11680629","22171","31123","1340","30001","8"
"77304.970","78514","29038","18878","179","-64","-61","-520","505","3845055","-11680815","22099","31115","3800","30282","12"
"77305.970","78599","29062","18942","184","-215","1059","-453","522","3845141","-11681002","22016","31132","4399","30744","51"
"77306.970","78624","29068","19092","344","-320","1445","-811","547","3845233","-11681179","21944","31136","4958","31233","131"
"77307.970","78639","29062","19071","491","-229","1411","-454","544","3845335","-11681346","21897","31127","4885","31702","211"
"77308.970","78635","29093","18778","334","-81","736","-487","522","3845449","-11681501","21873","31161","4925","32128","354"
"77309.970","78601","29062","18779","165","-343","-16","-393","544","3845571","-11681645","21875","31132","5334","32628","334"
"77310.970","78554","29059","18733","235","-316","-74","-416","530","3845701","-11681776","21894","31134","5148","32967","321"
"77311.970","78492","29082","18528","216","-160","536","-531","508","3845838","-11681895","21895","31166","6697","33527","182"
"77312.970","78475","29053","18412","251","-89","-446","-478","527","3845981","-11682000","21880","31136","6910","34252","94"
"77313.970","78518","29072","18511","143","-270","1468","-397","549","3846130","-11682085","21844","31152","6653","34799","24"
"77314.970","78613","29053","18662","184","-439","840","-568","538","3846285","-11682151","21798","31121","6935","35325","-173"
"77315.970","78724","29024","18745","190","-517","1323","-498","555","3846445","-11682196","21726","31077","5654","35685","-226"
"77316.970","78777","29025","18817","187","-563","-242","-571","545","3846608","-11682221","21625","31072","556","35647","-204"
"77317.970","78914","29041","18619","232","-333","-1881","-554","535","3846773","-11682236","21524","31074","208","35619","56"
"77318.970","79045","29069","18580","303","-262","-1076","-752","528","3846938","-11682251","21412","31089","795","35660","15"
"77319.970","79103","29146","18586","62","-257","1325","-652","512","3847103","-11682263","21311","31165","730","35755","80"
"77320.970","79217","29129","18634","39","-295","-80","-618","538","3847269","-11682273","21214","31133","33","35837","69"
"77321.970","79245","29108","18612","119","-280","-725","-499","506","3847434","-11682281","21125","31108","-1393","35693","225"
"77322.970","79210","29076","18763","83","-481","-1002","-591","546","3847601","-11682291","21046","31078","-2445","35592","206"
"77323.970","79304","29077","18506","189","-282","-3497","-517","520","3847767","-11682301","20982","31068","-4913","35099","400"
"77324.970","79228","29093","18241","117","-83","-1168","-410","506","3847932","-11682320","20921","31094","-5920","34435","430"
"77325.970","79232","29097","18080","196","0","-1306","-834","507","3848095","-11682349","20927","31098","-5404","33898","458"
"77326.970","79239","29081","17992","147","6","-1138","-379","456","3848256","-11682391","20860","31080","-5530","33548","463"
"77327.970","79205","29107","17891","112","15","597","-540","496","3848411","-11682454","20898","31112","-5568","33140","415"
"77328.970","79212","29088","17876","120","15","-1132","-615","478","3848559","-11682534","20978","31091","-4806","32848","343"
"77329.970","79160","29108","17859","152","17","-297","-549","488","3848703","-11682624","21036","31118","-3900","32723","304"
"77330.970","79132","29112","18205","423","-261","893","-345","532","3848843","-11682725","21107","31126","-1997","32574","268"
"77331.970","79149","29082","18407","724","-359","-759","-764","560","3848980","-11682833","21131","31091","-1390","32489","387"
"77332.970","79110","29102","18233","572","-316","-1142","-506","552","3849114","-11682943","21148","31117","-972","32450","372"
"77333.970","79090","29144","17928","536","-22","-956","-582","543","3849246","-11683056","21167","31164","-698","32444","385"
"77334.970","79140","29161","17859","318","-139","1247","-544","516","3849377","-11683170","21188","31177","-284","32472","332"
"77335.970","79079","29108","17573","43","-40","-1348","-502","497","3849506","-11683284","21266","31127","231","32582","499"
"77336.970","79076","29087","17621","330","43","-1790","-552","530","3849635","-11683400","21333","31105","-2959","32462","597"
"77337.970","78989","29086","17804","661","-41","239","-457","553","3849764","-11683515","21390","31113","-3931","31850","682"
"77338.970","78898","29106","17742","448","-213","977","-529","540","3849890","-11683633","21432","31146","-4087","31628","612"
"77339.970","78805","29023","17543","411","-32","-3036","-620","535","3850009","-11683759","21487","31067","-4698","31284","804"
"77340.970","78707","29030","17258","258","114","-761","-553","515","3850123","-11683891","21570","31085","-4006","31075","696"
"77341.970","78601","29065","17288","357","92","200","-397","542","3850231","-11684031","21679","31135","-3447","30817","696"
"77342.970","78507","29007","17269","428","132","-216","-573","536","3850330","-11684185","21913","31083","-3233","30553","851"
"77343.970","78330","28971","17335","567","114","-2501","-625","546","3850424","-11684339","22120","31065","-2621","30445","773"
"77344.970","78184","29004","17032","311","154","-756","-516","533","3850515","-11684494","22277","31117","-1367","30445","646"
"77345.970","78137","29020","16806","71","109","556","-512","500","3850604","-11684653","22411","31140","-441","30513","541"
"77346.970","78070","29002","16997","167","-137","389","-523","518","3850691","-11684811","22532","31128","-972","30538","550"
"77347.970","77945","29009","17018","282","-55","1185","-378","522","3850777","-11684969","22643","31149","-1199","30428","553"
"77348.970","77984","28948","17062","349","-87","-822","-529","536","3850863","-11685128","22743","31079","-5465","30096","625"
"77349.970","77815","28915","17152","464","-98","-1734","-633","535","3850945","-11685289","22825","31064","-7361","29249","483"
"77350.970","77667","28916","17035","476","108","-3631","-615","545","3851014","-11685459","22883","31082","-7889","28307","427"
"77351.970","77610","28919","16942","390","79","-3064","-593","527","3851054","-11685648","22904","31091","-9397","27458","39"
"77352.970","77589","28927","16967","358","-88","-1202","-598","531","3851080","-11685835","22856","31102","-8434","26673","-291"
"77353.970","77907","28945","17157","434","142","501","-440","534","3851086","-11686025","22741","31086","-7177","25911","-404"
"77354.970","78206","28944","17239","390","286","-599","-506","540","3851076","-11686216","22648","31050","-6241","25456","-402"
"77355.970","78418","28952","17323","303","370","-1345","-703","544","3851050","-11686408","22483","31035","-4961","25127","-399"
"77356.970","78643","28979","17503","299","365","-206","-624","547","3851012","-11686594","22264","31039","-544","25189","-408"
"77357.970","78852","29031","17645","280","355","804","-540","527","3850969","-11686779","21947","31070","-169","25245","-250"
"77358.970","79015","29076","17962","483","377","1081","-491","538","3850924","-11686968","21704","31100","-416","25251","-101"
"77359.970","79138","29015","18029","515","242","-354","-554","544","3850877","-11687154","21520","31021","-478","25274","43"
"77360.970","79257","29014","18000","415","261","-1317","-550","541","3850829","-11687343","21337","31007","-2941","25092","134"
"77361.970","79272","29041","18082","411","356","-664","-416","543","3850779","-11687529","21161","31033","-4794","24632","201"
"77362.970","79330","29020","18004","296","349","-1178","-938","541","3850720","-11687720","21047","31005","-4495","24288","153"
"77363.970","79369","29054","18038","336","252","-414","-542","525","3850656","-11687904","20957","31037","-3979","24040","220"
"77364.970","79420","29036","18115","364","292","-1238","-563","534","3850582","-11688088","20915","31012","-3374","23839","239"
"77365.970","79426","29097","18110","302","345","-687","-670","538","3850502","-11688263","20933","31076","-2724","23632","394"
"77366.970","79443","29113","18266","531","268","753","-699","549","3850414","-11688437","21018","31092","-2670","23533","346"
"77367.970","79400","29043","18404","643","342","-2226","-545","550","3850322","-11688606","21076","31021","-4700","23213","427"
"77368.970","79368","29048","18299","593","257","-1484","-482","555","3850229","-11688772","21109","31030","-2393","23126","340"
"77369.970","79321","29078","18213","496","229","314","-528","540","3850131","-11688932","21122","31068","-368","23180","216"
"77370.970","79344","29087","18326","505","381","1108","-626","553","3850029","-11689089","21150","31075","2858","23269","53"
"77371.970","79451","29101","18328","421","467","1631","-607","547","3849928","-11689247","21144","31078","5740","23723","93"
"77372.970","79473","29110","18464","636","382","2062","-418","561","3849833","-11689413","21109","31085","6785","24484","-20"
"77373.970","79393","29055","18453","735","245","490","-694","558","3849751","-11689585","21054","31035","6784","25349","-54"
"77374.970","79552","29107","18353","666","172","1580","-745","549","3849685","-11689768","20933","31073","6088","26019","-27"
"77375.970","79713","29078","18325","596","129","710","-661","549","3849628","-11689968","20815","31024","5861","26434","-62"
"77376.970","79792","29116","18243","446","190","977","-553","543","3849581","-11690179","20696","31056","4615","26797","-4"
"77377.970","79856","29113","18334","473","213","333","-562","546","3849558","-11690386","20576","31046","1731","26902","141"
"77378.970","79844","29085","18398","484","220","-948","-624","546","3849570","-11690589","20524","31017","1547","26894","111"
"77379.970","79896","29145","18318","348","187","1097","-518","527","3849599","-11690790","20521","31075","3066","27054","95"
"77380.970","79992","29183","18440","412","180","1853","-459","530","3849614","-11690994","20468","31106","4604","27459","2"
"77381.970","80049","29173","18513","456","264","767","-535","549","3849624","-11691200","20410","31088","5240","27947","113"
"77382.970","80102","29134","18471","394","265","538","-545","533","3849639","-11691405","20346","31040","5249","28335","102"
"77383.970","80157","29156","18375","278","308","589","-506","544","3849672","-11691610","20268","31058","4904","28774","103"
"77384.970","80186","29192","18353","238","360","1404","-471","528","3849718","-11691809","20224","31093","1783","28824","64"
"77385.970","80196","29158","18360","217","409","-826","-561","540","3849775","-11692009","20206","31056","-358","28732","146"
"77386.970","80231","29172","18534","331","183","958","-493","526","3849830","-11692208","20172","31067","207","28782","168"
"77387.970","80235","29140","18658","457","110","-329","-518","538","3849884","-11692407","20139","31033","151","28827","201"
"77388.970","80288","29172","18513","396","320","132","-545","542","3849940","-11692604","20124","31060","201","28836","223"
"77389.970","80289","29146","18600","561","449","140","-671","551","3849994","-11692802","20106","31033","-27","28760","236"
"77390.970","80281","29146","18412","381","392","-126","-606","546","3850049","-11692998","20092","31033","-104","28745","239"
"77391.970","80290","29160","18420","348","174","-438","-798","533","3850102","-11693195","20082","31047","-155","28853","225"
"77392.970","80340","29196","18435","404","240","558","-603","534","3850156","-11693392","20070","31080","-44","28873","218"
"77393.970","80379","29169","18389","462","473","-460","-603","554","3850210","-11693587","20059","31047","75","28794","296"
"77394.970","80382","29165","18303","424","503","-192","-655","545","3850265","-11693782","20048","31042","81","28793","277"
"77395.970","80374","29198","18058","213","535","-312","-602","546","3850320","-11693978","20043","31079","129","28799","313"
"77396.970","80372","29225","17863","23","490","970","-620","538","3850375","-11694173","20044","31108","-2","28862","299"
"77397.970","80383","29264","17951","175","600","1537","-459","555","3850430","-11694368","20053","31148","-9","28854","325"
"77398.970","80358","29263","18052","254","401","1226","-599","527","3850486","-11694559","20070","31149","89","28841","424"
"77399.970","80291","29165","18376","593","253","567","-492","546","3850541","-11694752","20100","31053","141","28938","458"
"77400.970","80246","29144","18337","620","333","-825","-601","553","3850597","-11694944","20146","31035","-2809","28783","496"
"77401.970","80225","29138","18043","310","310","-1393","-591","537","3850652","-11695137","20208","31031","-4137","28475","516"
"77402.970","80153","29161","17973","268","456","-190","-508","551","3850702","-11695330","20285","31064","-3861","28273","476"
"77403.970","80095","29182","17969","247","358","-352","-779","537","3850746","-11695527","20347","31092","270","28244","530"
"77404.970","80037","29164","17881","196","325","581","-684","527","3850786","-11695725","20408","31080","2977","28595","587"
"77405.970","79958","29170","17802","168","428","1009","-536","531","3850828","-11695922","20486","31095","5134","29015","540"
"77406.970","79862","29196","17736","130","373","2071","-410","523","3850875","-11696117","20579","31134","5429","29627","513"
"77407.970","79752","29144","17785","168","302","1307","-512","542","3850940","-11696302","20697","31090","5097","30054","552"
"77408.970","79624","29153","17677","82","273","1232","-581","518","3851020","-11696482","20810","31114","5752","30631","570"
"77409.970","79519","29128","17701","124","242","1705","-827","509","3851106","-11696653","20923","31099","5760","31117","488"
"77410.970","79444","29102","17773","175","137","1750","-549","527","3851202","-11696813","21035","31080","5510","31584","467"
"77411.970","79378","29109","17535","-56","241","2141","-583","521","3851308","-11696965","21146","31094","2847","31840","502"
"77412.970","79229","29086","17673","-114","11","-343","-382","506","3851424","-11697107","21266","31087","1413","31874","641"
"77413.970","79152","29165","17539","-289","2","1364","-464","515","3851542","-11697244","21377","31179","-74","31952","668"
"77414.970","79051","29118","17720","-11","-25","2039","-738","452","3851661","-11697381","21497","31141","-3774","31579","756"
"77415.970","78902","29037","18005","186","-265","-1225","-526","503","3851779","-11697517","21609","31071","-4797","31133","815"
"77416.970","78760","29043","17809","45","-212","-2090","-621","499","3851891","-11697659","21772","31093","-5837","30633","870"
"77417.970","78633","29043","17691","-15","-165","-1657","-556","510","3851995","-11697811","21918","31108","-6514","30177","795"
"77418.970","78480","29088","17826","283","-57","348","-487","526","3852086","-11697973","22055","31173","-6391","29593","665"
"77419.970","78323","29013","17940","401","-138","-1010","-372","514","3852166","-11698146","22179","31111","-4973","29275","578"
"77420.970","78276","28967","17754","316","16","-2289","-520","519","3852236","-11698324","22279","31066","-748","29259","717"
"77421.970","78165","28967","17733","297","-108","-750","-607","511","3852300","-11698506","22379","31079","985","29411","672"
"77422.970","78096","29004","17549","154","-72","896","-517","474","3852363","-11698689","22480","31127","4087","29739","584"
"77423.970","78050","28957","17507","135","-23","711","-607","496","3852427","-11698871","22588","31082","5552","30208","484"
"77424.970","77982","28983","17422","106","101","2143","-504","498","3852498","-11699047","22678","31117","5246","30553","373"
"77425.970","77933","28965","17578","178","-4","1225","-550","495","3852584","-11699214","22738","31103","2669","30702","343"
"77426.970","77864","28988","18003","691","45","-2906","-706","542","3852675","-11699378","22791","31136","1442","30705","549"
"77427.970","77692","29012","18095","787","-43","2644","-405","566","3852769","-11699539","22849","31182","1806","30737","544"
"77428.970","77693","28924","18061","635","-185","77","-488","562","3852867","-11699696","22919","31087","703","30908","678"
"77429.970","77536","28939","17910","508","-268","1085","-461","544","3852966","-11699848","23007","31121","-1117","30915","606"
"77430.970","77439","28993","17591","283","-263","3393","-594","533","3853066","-11700002","23128","31191","-1433","30815","521"
"77431.970","77363","28949","17713","489","-344","-255","-367","567","3853162","-11700154","23246","31152","-2298","30710","565"
"77432.970","77290","28892","17518","493","-212","-2773","-663","543","3853257","-11700309","23353","31099","-2104","30572","644"
"77433.970","77234","28900","17215","422","-11","-1109","-479","525","3853349","-11700464","23448","31113","-1876","30429","567"
"77434.970","77169","28905","17189","215","-475","-210","-562","539","3853437","-11700621","23527","31127","-2001","30416","548"
"77435.970","77116","28916","16917","54","-382","934","-450","505","3853522","-11700778","23594","31145","-2274","30459","484"
"77436.970","77052","28925","16958","181","-437","1589","-547","547","3853606","-11700937","23654","31162","-1932","30222","442"
"77437.970","77025","28942","16825","34","-566","2986","-527","556","3853685","-11701098","23707","31183","-2007","30233","385"
"77438.970","76969","28971","16509","-17","-191","3083","-545","522","3853763","-11701261","23753","31220","-1334","30106","319"
"77439.970","76957","28942","16358","63","69","1497","-616","520","3853838","-11701419","23793","31191","-1026","29968","412"
"77440.970","76962","28916","16424","215","11","1035","-448","515","3853912","-11701583","23827","31163","-881","29903","504"
"77441.970","76930","28862","16555","442","-61","330","-473","538","3853985","-11701745","23867","31108","-440","29861","548"
"77442.970","76877","28848","16389","345","-144","-2170","-594","541","3854056","-11701906","23912","31099","-540","29910","720"
"77443.970","76782","28835","16336","433","-161","-1461","-467","541","3854126","-11702066","23971","31096","-746","29867","695"
"77444.970","76695","28819","16148","405","-90","-1689","-536","530","3854195","-11702224","24049","31088","-828","29795","660"
"77445.970","76632","28814","16136","530","-104","-1423","-492","539","3854262","-11702383","24135","31090","-714","29755","648"
"77446.970","76553","28848","15780","359","77","-921","-648","533","3854328","-11702540","24211","31136","-363","29720","583"
"77447.970","76508","28820","15727","423","75","-135","-488","545","3854393","-11702698","24286","31112","142","29733","555"
"77448.970","76470","28771","15634","425","63","-2509","-547","535","3854457","-11702854","24356","31063","-238","29743","660"
"77449.970","76421","28754","15613","657","329","-2233","-426","558","3854522","-11703010","24419","31050","83","29670","624"
"77450.970","76364","28782","15435","566","292","-2882","-543","554","3854585","-11703163","24473","31088","-373","29612","616"
"77451.970","76341","28778","15377","624","305","-1755","-483","557","3854649","-11703314","24515","31085","110","29676","568"
"77452.970","76301","28757","15267","636","368","210","-552","562","3854713","-11703466","24547","31067","329","29650","499"
"77453.970","76289","28772","15068","468","312","1282","-622","548","3854777","-11703615","24571","31085","91","29727","426"
"77454.970","76287","28766","15177","628","250","96","-571","556","3854841","-11703764","24587","31079","31","29731","450"
"77455.970","76266","28764","15348","732","-85","1460","-670","554","3854905","-11703910","24598","31079","-517","29769","422"
"77456.970","76253","28771","15032","640","319","2205","-428","561","3854969","-11704058","24608","31088","104","29729","357"
"77457.970","76249","28780","14726","291","156","1633","-643","523","3855032","-11704203","24620","31098","102","29778","427"
"77458.970","76261","28819","14772","272","-74","48","-453","505","3855096","-11704348","24632","31139","149","29924","532"
"77459.970","76227","28848","14815","350","-102","1669","-489","540","3855159","-11704496","24648","31175","395","30001","524"
"77460.970","76188","28840","14747","288","-143","2175","-681","521","3855224","-11704638","24667","31170","296","30056","570"
"77461.970","76151","28766","14865","544","-5","276","-564","545","3855289","-11704779","24692","31094","63","30009","612"
"77462.970","76079","28778","14720","326","-228","395","-462","537","3855354","-11704921","24728","31116","-363","29972","672"
"77463.970","76033","28817","14468","117","-182","1683","-561","515","3855420","-11705063","24776","31164","-351","30137","578"
"77464.970","75962","28812","14462","223","-68","1884","-611","524","3855484","-11705206","24835","31167","-390","30010","559"
"77465.970","75919","28768","14485","280","-97","-623","-419","505","3855549","-11705344","24899","31124","-146","29957","669"
"77466.970","75870","28777","14580","357","-259","-1150","-669","547","3855612","-11705487","24952","31140","-75","30048","596"
"77467.970","75830","28718","14458","304","-200","-1582","-732","530","3855676","-11705626","25005","31080","-138","30055","617"
"77468.970","75807","28788","14377","353","-46","-71","-542","524","3855739","-11705767","25053","31159","21","30017","547"
"77469.970","75772","28727","14468","529","13","-372","-625","544","3855803","-11705905","25097","31096","518","29985","497"
"77470.970","75759","28774","14383","457","-4","1862","-916","540","3855867","-11706044","25132","31149","624","30065","424"
"77471.970","75748","28804","14376","437","-24","4025","-492","544","3855932","-11706181","25156","31183","448","30148","287"
"77472.970","75740","28755","14553","625","-32","3267","-417","561","3855997","-11706317","25166","31131","291","30126","245"
"77473.970","75756","28703","14520","574","-49","1667","-707","547","3856064","-11706453","25164","31072","-34","30114","269"
"77474.970","75804","28725","14578","620","-66","2457","-397","551","3856131","-11706588","25152","31091","-980","30118","295"
"77475.970","75824","28725","14612","518","-294","2037","-581","552","3856198","-11706727","25137","31089","-3543","29838","286"
"77476.970","75843","28717","14492","309","-432","-467","-503","544","3856262","-11706865","25120","31078","-4632","29576","274"
"77477.970","75870","28734","14346","224","-262","337","-502","523","3856321","-11707007","25090","31092","-4715","29194","252"
"77478.970","75912","28734","14421","306","-236","831","-571","525","3856374","-11707152","25040","31088","-4385","28818","95"
"77479.970","75970","28704","14554","463","-159","-443","-561","541","3856420","-11707301","24983","31049","-4504","28499","162"
"77480.970","76023","28706","14493","417","-5","-1842","-562","531","3856460","-11707455","24913","31045","-4335","28058","204"
"77481.970","76046","28726","14815","644","-24","1048","-562","554","3856493","-11707611","24839","31064","-3960","27656","329"
"77482.970","76091","28722","14988","635","-290","203","-582","561","3856518","-11707769","24777","31054","-3908","27349","393"
"77483.970","76089","28732","15030","520","-360","580","-569","557","3856533","-11707932","24759","31065","-3425","27147","494"
"77484.970","76091","28728","15056","417","-412","-692","-524","548","3856540","-11708098","24785","31061","-2794","26943","656"
"77485.970","76029","28725","14988","240","-370","-728","-772","538","3856540","-11708268","24823","31064","-2644","26753","821"
"77486.970","75957","28720","15047","210","-416","-829","-511","532","3856536","-11708436","24887","31068","-2538","26537","890"
"77487.970","75846","28683","15257","349","-333","994","-533","533","3856526","-11708606","24986","31041","-2578","26410","967"
"77488.970","75713","28679","15201","225","-323","383","-540","531","3856511","-11708776","25126","31052","-2277","26125","1049"
"77489.970","75548","28659","15306","295","-401","-902","-494","540","3856491","-11708946","25301","31049","-2030","26056","1204"
"77490.970","75395","28645","15284","257","-507","-1821","-586","546","3856467","-11709116","25493","31052","-370","26080","1260"
"77491.970","75205","28613","15288","270","-616","-1727","-616","558","3856440","-11709285","25708","31040","-662","26167","1298"
"77492.970","74986","28608","15217","206","-520","1276","-306","549","3856413","-11709452","25934","31061","-615","26095","1175"
"77493.970","74801","28557","15292","262","-539","292","-632","541","3856386","-11709622","26168","31027","-697","26052","1284"
"77494.970","74587","28532","15300","262","-599","532","-572","559","3856359","-11709791","26395","31026","-240","26065","1172"
"77495.970","74407","28522","15416","325","-481","-1165","-716","547","3856332","-11709958","26627","31036","326","26133","1244"
"77496.970","74218","28504","15447","284","11","1227","-532","467","3856305","-11710127","26857","31039","-1","26030","1154"
"77497.970","74017","28464","15546","375","31","1835","-633","535","3856278","-11710298","27082","31019","109","25875","1128"
"77498.970","73825","28444","15424","254","-103","1934","-626","519","3856252","-11710467","27306","31020","-593","25985","1133"
"77499.970","73644","28416","15600","398","-96","1455","-556","532","3856225","-11710636","27526","31012","-92","25958","1108"
"77500.970","73453","28398","15645","460","-251","1507","-542","532","3856199","-11710807","27745","31014","414","26083","1167"
"77501.970","73254","28382","15655","450","-292","727","-439","554","3856173","-11710977","27966","31021","489","26176","1166"
"77502.970","73070","28359","15516","270","-193","55","-554","520","3856148","-11711147","28189","31019","-59","26133","1231"
"77503.970","72872","28348","15439","164","4","1269","-533","486","3856124","-11711318","28418","31031","-243","26091","1187"
"77504.970","72676","28329","15532","249","51","2040","-688","526","3856100","-11711490","28646","31034","-37","26012","1140"
"77505.970","72472","28297","15555","258","28","2131","-395","531","3856077","-11711662","28874","31023","-140","26038","1097"
"77506.970","72268","28279","15356","47","-116","1641","-584","474","3856052","-11711833","29100","31029","-483","26038","1082"
"77507.970","72106","28242","15577","258","-213","1143","-492","523","3856028","-11712007","29324","31008","-294","26103","1104"
"77508.970","71932","28228","15500","133","-69","1893","-518","511","3856005","-11712179","29546","31014","-231","26105","1055"
"77509.970","71750","28213","15546","178","-237","926","-484","509","3855980","-11712352","29766","31020","-1283","25981","1138"
"77510.970","71569","28202","15342","-31","-338","1594","-560","511","3855954","-11712525","29983","31031","-1786","25984","1162"
"77511.970","71385","28180","15421","-3","-328","-1400","-534","525","3855928","-11712697","30198","31029","-1607","25796","1235"
"77512.970","71193","28179","15231","-202","-477","-4428","-549","544","3855899","-11712870","30410","31052","-1234","25809","1418"
"77513.970","70994","28215","15301","27","-970","-2685","-626","572","3855868","-11713040","30627","31116","-1129","25848","1417"
"77514.970","70789","28173","15348","107","-966","-1361","-458","564","3855836","-11713211","30853","31096","-1122","25993","1371"
"77515.970","70575","28159","15350","138","-905","64","-535","566","3855802","-11713380","31082","31107","-836","25818","1278"
"77516.970","70367","28129","15370","156","-867","-111","-645","565","3855767","-11713550","31322","31100","-625","25846","1318"
"77517.970","70159","28119","15248","52","-899","165","-538","566","3855731","-11713718","31566","31115","-261","25809","1289"
"77518.970","69950","28109","15299","132","-972","622","-554","569","3855695","-11713887","31805","31131","-55","25887","1222"
"77519.970","69765","28081","15261","79","-894","1095","-763","565","3855659","-11714056","32040","31124","113","25889","1219"
"77520.970","69565","28056","15288","114","-936","1288","-497","568","3855623","-11714225","32274","31121","-50","25899","1197"
"77521.970","69374","28034","15163","-9","-984","1917","-584","567","3855587","-11714395","32507","31121","-114","25925","1165"
"77522.970","69186","28002","15160","-58","-858","1858","-698","564","3855552","-11714566","32747","31109","-204","25889","1147"
"77523.970","69002","27973","15204","-63","-738","1368","-670","557","3855516","-11714735","32983","31102","-181","25826","1140"
"77524.970","68822","27961","15205","-64","-801","1437","-506","560","3855480","-11714907","33217","31111","-302","25829","1146"
"77525.970","68651","27938","15221","-45","-908","1775","-937","563","3855444","-11715079","33440","31107","-522","25846","1113"
"77526.970","68483","27894","15315","18","-916","837","-629","566","3855407","-11715248","33655","31081","-447","25877","1123"
"77527.970","68312","27854","15416","81","-801","1192","-643","558","3855371","-11715420","33862","31058","-103","25837","1128"
"77528.970","68135","27808","15604","220","-691","380","-522","558","3855335","-11715592","34064","31030","-79","25836","1103"
"77529.970","67979","27779","15823","418","-621","533","-601","559","3855301","-11715762","34260","31017","-183","25804","1092"
"77530.970","67800","27756","15937","477","-420","1175","-641","552","3855266","-11715932","34454","31016","-86","25809","1043"
"77531.970","67623","27735","15903","405","-324","1694","-518","542","3855230","-11716105","34645","31015","-33","25693","1057"
"77532.970","67464","27709","15762","266","-492","1038","-531","540","3855196","-11716277","34839","31007","-177","25801","1049"
"77533.970","67317","27707","15600","36","-307","1795","-499","525","3855161","-11716449","35034","31024","-198","25737","1106"
"77534.970","67131","27683","15567","8","-437","1179","-529","522","3855127","-11716622","35231","31021","-318","25704","1145"
"77535.970","66951","27668","15480","-69","-564","1117","-530","540","3855093","-11716793","35431","31029","-597","25779","1214"
"77536.970","66756","27640","15387","-152","-667","1681","-560","541","3855058","-11716965","35635","31024","-177","25750","1105"
"77537.970","66569","27635","15370","-193","-799","-1333","-474","558","3855023","-11717139","35844","31043","-158","25863","1246"
"77538.970","66397","27614","15450","-153","-647","-1470","-511","546","3854988","-11717311","36057","31042","361","25843","1162"
"77539.970","66233","27626","15425","-112","-999","-2243","-630","569","3854953","-11717485","36264","31077","-240","25903","1212"
"77540.970","66091","27650","15624","122","-1082","81","-725","572","3854920","-11717659","36469","31124","-375","26005","1111"
"77541.970","65920","27624","15648","125","-1075","284","-790","571","3854884","-11717832","36674","31116","-462","25980","1051"
"77542.970","65780","27612","15660","109","-1062","403","-854","571","3854850","-11718006","36876","31122","-527","25951","1031"
"77543.970","65624","27591","15645","65","-1077","466","-767","571","3854815","-11718182","37072","31120","-331","25949","1003"
"77544.970","65481","27573","15663","40","-1047","328","-760","569","3854780","-11718356","37257","31119","-365","25939","975"
"77545.970","65352","27557","15679","14","-1035","223","-760","569","3854744","-11718534","37431","31118","-425","25913","972"
"77546.970","65228","27547","15691","-13","-1061","-155","-893","571","3854708","-11718709","37597","31124","-1166","25855","989"
"77547.970","65099","27530","15732","-15","-1047","-404","-664","571","3854671","-11718885","37756","31122","-1130","25778","1007"
"77548.970","64969","27520","15795","22","-1069","-521","-869","570","3854633","-11719061","37908","31129","-1018","25746","1014"
"77549.970","64832","27511","15828","28","-1093","-774","-790","572","3854594","-11719236","38061","31137","-914","25716","1022"
"77550.970","64701","27494","15879","41","-1064","-1064","-817","571","3854554","-11719410","38220","31136","-816","25687","1022"
"77551.970","64571","27478","15915","49","-1053","-1047","-608","569","3854512","-11719589","38380","31136","-745","25642","1018"
"77552.970","64439","27443","15984","64","-945","-1045","-703","565","3854470","-11719763","38542","31114","-625","25612","1013"
"77553.970","64306","27420","16017","65","-915","-875","-635","564","3854427","-11719940","38703","31106","-522","25548","998"
"77554.970","64176","27415","16053","89","-972","-605","-581","565","3854383","-11720117","38865","31119","-541","25572","992"
"77555.970","64038","27407","16056","74","-1018","-299","-723","569","3854339","-11720291","39027","31129","-536","25566","954"
"77556.970","63905","27405","16103","83","-1020","-479","-608","568","3854294","-11720469","39187","31145","-429","25554","935"
"77557.970","63785","27409","16112","66","-1075","-786","-590","570","3854249","-11720646","39345","31167","-78","25583","930"
"77558.970","63674","27401","16172","93","-1098","-664","-559","570","3854204","-11720825","39498","31173","-41","25622","894"
"77559.970","63568","27392","16187","75","-1147","-673","-601","574","3854159","-11721002","39647","31177","-31","25638","891"
"77560.970","63463","27382","16164","10","-1128","108","-823","572","3854114","-11721181","39791","31180","-45","25669","910"
"77561.970","63339","27371","16224","18","-1089","13","-667","570","3854070","-11721360","39933","31186","9","25650","898"
"77562.970","63227","27356","16393","154","-1090","175","-537","570","3854025","-11721541","40078","31185","-80","25678","897"
"77563.970","63106","27339","16540","259","-1059","328","-581","575","3853981","-11721721","40226","31182","-105","25684","882"
"77564.970","62977","27340","16453","163","-1192","409","-515","577","3853937","-11721902","40375","31202","-18","25683","900"
"77565.970","62858","27326","16459","106","-1118","-240","-586","571","3853893","-11722084","40526","31202","44","25759","942"
"77566.970","62738","27311","16489","81","-998","421","-804","565","3853850","-11722265","40678","31202","266","25714","907"
"77567.970","62612","27303","16512","86","-1068","212","-652","570","3853806","-11722447","40833","31211","-122","25730","904"
"77568.970","62489","27272","16657","186","-1023","43","-643","564","3853764","-11722630","40989","31193","-124","25739","910"
"77569.970","62363","27260","16665","168","-1068","-716","-552","571","3853722","-11722814","41146","31198","-156","25765","943"
"77570.970","62236","27228","16664","119","-988","-684","-500","567","3853679","-11722998","41304","31179","-152","25731","930"
"77571.970","62106","27229","16635","112","-1203","-800","-772","574","3853638","-11723181","41464","31198","-627","25742","952"
"77572.970","61987","27240","16477","-72","-1261","-1158","-579","576","3853595","-11723366","41625","31228","-664","25760","977"
"77573.970","61863","27236","16537","-70","-1128","-1477","-760","569","3853552","-11723551","41787","31241","-622","25686","975"
"77574.970","61744","27220","16635","9","-1130","-1462","-585","573","3853508","-11723735","41947","31241","-481","25667","949"
"77575.970","61629","27211","16596","-77","-1058","-1240","-628","568","3853464","-11723920","42103","31247","-489","25662","931"
"77576.970","61509","27200","16616","-80","-1085","-1461","-621","567","3853420","-11724105","42257","31252","-480","25623","911"
"77577.970","61401","27187","16680","-44","-1115","-2087","-635","573","3853375","-11724290","42409","31252","-451","25629","924"
"77578.970","61291","27173","16651","-118","-1050","-1683","-593","567","3853330","-11724475","42555","31252","-176","25612","905"
"77579.970","61191","27158","16719","-70","-1092","-1688","-534","571","3853285","-11724662","42695","31250","-224","25640","876"
"77580.970","61092","27152","16859","10","-1006","-2189","-639","566","3853238","-11724849","42830","31258","-158","25624","879"
"77581.970","60989","27157","16782","-92","-1025","-1641","-707","569","3853193","-11725035","42964","31278","-331","25612","895"
"77582.970","60897","27145","16803","-116","-1006","-2051","-754","566","3853147","-11725223","43093","31278","-55","25595","879"
"77583.970","60789","27131","16745","-171","-1130","-1849","-1000","571","3853102","-11725410","43222","31277","-57","25667","903"
"77584.970","60685","27134","16818","-125","-1131","-786","-567","572","3853056","-11725599","43355","31296","-105","25671","843"
"77585.970","60583","27118","16883","-85","-1191","-1145","-700","573","3853011","-11725788","43487","31293","-182","25695","836"
"77586.970","60475","27120","16842","-164","-1211","-904","-688","574","3852966","-11725975","43616","31311","8","25719","822"
"77587.970","60380","27113","16876","-175","-1195","-927","-899","574","3852921","-11726165","43744","31317","13","25735","809"
"77588.970","60282","27104","16885","-234","-1117","-1488","-622","572","3852876","-11726355","43868","31321","-57","25704","812"
"77589.970","60191","27091","16884","-275","-1133","-1806","-824","571","3852831","-11726545","43990","31319","-81","25714","803"
"77590.970","60109","27075","16977","-211","-1182","-1536","-783","573","3852787","-11726738","44110","31313","-30","25758","780"
"77591.970","60019","27065","17124","-116","-1153","-1778","-678","570","3852742","-11726931","44227","31314","18","25753","790"
"77592.970","59936","27057","17240","-7","-1280","-1699","-660","579","3852698","-11727121","44341","31318","-91","25800","805"
"77593.970","59855","27031","17297","4","-1278","-1614","-1124","575","3852655","-11727316","44450","31300","13","25833","767"
"77594.970","59771","27041","17344","-1","-1232","-1458","-740","574","3852611","-11727509","44559","31324","24","25843","771"
"77595.970","59685","27067","17283","-114","-1197","-1320","-610","572","3852568","-11727703","44668","31368","119","25818","761"
"77596.970","59611","27065","17344","-90","-1217","-1208","-534","572","3852525","-11727898","44776","31376","79","25857","768"
"77597.970","59526","27055","17263","-218","-1238","-1554","-641","574","3852482","-11728093","44885","31378","259","25888","751"
"77598.970","59441","27062","17297","-224","-1245","-1544","-582","575","3852440","-11728289","44993","31398","301","25917","743"
"77599.970","59365","27034","17377","-182","-1274","-1148","-548","576","3852400","-11728486","45099","31378","188","25934","730"
"77600.970","59286","27045","17413","-207","-1229","-1707","-637","574","3852358","-11728684","45203","31402","67","25968","743"
"77601.970","59212","27047","17482","-194","-1165","-1705","-555","573","3852318","-11728881","45304","31415","257","25953","731"
"77602.970","59135","27038","17552","-162","-1182","-1267","-667","572","3852279","-11729079","45404","31417","173","25986","723"
"77603.970","59059","27030","17679","-73","-1201","-979","-657","573","3852239","-11729280","45505","31419","263","26018","709"
"77604.970","58978","27032","17635","-186","-1107","-1501","-745","569","3852201","-11729480","45607","31434","371","26047","716"
"77605.970","58906","27042","17674","-196","-1060","-1360","-803","568","3852163","-11729680","45707","31456","529","26046","710"
"77606.970","58831","27049","17642","-277","-1049","-1511","-1336","567","3852126","-11729883","45807","31475","494","26089","715"
"77607.970","58760","27049","17723","-243","-1021","-1403","-777","570","3852090","-11730085","45907","31486","530","26114","696"
"77608.970","58690","27032","17807","-207","-977","-695","-571","563","3852055","-11730287","46007","31478","499","26138","667"
"77609.970","58613","27015","17903","-160","-979","-1153","-548","564","3852021","-11730490","46107","31469","168","26174","676"
"77610.970","58547","27002","17988","-132","-908","-935","-729","558","3851988","-11730695","46204","31465","37","26167","644"
"77611.970","58473","26991","18018","-141","-972","-979","-657","565","3851956","-11730900","46299","31464","-128","26165","638"
"77612.970","58413","26973","18088","-122","-973","-728","-708","564","3851923","-11731107","46392","31451","16","26183","607"
"77613.970","58349","26969","18168","-99","-930","-52","-698","561","3851891","-11731313","46481","31456","70","26209","584"
"77614.970","58289","26967","18204","-122","-926","-555","-945","561","3851859","-11731520","46567","31464","-24","26203","584"
"77615.970","58231","26960","18288","-100","-883","-1090","-860","558","3851827","-11731729","46652","31465","-406","26179","600"
"77616.970","58172","26955","18299","-134","-925","-1090","-694","561","3851796","-11731938","46733","31467","-373","26168","600"
"77617.970","58118","26948","18271","-207","-976","-1071","-909","564","3851764","-11732146","46814","31468","-446","26178","598"
"77618.970","58060","26939","18357","-178","-944","-525","-743","562","3851731","-11732357","46893","31466","-532","26156","600"
"77619.970","58000","26934","18396","-200","-879","-339","-698","561","3851698","-11732565","46974","31470","-434","26119","592"
"77620.970","57939","26932","18448","-204","-843","-251","-771","558","3851665","-11732775","47057","31476","-320","26107","592"
"77621.970","57872","26923","18530","-171","-844","-276","-699","558","3851631","-11732988","47142","31477","-119","26111","591"
"77622.970","57810","26922","18625","-128","-827","-643","-709","557","3851598","-11733199","47229","31485","-64","26116","593"
"77623.970","57749","26910","18707","-88","-837","-473","-791","556","3851564","-11733412","47316","31480","-58","26130","594"
"77624.970","57682","26907","18768","-74","-819","-107","-703","555","3851530","-11733624","47404","31488","-115","26146","582"
"77625.970","57615","26893","18805","-70","-890","192","-741","559","3851497","-11733837","47494","31482","-135","26144","568"
"77626.970","57558","26891","18929","-3","-842","-380","-783","556","3851464","-11734052","47583","31488","-134","26172","589"
"77627.970","57492","26892","19127","145","-763","-15","-808","555","3851431","-11734267","47672","31499","-418","26118","562"
"77628.970","57424","26881","19170","154","-817","122","-899","555","3851397","-11734481","47763","31497","-749","26105","553"
"77629.970","57360","26872","19217","163","-843","367","-674","558","3851363","-11734697","47850","31497","-774","26086","553"
"77630.970","57294","26860","19236","137","-843","474","-741","557","3851328","-11734912","47938","31493","-809","26048","540"
"77631.970","57233","26842","19283","146","-871","-136","-782","557","3851292","-11735128","48025","31482","-770","26025","583"
"77632.970","57167","26835","19324","149","-869","-237","-710","558","3851255","-11735344","48115","31484","-599","26017","608"
"77633.970","57084","26836","19411","219","-822","-126","-681","557","3851217","-11735562","48208","31498","-445","25986","613"
"77634.970","57003","26823","19424","246","-840","-116","-751","559","3851180","-11735778","48304","31495","-364","25995","606"
"77635.970","56927","26811","19372","200","-827","-4","-824","557","3851141","-11735992","48404","31493","-270","25986","603"
"77636.970","56846","26797","19346","202","-868","175","-706","560","3851103","-11736209","48510","31490","-298","25997","581"
"77637.970","56774","26778","19314","192","-896","264","-713","560","3851064","-11736425","48613","31479","-240","25991","563"
"77638.970","56703","26763","19269","169","-943","526","-725","560","3851025","-11736640","48715","31473","-212","26014","533"
"77639.970","56637","26764","19244","154","-966","73","-865","563","3850986","-11736856","48815","31484","-99","26021","513"
"77640.970","56583","26762","19254","171","-971","-139","-1013","563","3850946","-11737070","48911","31491","-74","26025","512"
"77641.970","56532","26758","19318","228","-912","-434","-636","558","3850907","-11737288","49001","31494","-92","26036","494"
"77642.970","56487","26752","19363","268","-845","292","-791","558","3850868","-11737503","49083","31494","-125","26013","465"
"77643.970","56442","26743","19320","227","-872","562","-628","560","3850830","-11737718","49154","31491","-224","26012","439"
"77644.970","56399","26738","19262","170","-912","479","-642","559","3850792","-11737934","49215","31491","-120","26026","440"
"77645.970","56368","26731","19263","166","-929","368","-660","561","3850754","-11738152","49264","31488","-51","26047","442"
"77646.970","56328","26722","19251","154","-973","193","-888","563","3850716","-11738366","49309","31484","-92","26047","427"
"77647.970","56296","26716","19238","132","-987","-235","-849","563","3850679","-11738582","49351","31482","-213","26068","432"
"77648.970","56265","26713","19211","99","-1010","-442","-865","564","3850641","-11738797","49389","31483","-181","26064","419"
"77649.970","56239","26710","19258","130","-988","-1106","-644","564","3850603","-11739013","49426","31484","-71","26076","424"
"77650.970","56215","26707","19271","132","-970","-726","-536","564","3850565","-11739229","49457","31485","-28","26060","407"
"77651.970","56191","26699","19289","141","-990","-519","-676","563","3850528","-11739447","49483","31479","-100","26090","398"
"77652.970","56172","26683","19277","122","-1038","-282","-692","566","3850490","-11739662","49508","31463","-116","26096","377"
"77653.970","56151","26676","19300","130","-1058","-383","-813","566","3850454","-11739879","49530","31458","-116","26113","374"
"77654.970","56135","26670","19324","134","-1036","-534","-882","566","3850417","-11740094","49550","31454","-133","26110","369"
"77655.970","56122","26663","19351","145","-1042","346","-777","565","3850380","-11740312","49568","31447","-141","26113","353"
"77656.970","56106","26650","19465","234","-1015","231","-849","565","3850343","-11740528","49583","31435","-103","26122","346"
"77657.970","56087","26644","19502","249","-990","-137","-777","564","3850306","-11740747","49601","31430","-115","26111","354"
"77658.970","56069","26641","19507","237","-1002","-97","-942","565","3850269","-11740965","49618","31430","-137","26120","325"
"77659.970","56062","26638","19527","235","-1000","-221","-733","565","3850232","-11741182","49634","31428","-31","26127","332"
"77660.970","56054","26629","19581","265","-976","-338","-1015","564","3850196","-11741401","49648","31419","-56","26132","330"
"77661.970","56046","26632","19604","268","-972","-395","-868","564","3850160","-11741618","49660","31423","-38","26139","327"
"77662.970","56037","26637","19600","248","-998","-490","-762","565","3850124","-11741838","49668","31430","-192","26137","323"
"77663.970","56031","26638","19589","216","-1001","-378","-905","564","3850088","-11742058","49675","31433","-272","26140","316"
"77664.970","56027","26634","19615","217","-989","-336","-703","564","3850052","-11742277","49680","31429","-255","26130","305"
"77665.970","56025","26636","19647","227","-998","-244","-831","565","3850015","-11742497","49683","31431","-268","26130","298"
"77666.970","56022","26638","19670","224","-993","48","-930","564","3849979","-11742717","49684","31434","-345","26120","282"
"77667.970","56021","26635","19700","225","-979","324","-717","564","3849942","-11742937","49684","31430","-389","26107","271"
"77668.970","56025","26636","19711","201","-950","567","-668","563","3849906","-11743157","49682","31431","-239","26098","264"
"77669.970","56025","26633","19760","223","-955","572","-790","563","3849869","-11743378","49679","31428","-183","26096","259"
"77670.970","56025","26632","19806","240","-962","691","-890","563","3849831","-11743598","49674","31426","-130","26108","243"
"77671.970","56032","26632","19829","230","-947","738","-865","562","3849795","-11743820","49668","31425","-222","26105","242"
"77672.970","56037","26634","19853","226","-959","621","-844","563","3849757","-11744042","49661","31427","-212","26102","241"
"77673.970","56040","26635","19877","223","-980","715","-814","564","3849720","-11744263","49653","31428","-162","26114","231"
"77674.970","56045","26636","19907","221","-974","586","-809","563","3849683","-11744486","49643","31428","-89","26119","235"
"77675.970","56055","26640","19930","217","-991","448","-952","564","3849645","-11744708","49633","31431","-15","26129","241"
"77676.970","56062","26646","19932","194","-1009","371","-833","565","3849609","-11744934","49624","31437","-48","26143","257"
"77677.970","56067","26647","19952","189","-1006","380","-823","565","3849572","-11745156","49616","31438","-33","26153","275"
"77678.970","56061","26645","19979","194","-1008","378","-903","565","3849535","-11745378","49609","31435","-3","26161","278"
"77679.970","56057","26641","19997","189","-1014","397","-849","565","3849499","-11745604","49607","31432","-56","26171","276"
"77680.970","56052","26643","19992","163","-1027","429","-907","565","3849463","-11745828","49608","31435","-147","26173","288"
"77681.970","56049","26643","20023","175","-1034","440","-713","566","3849428","-11746054","49613","31435","-85","26184","278"
"77682.970","56044","26644","20050","179","-1035","527","-903","566","3849391","-11746278","49623","31437","-12","26190","277"
"77683.970","56039","26640","20123","230","-1022","615","-818","566","3849355","-11746503","49631","31434","-120","26193","273"
"77684.970","56034","26636","20181","268","-1016","797","-866","566","3849320","-11746728","49639","31430","-220","26191","275"
"77685.970","56023","26636","20216","279","-1001","1023","-939","565","3849284","-11746955","49647","31431","-199","26187","246"
"77686.970","56022","26630","20295","329","-958","910","-860","564","3849249","-11747181","49652","31424","-192","26178","245"
"77687.970","56025","26619","20387","397","-926","597","-980","564","3849213","-11747407","49656","31411","-173","26168","253"
"77688.970","56020","26608","20463","449","-883","379","-889","563","3849177","-11747634","49657","31399","-165","26160","266"
"77689.970","56016","26601","20470","437","-879","628","-735","563","3849142","-11747861","49659","31392","19","26176","246"
"77690.970","56023","26584","20543","492","-850","-95","-664","565","3849107","-11748088","49660","31370","96","26177","297"
"77691.970","56015","26578","20593","540","-906","-162","-745","566","3849072","-11748315","49662","31364","159","26215","290"
"77692.970","56006","26581","20604","541","-897","-411","-784","564","3849037","-11748542","49667","31369","68","26242","313"
"77693.970","55999","26594","20547","475","-873","-632","-684","564","3849003","-11748770","49674","31386","25","26233","318"
"77694.970","55986","26607","20474","400","-899","-721","-815","563","3848969","-11748997","49685","31403","-46","26236","329"
"77695.970","55974","26612","20466","389","-924","-694","-900","563","3848936","-11749224","49701","31411","-98","26248","327"
"77696.970","55961","26620","20426","350","-976","-714","-832","565","3848903","-11749453","49720","31422","-197","26266","335"
"77697.970","55951","26622","20396","316","-990","-506","-798","565","3848869","-11749682","49742","31426","-51","26268","333"
"77698.970","55936","26622","20367","282","-998","-386","-782","566","3848837","-11749910","49762","31429","-18","26285","335"
"77699.970","55920","26623","20355","264","-1012","-292","-825","565","3848804","-11750138","49782","31433","52","26298","320"
"77700.970","55907","26622","20359","259","-1016","-189","-877","565","3848771","-11750365","49801","31433","70","26315","311"
"77701.970","55901","26624","20360","251","-1020","-4","-786","566","3848739","-11750595","49818","31437","65","26327","310"
"77702.970","55890","26622","20376","258","-1023","235","-985","566","3848707","-11750824","49834","31436","83","26341","308"
"77703.970","55877","26619","20395","267","-1025","331","-882","566","3848676","-11751051","49850","31435","93","26358","308"
"77704.970","55864","26617","20405","269","-1027","492","-860","566","3848645","-11751281","49867","31434","92","26371","305"
"77705.970","55851","26613","20426","280","-1025","479","-831","566","3848614","-11751510","49885","31432","33","26383","310"
"77706.970","55840","26612","20420","267","-1034","302","-993","566","3848584","-11751738","49905","31432","-28","26387","330"
"77707.970","55823","26609","20418","262","-1056","33","-853","567","3848554","-11751968","49927","31431","-188","26394","346"
"77708.970","55801","26603","20434","278","-1056","-243","-737","567","3848524","-11752198","49951","31428","-135","26397","385"
"77709.970","55774","26602","20419","268","-1057","-335","-886","567","3848495","-11752427","49979","31431","-41","26405","411"
"77710.970","55734","26595","20427","285","-1055","-463","-789","568","3848465","-11752656","50010","31430","-83","26411","432"
"77711.970","55694","26590","20425","295","-1054","-465","-670","567","3848436","-11752886","50046","31429","-37","26418","441"
"77712.970","55652","26587","20386","271","-1073","-405","-904","568","3848406","-11753116","50092","31433","-33","26432","445"
"77713.970","55612","26583","20378","275","-1063","-230","-769","567","3848378","-11753346","50145","31435","-41","26430","446"
"77714.970","55567","26579","20342","254","-1082","-198","-716","567","3848349","-11753573","50206","31437","34","26448","446"
"77715.970","55523","26575","20307","232","-1086","-53","-942","568","3848321","-11753802","50272","31440","7","26464","446"
"77716.970","55477","26572","20272","210","-1096","-85","-751","568","3848293","-11754032","50341","31443","50","26468","451"
"77717.970","55434","26574","20237","188","-1111","70","-858","568","3848266","-11754260","50410","31453","-28","26486","451"
"77718.970","55387","26565","20215","175","-1092","282","-802","568","3848238","-11754486","50482","31450","-26","26489","446"
"77719.970","55343","26571","20225","195","-1077","251","-813","567","3848211","-11754716","50556","31464","-78","26487","449"
"77720.970","55294","26563","20190","171","-1080","439","-701","568","3848184","-11754944","50626","31463","-86","26491","442"
"77721.970","55251","26561","20205","192","-1054","257","-605","567","3848158","-11755172","50696","31468","-100","26486","448"
"77722.970","55204","26554","20200","197","-1042","437","-691","566","3848132","-11755400","50764","31467","-127","26484","443"
"77723.970","55158","26551","20144","150","-1053","580","-892","566","3848105","-11755628","50832","31471","-148","26492","443"
"77724.970","55119","26545","20152","165","-1046","507","-844","565","3848079","-11755857","50900","31470","-198","26492","435"
"77725.970","55072","26540","20134","151","-1008","230","-721","564","3848052","-11756085","50966","31472","-277","26477","451"
"77726.970","55026","26535","20167","195","-1012","355","-586","563","3848026","-11756311","51031","31473","-142","26473","447"
"77727.970","54979","26527","20160","199","-1039","495","-858","565","3847999","-11756539","51096","31472","-54","26496","437"
"77728.970","54932","26521","20121","165","-1042","684","-686","566","3847974","-11756766","51160","31472","7","26505","391"
"77729.970","54894","26515","20125","166","-1023","594","-803","564","3847947","-11756995","51222","31471","19","26505","362"
"77730.970","54865","26511","20140","176","-1032","511","-969","565","3847921","-11757222","51280","31471","25","26524","350"
"77731.970","54844","26507","20136","163","-1017","579","-700","564","3847896","-11757450","51332","31470","18","26530","341"
"77732.970","54823","26503","20175","193","-1030","370","-771","565","3847871","-11757680","51375","31468","-107","26532","334"
"77733.970","54806","26500","20172","182","-1056","246","-666","565","3847846","-11757907","51406","31468","-96","26549","347"
"77734.970","54786","26497","20160","161","-1066","-33","-703","566","3847821","-11758135","51430","31467","22","26565","340"
"77735.970","54771","26494","20151","143","-1072","-277","-782","566","3847797","-11758363","51448","31466","17","26563","345"
"77736.970","54757","26489","20168","152","-1078","-519","-1074","567","3847773","-11758590","51464","31463","-20","26557","336"
"77737.970","54745","26487","20208","182","-1059","-811","-850","566","3847749","-11758821","51478","31462","-10","26559","341"
"77738.970","54732","26485","20241","206","-1041","-887","-676","565","3847725","-11759047","51491","31462","45","26557","338"
"77739.970","54723","26483","20270","227","-1041","-869","-787","565","3847702","-11759277","51502","31461","34","26569","332"
"77740.970","54713","26482","20266","213","-1038","-682","-823","565","3847679","-11759507","51510","31461","-7","26572","310"
"77741.970","54701","26480","20311","243","-1010","-607","-1107","564","3847656","-11759734","51519","31461","282","26576","287"
"77742.970","54713","26480","20327","245","-1009","-366","-748","564","3847633","-11759964","51525","31460","323","26609","299"
"77743.970","54706","26480","20328","231","-1013","-266","-883","565","3847611","-11760194","51528","31461","115","26612","283"
"77744.970","54705","26480","20337","224","-1010","-260","-811","564","3847588","-11760421","51527","31460","148","26615","273"
"77745.970","54705","26479","20343","215","-1006","-244","-1069","564","3847566","-11760652","51524","31459","77","26630","290"
"77746.970","54701","26478","20367","223","-987","-240","-762","563","3847545","-11760881","51525","31459","-2","26625","281"
"77747.970","54698","26478","20392","233","-974","-369","-874","563","3847524","-11761111","51527","31460","75","26624","289"
"77748.970","54695","26477","20415","241","-958","-382","-936","562","3847503","-11761342","51529","31458","17","26628","280"
"77749.970","54692","26476","20452","264","-946","-404","-830","562","3847482","-11761574","51530","31459","11","26630","287"
"77750.970","54692","26476","20467","266","-931","-337","-1006","562","3847461","-11761804","51531","31458","4","26629","291"
"77751.970","54690","26475","20472","259","-920","-254","-959","561","3847441","-11762035","51534","31457","23","26634","300"
"77752.970","54682","26473","20481","257","-910","-82","-837","560","3847421","-11762267","51539","31456","51","26636","296"
"77753.970","54676","26472","20474","236","-898","-23","-875","560","3847400","-11762499","51545","31456","-44","26635","285"
"77754.970","54675","26472","20469","217","-891","22","-847","559","3847380","-11762729","51550","31456","14","26635","273"
"77755.970","54669","26471","20475","208","-882","41","-886","559","3847360","-11762961","51555","31456","69","26640","283"
"77756.970","54672","26470","20473","193","-878","148","-960","558","3847340","-11763192","51561","31454","-94","26638","290"
"77757.970","54662","26469","20469","178","-883","74","-945","558","3847320","-11763424","51569","31454","-848","26596","298"
"77758.970","54652","26467","20467","165","-878","17","-920","558","3847299","-11763655","51579","31454","-987","26540","304"
"77759.970","54644","26466","20456","144","-880","170","-925","558","3847278","-11763887","51593","31454","-1067","26491","305"
"77760.970","54632","26463","20447","125","-885","264","-849","558","3847254","-11764118","51609","31453","-1137","26441","301"
"77761.970","54620","26461","20442","110","-888","357","-881","558","3847229","-11764350","51624","31452","-1206","26387","291"
"77762.970","54609","26457","20448","102","-892","507","-814","558","3847202","-11764583","51638","31449","-1279","26333","279"
"77763.970","54605","26455","20463","102","-887","594","-975","558","3847173","-11764814","51650","31447","-1338","26273","266"
"77764.970","54601","26454","20478","101","-882","639","-910","558","3847143","-11765045","51658","31446","-1413","26208","255"
"77765.970","54598","26453","20496","100","-887","618","-813","558","3847111","-11765278","51664","31447","-1487","26141","244"
"77766.970","54598","26451","20532","118","-888","476","-882","558","3847076","-11765509","51664","31443","-1532","26076","230"
"77767.970","54600","26449","20565","131","-890","362","-1148","558","3847040","-11765740","51657","31441","-1495","26014","220"
"77768.970","54608","26451","20587","132","-893","287","-877","558","3847001","-11765969","51648","31442","-1338","25958","214"
"77769.970","54617","26452","20615","137","-893","174","-880","558","3846960","-11766201","51632","31441","-1239","25908","210"
"77770.970","54631","26453","20645","146","-885","66","-847","558","3846917","-11766432","51620","31441","-1075","25852","258"
"77771.970","54639","26451","20676","164","-896","54","-966","559","3846873","-11766661","51610","31438","-1040","25813","270"
"77772.970","54635","26451","20696","175","-908","-38","-967","560","3846827","-11766891","51608","31438","-1062","25768","272"
"77773.970","54629","26451","20722","191","-914","-155","-756","560","3846779","-11767121","51615","31438","-1003","25730","269"
"77774.970","54625","26449","20741","199","-912","-286","-927","560","3846731","-11767351","51620","31437","-703","25702","269"
"77775.970","54625","26449","20752","202","-920","-438","-792","560","3846680","-11767580","51623","31437","-556","25686","270"
"77776.970","54624","26450","20763","202","-924","-542","-945","560","3846629","-11767810","51624","31438","-577","25666","256"
"77777.970","54628","26452","20770","199","-932","-617","-873","561","3846578","-11768038","51623","31439","-409","25653","251"
"77778.970","54635","26453","20778","197","-944","-697","-818","561","3846525","-11768269","51619","31440","-292","25651","246"
"77779.970","54645","26455","20794","199","-943","-592","-892","561","3846473","-11768496","51612","31441","-194","25645","250"
"77780.970","54654","26458","20822","211","-930","-513","-750","561","3846419","-11768726","51605","31442","-326","25634","247"
"77781.970","54658","26459","20841","214","-917","-457","-798","560","3846366","-11768956","51597","31443","-344","25616","251"
"77782.970","54661","26461","20868","228","-905","-315","-770","560","3846313","-11769184","51589","31446","-157","25608","246"
"77783.970","54669","26464","20896","242","-896","-236","-916","560","3846259","-11769414","51583","31448","-94","25613","245"
"77784.970","54675","26467","20909","243","-887","-208","-939","560","3846205","-11769643","51576","31450","-17","25613","244"
"77785.970","54678","26467","20925","243","-866","-202","-979","558","3846151","-11769873","51570","31450","59","25617","246"
"77786.970","54680","26467","20943","247","-851","-89","-998","558","3846098","-11770103","51565","31450","129","25622","244"
"77787.970","54685","26469","20956","249","-843","-177","-877","557","3846044","-11770333","51561","31451","141","25627","245"
"77788.970","54687","26470","20980","260","-833","-318","-912","557","3845991","-11770562","51556","31452","78","25636","247"
"77789.970","54694","26472","20992","261","-821","-485","-907","556","3845938","-11770793","51550","31453","106","25638","255"
"77790.970","54697","26475","20999","257","-808","-605","-950","556","3845886","-11771024","51546","31456","79","25643","263"
"77791.970","54701","26474","21011","263","-803","-651","-849","555","3845833","-11771254","51543","31454","36","25645","271"
"77792.970","54701","26475","21018","264","-790","-612","-1020","555","3845781","-11771485","51542","31455","71","25649","280"
"77793.970","54695","26475","21021","262","-779","-570","-899","555","3845730","-11771716","51542","31456","6","25649","291"
"77794.970","54692","26475","21016","253","-770","-504","-857","554","3845678","-11771948","51544","31457","30","25652","298"
"77795.970","54686","26475","20998","235","-769","-434","-1076","553","3845626","-11772178","51549","31457","11","25655","303"
"77796.970","54674","26476","20991","227","-758","-411","-932","553","3845574","-11772409","51558","31460","-22","25652","307"
"77797.970","54662","26475","20997","233","-745","-392","-877","552","3845523","-11772638","51571","31462","8","25653","310"
"77798.970","54652","26475","21000","236","-739","-370","-881","552","3845472","-11772870","51587","31464","-33","25652","313"
"77799.970","54639","26480","21037","273","-721","-178","-817","551","3845421","-11773101","51607","31471","-26","25651","312"
"77800.970","54623","26480","21046","285","-711","-5","-877","551","3845369","-11773333","51628","31473","-35","25655","311"
"77801.970","54608","26477","21026","270","-720","98","-800","551","3845318","-11773563","51651","31473","-52","25652","310"
"77802.970","54592","26475","21012","261","-732","64","-787","552","3845267","-11773794","51675","31474","-59","25654","313"
"77803.970","54578","26473","21008","264","-747","-54","-861","553","3845216","-11774024","51703","31473","-66","25659","317"
"77804.970","54558","26469","20986","250","-764","-225","-898","554","3845165","-11774257","51728","31472","-92","25660","324"
"77805.970","54537","26464","20970","243","-779","-359","-787","554","3845114","-11774487","51752","31469","-114","25661","313"
"77806.970","54517","26461","20960","237","-792","-542","-840","554","3845063","-11774718","51774","31469","-97","25663","294"
"77807.970","54510","26461","20973","251","-798","-659","-922","555","3845012","-11774948","51795","31470","-132","25661","267"
"77808.970","54506","26461","21001","274","-792","-680","-1128","555","3844961","-11775179","51813","31470","-135","25660","244"
"77809.970","54513","26463","21013","276","-786","-648","-822","555","3844909","-11775410","51825","31472","-111","25657","223"
"77810.970","54528","26466","21018","269","-784","-482","-886","555","3844858","-11775640","51829","31473","-100","25654","207"
"77811.970","54545","26467","21029","267","-789","-260","-813","555","3844806","-11775872","51824","31471","-91","25655","197"
"77812.970","54562","26467","21029","253","-795","-110","-985","555","3844755","-11776104","51808","31469","-88","25655","191"
"77813.970","54576","26468","21040","247","-790","32","-922","555","3844703","-11776335","51784","31468","-96","25654","187"
"77814.970","54594","26467","21055","244","-786","177","-918","554","3844652","-11776565","51753","31463","-89","25651","186"
"77815.970","54609","26463","21074","247","-785","270","-1058","554","3844600","-11776798","51720","31456","-97","25649","184"
"77816.970","54622","26457","21114","267","-768","235","-1015","553","3844549","-11777029","51685","31447","-95","25643","186"
"77817.970","54637","26455","21137","273","-756","242","-834","553","3844497","-11777260","51657","31442","-91","25643","187"
"77818.970","54649","26455","21135","256","-751","281","-884","553","3844445","-11777492","51631","31440","-75","25638","189"
"77819.970","54667","26457","21137","244","-754","322","-852","553","3844393","-11777724","51607","31439","-67","25639","191"
"77820.970","54678","26457","21144","237","-748","300","-845","552","3844341","-11777957","51585","31437","-56","25639","194"
"77821.970","54689","26455","21156","235","-744","282","-926","552","3844289","-11778189","51565","31434","-66","25634","197"
"77822.970","54696","26456","21164","233","-746","239","-786","552","3844237","-11778422","51546","31433","-62","25636","202"
"77823.970","54712","26457","21161","220","-749","216","-966","552","3844185","-11778654","51529","31433","-34","25639","217"
"77824.970","54720","26459","21157","210","-753","209","-951","552","3844133","-11778888","51514","31433","-58","25639","235"
"77825.970","54721","26460","21156","204","-755","235","-991","552","3844081","-11779119","51500","31434","-62","25640","250"
"77826.970","54719","26461","21152","199","-758","228","-949","552","3844029","-11779352","51490","31436","-71","25640","267"
"77827.970","54713","26460","21149","197","-760","277","-927","553","3843978","-11779584","51484","31436","-58","25639","281"
"77828.970","54702","26457","21146","193","-753","290","-1089","552","3843926","-11779818","51486","31434","-91","25639","291"
"77829.970","54689","26455","21137","187","-747","262","-839","552","3843874","-11780052","51495","31433","-92","25632","297"
"77830.970","54675","26452","21134","188","-746","215","-839","552","3843822","-11780284","51511","31432","-79","25633","304"
"77831.970","54657","26449","21130","188","-739","148","-899","551","3843770","-11780518","51534","31432","-75","25629","311"
"77832.970","54641","26446","21122","185","-737","59","-839","551","3843717","-11780748","51561","31431","-89","25627","318"
"77833.970","54623","26443","21114","183","-734","22","-833","551","3843665","-11780983","51592","31431","-80","25625","322"
"77834.970","54604","26441","21105","181","-725","-32","-934","550","3843613","-11781214","51625","31431","-74","25622","345"
"77835.970","54585","26438","21098","185","-725","-78","-895","550","3843561","-11781447","51660","31430","-63","25625","355"
"77836.970","54553","26434","21093","192","-725","-73","-741","551","3843509","-11781678","51699","31431","-83","25621","338"
"77837.970","54525","26430","21088","196","-723","-153","-921","550","3843456","-11781911","51738","31431","-94","25618","317"
"77838.970","54507","26427","21092","205","-720","-249","-787","550","3843404","-11782144","51771","31431","-94","25618","287"
"77839.970","54496","26426","21103","218","-721","-283","-921","550","3843352","-11782375","51801","31431","-103","25617","262"
"77840.970","54492","26426","21125","234","-714","-342","-844","551","3843299","-11782608","51826","31432","-117","25614","234"
"77841.970","54498","26431","21158","258","-706","-350","-862","550","3843247","-11782842","51843","31436","-109","25610","209"
"77842.970","54511","26435","21188","276","-697","-318","-875","550","3843194","-11783072","51849","31439","-87","25611","190"
"77843.970","54526","26438","21213","285","-685","-251","-833","550","3843142","-11783306","51844","31440","-57","25608","183"
"77844.970","54548","26440","21235","290","-676","-195","-1126","550","3843089","-11783537","51832","31439","-18","25609","180"
"77845.970","54567","26441","21250","288","-665","-146","-811","549","3843037","-11783770","51813","31437","30","25610","182"
"77846.970","54587","26444","21258","283","-665","-132","-869","549","3842984","-11784002","51786","31437","33","25615","186"
"77847.970","54605","26446","21273","284","-660","-100","-936","549","3842932","-11784234","51756","31436","9","25617","197"
"77848.970","54616","26445","21288","286","-651","-10","-975","548","3842880","-11784467","51716","31433","7","25621","205"
"77849.970","54628","26445","21301","289","-646","17","-944","548","3842828","-11784702","51691","31431","-7","25619","216"
"77850.970","54636","26445","21307","286","-642","120","-912","548","3842776","-11784934","51667","31431","-3","25621","226"
"77851.970","54641","26446","21315","289","-641","148","-762","548","3842724","-11785167","51647","31430","-29","25621","237"
"77852.970","54643","26445","21318","287","-637","217","-770","547","3842672","-11785399","51631","31429","-57","25621","246"
"77853.970","54638","26444","21314","278","-629","305","-831","547","3842621","-11785634","51618","31429","-50","25616","250"
"77854.970","54632","26444","21318","281","-629","380","-808","547","3842569","-11785867","51610","31429","-34","25620","255"
"77855.970","54630","26442","21324","284","-623","451","-899","547","3842517","-11786101","51607","31428","-65","25616","252"
"77856.970","54623","26441","21322","282","-626","512","-760","547","3842465","-11786334","51609","31428","-49","25615","251"
"77857.970","54618","26440","21318","277","-630","515","-748","547","3842413","-11786569","51617","31427","-24","25621","249"
"77858.970","54611","26438","21301","259","-639","480","-815","547","3842362","-11786801","51627","31427","-65","25619","243"
"77859.970","54603","26438","21287","243","-647","460","-789","547","3842310","-11787036","51640","31428","-57","25620","236"
"77860.970","54602","26437","21273","226","-655","463","-767","547","3842257","-11787269","51645","31427","-48","25619","229"
"77861.970","54602","26437","21267","216","-665","380","-1068","547","3842206","-11787503","51648","31426","-57","25622","226"
"77862.970","54606","26437","21262","207","-675","214","-821","548","3842154","-11787738","51649","31426","-70","25623","223"
"77863.970","54608","26438","21269","209","-685","50","-900","548","3842101","-11787972","51648","31427","-66","25627","224"
"77864.970","54612","26439","21263","198","-691","-129","-899","549","3842050","-11788204","51645","31427","-66","25626","224"
"77865.970","54617","26442","21260","190","-697","-267","-800","549","3841997","-11788439","51640","31430","-72","25627","223"
"77866.970","54624","26443","21259","184","-703","-414","-796","549","3841945","-11788673","51632","31430","-57","25627","228"
"77867.970","54634","26446","21271","190","-705","-429","-925","549","3841893","-11788908","51622","31432","-78","25629","231"
"77868.970","54641","26447","21284","198","-704","-461","-840","549","3841841","-11789141","51614","31432","-86","25626","237"
"77869.970","54645","26448","21300","211","-703","-459","-1039","549","3841789","-11789376","51606","31433","-60","25628","244"
"77870.970","54648","26450","21318","224","-693","-425","-873","549","3841736","-11789611","51601","31434","-67","25625","251"
"77871.970","54647","26448","21319","224","-693","-454","-935","549","3841684","-11789846","51597","31432","-78","25624","259"
"77872.970","54649","26447","21321","227","-696","-430","-786","549","3841632","-11790078","51594","31431","-56","25625","265"
"77873.970","54644","26447","21316","223","-696","-332","-856","549","3841580","-11790313","51593","31431","-87","25624","268"
"77874.970","54643","26446","21316","222","-686","-217","-820","549","3841527","-11790547","51594","31430","-73","25620","269"
"77875.970","54638","26444","21322","227","-673","-76","-896","548","3841475","-11790781","51599","31429","-49","25616","271"
"77876.970","54630","26444","21314","220","-668","57","-929","548","3841423","-11791016","51607","31430","-37","25614","270"
"77877.970","54624","26442","21323","228","-656","160","-1002","547","3841371","-11791249","51617","31428","-28","25616","266"
"77878.970","54615","26440","21339","242","-637","320","-1012","546","3841318","-11791484","51631","31427","-13","25613","261"
"77879.970","54606","26440","21345","248","-632","378","-829","546","3841266","-11791718","51645","31429","-16","25615","256"
"77880.970","54602","26439","21349","251","-626","441","-838","545","3841214","-11791953","51656","31429","-28","25613","250"
"77881.970","54595","26438","21359","259","-620","429","-941","546","3841162","-11792186","51665","31429","-32","25613","243"
"77882.970","54590","26435","21379","276","-612","330","-745","546","3841110","-11792421","51672","31426","-32","25611","234"
"77883.970","54591","26433","21390","285","-610","151","-889","545","3841057","-11792655","51679","31424","-25","25614","228"
"77884.970","54590","26432","21395","289","-615","41","-964","546","3841005","-11792890","51684","31422","-22","25617","222"
"77885.970","54591","26433","21393","284","-618","-74","-801","546","3840953","-11793123","51687","31424","-36","25616","220"
"77886.970","54599","26435","21384","272","-630","-250","-790","546","3840901","-11793358","51688","31424","-25","25620","214"
"77887.970","54610","26437","21385","269","-634","-338","-941","547","3840849","-11793593","51684","31425","-45","25623","215"
"77888.970","54621","26439","21380","257","-632","-278","-929","546","3840796","-11793827","51675","31425","-30","25622","214"
"77889.970","54627","26438","21370","242","-639","-179","-800","547","3840745","-11794062","51662","31424","-60","25625","220"
"77890.970","54636","26436","21344","211","-642","-136","-864","546","3840693","-11794296","51645","31419","-53","25619","227"
"77891.970","54643","26435","21331","197","-651","-230","-847","547","3840641","-11794531","51635","31418","-52","25621","235"
"77892.970","54646","26434","21321","184","-655","-175","-838","546","3840589","-11794767","51627","31415","-54","25624","242"
"77893.970","54648","26434","21313","174","-656","-75","-787","545","3840537","-11795001","51622","31416","-62","25619","246"
"77894.970","54647","26438","21323","182","-653","-34","-921","546","3840485","-11795233","51618","31420","-64","25623","250"
"77895.970","54643","26443","21346","203","-640","139","-884","546","3840433","-11795471","51615","31427","-62","25616","253"
"77896.970","54641","26448","21367","226","-641","270","-959","546","3840381","-11795703","51614","31434","-61","25622","256"
"77897.970","54633","26450","21368","227","-638","352","-814","546","3840329","-11795938","51615","31436","-71","25616","257"
"77898.970","54628","26450","21367","228","-641","290","-804","546","3840277","-11796172","51619","31438","-86","25617","257"
"77899.970","54625","26450","21355","217","-642","203","-1202","546","3840225","-11796407","51626","31438","-61","25615","256"
"77900.970","54617","26451","21338","202","-648","160","-932","546","3840173","-11796642","51636","31441","-55","25617","248"
"77901.970","54612","26452","21324","185","-641","52","-889","546","3840120","-11796877","51642","31443","-57","25613","244"
"77902.970","54610","26453","21315","175","-638","-45","-916","545","3840068","-11797112","51646","31444","-43","25612","239"
"77903.970","54610","26454","21318","175","-638","-152","-804","545","3840016","-11797346","51648","31445","-29","25611","237"
"77904.970","54611","26454","21335","188","-627","-264","-888","544","3839964","-11797581","51649","31445","-30","25613","233"
"77905.970","54617","26456","21339","186","-614","-404","-842","544","3839911","-11797816","51648","31446","-31","25610","233"
"77906.970","54622","26456","21329","171","-609","-498","-868","542","3839859","-11798051","51645","31446","-22","25609","233"
"77907.970","54629","26457","21319","158","-608","-583","-935","543","3839807","-11798286","51640","31446","-24","25610","234"
"77908.970","54633","26458","21313","147","-606","-575","-805","543","3839755","-11798521","51631","31446","-35","25608","237"
"77909.970","54642","26457","21310","140","-601","-542","-945","542","3839703","-11798756","51622","31444","-32","25609","240"
"77910.970","54649","26456","21312","139","-598","-458","-761","543","3839651","-11798989","51615","31442","-37","25606","246"
"77911.970","54653","26455","21323","149","-596","-314","-981","542","3839600","-11799225","51611","31439","-51","25607","253"
"77912.970","54650","26453","21336","160","-588","-81","-840","541","3839548","-11799459","51607","31438","-52","25608","256"
"77913.970","54645","26453","21318","142","-594","78","-861","541","3839496","-11799695","51605","31439","-57","25605","260"
"77914.970","54641","26451","21315","138","-584","138","-908","541","3839444","-11799929","51605","31437","-49","25605","263"
"77915.970","54632","26451","21307","132","-586","163","-1011","541","3839392","-11800165","51609","31438","-74","25603","263"
"77916.970","54624","26451","21315","140","-586","130","-855","541","3839340","-11800400","51616","31440","-63","25603","263"
"77917.970","54619","26455","21308","137","-596","100","-993","541","3839288","-11800635","51625","31445","-67","25603","264"
"77918.970","54610","26456","21288","118","-599","-74","-779","541","3839236","-11800869","51639","31448","-75","25603","266"
"77919.970","54606","26457","21282","115","-604","-151","-944","542","3839184","-11801105","51649","31449","-81","25603","267"
"77920.970","54601","26457","21292","126","-600","-209","-898","541","3839131","-11801339","51658","31450","-92","25600","267"
"77921.970","54597","26458","21288","121","-596","-232","-939","541","3839079","-11801575","51666","31452","-76","25598","267"
"77922.970","54594","26458","21294","128","-591","-232","-1007","541","3839028","-11801809","51675","31453","-65","25596","270"
"77923.970","54588","26458","21303","138","-585","-192","-855","541","3838975","-11802044","51684","31453","-58","25595","269"
"77924.970","54580","26457","21298","136","-587","-134","-923","541","3838923","-11802279","51692","31454","-59","25596","272"
"77925.970","54576","26458","21289","129","-591","-87","-889","541","3838870","-11802514","51702","31456","-70","25596","275"
"77926.970","54569","26457","21286","131","-601","-26","-806","542","3838819","-11802747","51712","31456","-60","25599","273"
"77927.970","54557","26457","21279","126","-602","26","-880","542","3838766","-11802982","51724","31458","-66","25594","276"
"77928.970","54548","26457","21269","119","-605","-17","-917","542","3838714","-11803217","51735","31458","-86","25596","273"
"77929.970","54539","26457","21266","118","-605","-51","-958","542","3838662","-11803450","51746","31460","-57","25596","275"
"77930.970","54535","26458","21259","113","-602","-112","-818","541","3838610","-11803685","51758","31462","-52","25595","273"
"77931.970","54527","26458","21264","119","-598","-161","-849","541","3838558","-11803920","51769","31464","-65","25594","274"
"77932.970","54522","26459","21272","131","-605","-156","-865","542","3838505","-11804155","51779","31466","-52","25595","273"
"77933.970","54515","26461","21271","133","-608","-153","-1013","542","3838453","-11804389","51789","31470","-58","25595","273"
"77934.970","54507","26463","21272","136","-611","-175","-771","542","3838400","-11804622","51799","31473","-67","25599","272"
"77935.970","54501","26463","21270","136","-606","-218","-912","542","3838348","-11804857","51808","31474","-61","25595","273"
"77936.970","54495","26463","21264","134","-611","-222","-996","542","3838296","-11805091","51818","31475","-49","25596","273"
"77937.970","54485","26463","21259","131","-610","-261","-905","542","3838244","-11805326","51827","31476","-60","25598","275"
"77938.970","54481","26463","21248","123","-611","-274","-980","542","3838191","-11805560","51836","31477","-56","25596","276"
"77939.970","54473","26464","21234","111","-614","-260","-970","543","3838139","-11805795","51846","31480","-60","25595","275"
"77940.970","54468","26464","21229","108","-615","-270","-924","542","3838087","-11806029","51855","31481","-65","25595","275"
"77941.970","54462","26465","21217","98","-618","-260","-763","542","3838034","-11806263","51864","31483","-51","25595","276"
"77942.970","54458","26466","21209","94","-623","-231","-920","543","3837982","-11806497","51873","31485","-58","25596","276"
"77943.970","54451","26466","21207","94","-626","-183","-1021","543","3837930","-11806732","51883","31486","-65","25598","278"
"77944.970","54442","26467","21205","93","-620","-136","-825","542","3837877","-11806965","51893","31488","-62","25593","279"
"77945.970","54436","26467","21203","93","-620","-105","-766","542","3837825","-11807199","51904","31489","-70","25593","280"
"77946.970","54428","26466","21201","93","-622","-72","-1084","543","3837772","-11807433","51915","31490","-72","25593","281"
"77947.970","54420","26466","21196","93","-627","-43","-1038","543","3837721","-11807667","51927","31491","-64","25593","284"
"77948.970","54411","26465","21194","95","-629","-38","-934","543","3837668","-11807901","51941","31492","-35","25596","284"
"77949.970","54398","26464","21194","99","-636","-39","-1005","543","3837616","-11808136","51954","31492","-61","25596","276"
"77950.970","54387","26463","21193","101","-642","-145","-811","544","3837564","-11808369","51965","31493","-72","25598","268"
"77951.970","54379","26462","21203","112","-644","-218","-906","544","3837512","-11808603","51975","31493","-60","25599","261"
"77952.970","54376","26462","21211","121","-648","-270","-867","545","3837459","-11808837","51984","31494","-51","25599","253"
"77953.970","54379","26464","21222","134","-660","-328","-1118","546","3837407","-11809070","51993","31495","-57","25605","249"
"77954.970","54379","26466","21229","143","-675","-331","-917","547","3837354","-11809304","51998","31497","-62","25609","246"
"77955.970","54382","26467","21233","145","-681","-254","-883","547","3837302","-11809539","52001","31498","-69","25609","243"
"77956.970","54386","26468","21235","147","-686","-177","-794","547","3837249","-11809773","52000","31499","-68","25610","244"
"77957.970","54387","26469","21238","149","-691","-119","-797","548","3837197","-11810008","51996","31500","-78","25612","243"
"77958.970","54389","26470","21235","144","-699","-131","-891","548","3837145","-11810240","51990","31501","-81","25611","242"
"77959.970","54387","26471","21234","142","-700","-186","-824","548","3837092","-11810475","51986","31502","-78","25609","245"
"77960.970","54388","26472","21233","140","-704","-209","-979","548","3837039","-11810709","51983","31503","-73","25610","248"
"77961.970","54390","26472","21236","140","-699","-233","-779","547","3836987","-11810944","51980","31503","-72","25610","250"
"77962.970","54392","26473","21238","141","-698","-227","-783","548","3836934","-11811177","51978","31503","-67","25607","251"
"77963.970","54387","26473","21236","138","-698","-191","-934","548","3836881","-11811410","51977","31505","-73","25607","251"
"77964.970","54392","26474","21233","135","-698","-190","-983","548","3836829","-11811644","51976","31505","-48","25606","251"
"77965.970","54391","26475","21228","129","-701","-173","-987","548","3836776","-11811878","51975","31506","-45","25609","251"
"77966.970","54391","26476","21219","118","-701","-145","-957","548","3836723","-11812113","51975","31507","-34","25609","251"
"77967.970","54391","26477","21215","115","-710","-134","-778","548","3836670","-11812346","51975","31509","-34","25612","250"
"77968.970","54389","26478","21211","112","-719","-145","-913","549","3836618","-11812580","51975","31511","-29","25614","252"
"77969.970","54386","26479","21201","103","-726","-181","-907","549","3836565","-11812815","51975","31512","-59","25614","250"
"77970.970","54389","26480","21189","91","-733","-219","-874","549","3836513","-11813050","51974","31513","-67","25616","251"
"77971.970","54388","26480","21184","85","-731","-246","-791","550","3836461","-11813285","51974","31513","-48","25615","250"
"77972.970","54390","26480","21183","82","-732","-355","-882","549","3836408","-11813517","51972","31512","-44","25618","251"
"77973.970","54390","26478","21187","84","-726","-383","-974","549","3836355","-11813750","51970","31511","-46","25614","251"
"77974.970","54394","26478","21186","82","-724","-523","-1022","549","3836303","-11813985","51968","31510","-38","25616","252"
"77975.970","54398","26478","21175","69","-719","-543","-1189","548","3836250","-11814219","51965","31509","-32","25614","252"
"77976.970","54396","26479","21178","70","-714","-491","-983","548","3836198","-11814454","51962","31510","-35","25614","253"
"77977.970","54401","26478","21183","73","-709","-589","-787","548","3836145","-11814688","51959","31508","-16","25616","255"
"77978.970","54401","26478","21182","72","-707","-550","-818","548","3836093","-11814923","51956","31508","-13","25613","256"
"77979.970","54404","26479","21183","74","-711","-516","-898","548","3836041","-11815155","51953","31509","-16","25618","257"
"77980.970","54408","26480","21185","75","-710","-500","-834","548","3835988","-11815390","51951","31509","-18","25622","259"
"77981.970","54408","26482","21183","74","-710","-315","-833","548","3835936","-11815625","51950","31512","-36","25623","258"
"77982.970","54408","26481","21191","83","-714","-160","-928","548","3835884","-11815860","51951","31511","-56","25623","256"
"77983.970","54409","26479","21199","90","-707","-253","-815","548","3835832","-11816094","51952","31508","-46","25624","263"
"77984.970","54403","26480","21204","95","-698","-161","-776","548","3835779","-11816327","51954","31510","-49","25621","263"
"77985.970","54397","26487","21218","115","-715","-112","-1163","549","3835727","-11816562","51958","31520","-32","25625","259"
"77986.970","54399","26495","21215","119","-738","-54","-906","550","3835675","-11816795","51962","31529","-69","25634","258"
"77987.970","54396","26495","21222","127","-739","73","-872","550","3835623","-11817030","51965","31530","-92","25631","252"
"77988.970","54393","26494","21232","136","-734","23","-859","550","3835571","-11817264","51969","31529","-54","25631","255"
"77989.970","54390","26494","21227","134","-742","103","-814","550","3835518","-11817499","51973","31529","-72","25632","246"
"77990.970","54387","26493","21229","135","-739","1","-932","550","3835466","-11817733","51976","31528","-56","25630","252"
"77991.970","54388","26493","21200","103","-728","15","-768","550","3835414","-11817968","51978","31529","-65","25629","248"
"77992.970","54386","26488","21211","108","-710","126","-831","548","3835362","-11818200","51979","31522","-36","25625","242"
"77993.970","54389","26476","21236","124","-677","69","-993","547","3835310","-11818435","51980","31508","-20","25616","244"
"77994.970","54383","26475","21238","127","-682","-272","-844","547","3835257","-11818669","51981","31508","-22","25616","247"
"77995.970","54383","26480","21220","110","-693","-262","-892","547","3835205","-11818904","51980","31513","-31","25624","245"
"77996.970","54388","26475","21233","115","-669","-200","-945","546","3835153","-11819138","51978","31507","-25","25618","246"
"77997.970","54389","26478","21217","102","-688","-361","-881","547","3835101","-11819372","51976","31510","-40","25623","248"
"77998.970","54391","26478","21208","94","-703","-376","-924","548","3835049","-11819607","51973","31511","-30","25627","245"
"77999.970","54393","26479","21209","91","-696","-526","-890","547","3834997","-11819842","51970","31511","-68","25627","249"
"78000.970","54397","26485","21204","86","-705","-392","-865","549","3834945","-11820075","51966","31517","-61","25621","246"
"78001.970","54401","26484","21215","96","-709","-423","-854","548","3834893","-11820310","51963","31515","-57","25625","251"
"78002.970","54399","26488","21212","95","-720","-553","-783","548","3834841","-11820544","51961","31520","-94","25629","254"
"78003.970","54402","26492","21212","93","-718","-536","-861","549","3834788","-11820779","51958","31525","-67","25625","254"
"78004.970","54404","26501","21245","133","-741","-388","-915","550","3834736","-11821014","51957","31535","-72","25636","257"
"78005.970","54403","26505","21277","171","-763","-106","-835","551","3834684","-11821247","51956","31540","-87","25639","252"
"78006.970","54402","26510","21295","192","-770","-63","-858","554","3834632","-11821482","51958","31546","-108","25641","256"
"78007.970","54399","26509","21310","208","-772","-6","-600","553","3834580","-11821715","51960","31546","-106","25641","251"
"78008.970","54396","26508","21311","206","-756","-80","-885","551","3834527","-11821950","51964","31545","-115","25637","256"
"78009.970","54393","26506","21321","218","-759","-23","-722","553","3834475","-11822184","51967","31543","-105","25631","250"
"78010.970","54392","26496","21330","223","-743","-170","-822","551","3834422","-11822419","51970","31531","-83","25624","252"
"78011.970","54389","26500","21324","220","-749","-254","-757","552","3834369","-11822653","51973","31537","-53","25626","252"
"78012.970","54386","26509","21355","261","-781","-280","-758","554","3834317","-11822888","51973","31548","-66","25637","245"
"78013.970","54388","26498","21342","238","-748","-111","-830","553","3834264","-11823122","51973","31535","-97","25633","241"
"78014.970","54388","26500","21368","265","-748","-406","-728","553","3834212","-11823357","51972","31537","-64","25619","250"
"78015.970","54394","26510","21373","279","-782","-237","-801","555","3834158","-11823590","51971","31547","-70","25640","241"
"78016.970","54396","26509","21348","244","-747","-75","-697","552","3834106","-11823825","51970","31546","-61","25620","240"
"78017.970","54394","26499","21349","247","-753","-227","-705","552","3834053","-11824059","51969","31535","-85","25627","252"
"78018.970","54394","26498","21305","198","-742","-391","-740","551","3834000","-11824292","51968","31534","-34","25620","253"
"78019.970","54397","26504","21347","251","-772","-500","-908","554","3833947","-11824527","51966","31540","-66","25629","247"
"78020.970","54402","26497","21321","214","-738","-229","-761","551","3833894","-11824761","51965","31530","-17","25620","241"
"78021.970","54399","26487","21321","202","-690","-257","-932","548","3833841","-11824994","51964","31519","-54","25612","248"
"78022.970","54401","26485","21339","226","-708","-261","-869","549","3833788","-11825229","51964","31517","-18","25612","249"
"78023.970","54398","26483","21379","267","-702","-419","-855","550","3833736","-11825463","51964","31515","-10","25621","253"
"78024.970","54398","26482","21388","277","-695","-365","-960","550","3833683","-11825697","51965","31514","-18","25619","249"
"78025.970","54399","26480","21378","267","-693","-245","-940","549","3833630","-11825932","51965","31511","-7","25615","249"
"78026.970","54398","26486","21358","252","-708","-542","-922","550","3833578","-11826165","51966","31518","-20","25622","255"
"78027.970","54396","26498","21328","233","-753","-367","-818","553","3833525","-11826399","51965","31534","-56","25634","248"
"78028.970","54397","26481","21382","275","-699","-194","-861","550","3833473","-11826634","51964","31513","-25","25618","252"
"78029.970","54396","26480","21398","294","-703","-382","-938","551","3833420","-11826867","51964","31512","-71","25623","247"
"78030.970","54397","26482","21397","298","-715","-403","-959","551","3833367","-11827102","51963","31514","-25","25627","247"
"78031.970","54399","26484","21392","294","-716","-293","-913","552","3833315","-11827336","51962","31516","-37","25629","244"
"78032.970","54399","26483","21403","308","-720","-492","-775","552","3833262","-11827571","51961","31515","-57","25631","250"
"78033.970","54398","26487","21379","286","-722","-553","-886","552","3833210","-11827804","51960","31519","-24","25630","250"
"78034.970","54402","26488","21387","293","-709","-459","-853","551","3833157","-11828037","51959","31520","-73","25630","251"
"78035.970","54403","26481","21417","316","-672","-332","-969","550","3833104","-11828272","51957","31511","-22","25619","252"
"78036.970","54407","26473","21424","322","-656","-360","-848","549","3833052","-11828504","51957","31502","-1","25617","252"
"78037.970","54402","26476","21402","304","-667","-457","-892","549","3833000","-11828739","51957","31506","-47","25623","253"
"78038.970","54400","26472","21392","292","-650","-300","-911","547","3832947","-11828972","51958","31501","-33","25612","250"
"78039.970","54402","26459","21397","295","-631","-263","-1176","547","3832895","-11829207","51959","31486","-2","25614","252"
"78040.970","54401","26461","21366","264","-629","-258","-815","546","3832843","-11829441","51960","31488","3","25613","249"
"78041.970","54400","26456","21365","261","-611","-222","-719","546","3832791","-11829674","51962","31483","7","25611","252"
"78042.970","54399","26458","21321","217","-616","-37","-755","544","3832738","-11829908","51964","31485","1","25613","247"
"78043.970","54400","26455","21325","216","-601","61","-939","544","3832687","-11830143","51966","31481","-18","25611","246"
"78044.970","54394","26474","21320","226","-655","71","-840","547","3832634","-11830377","51969","31505","-40","25613","254"
"78045.970","54395","26494","21299","219","-725","304","-834","550","3832582","-11830612","51971","31528","-64","25640","238"
"78046.970","54393","26488","21326","238","-695","-94","-810","549","3832530","-11830844","51973","31522","-80","25633","238"
"78047.970","54389","26495","21384","304","-712","-188","-718","553","3832478","-11831079","51974","31530","-89","25633","239"
"78048.970","54393","26493","21401","324","-720","-93","-738","552","3832426","-11831312","51974","31528","-62","25634","236"
"78049.970","54393","26493","21418","342","-717","55","-774","551","3832374","-11831546","51974","31528","-132","25639","244"
"78050.970","54397","26494","21416","344","-733","74","-786","554","3832321","-11831779","51974","31528","-97","25641","247"
"78051.970","54396","26494","21426","361","-754","-94","-777","554","3832269","-11832014","51974","31528","-115","25641","245"
"78052.970","54396","26493","21417","359","-778","35","-708","556","3832217","-11832247","51974","31527","-112","25645","236"
"78053.970","54394","26494","21392","331","-764","-95","-833","556","3832164","-11832482","51974","31528","-107","25634","240"
"78054.970","54397","26494","21384","321","-756","-255","-864","554","3832112","-11832716","51974","31528","-128","25630","244"
"78055.970","54398","26495","21360","286","-708","-265","-803","550","3832059","-11832947","51972","31529","-67","25620","242"
"78056.970","54399","26494","21337","256","-679","-255","-843","549","3832006","-11833182","51971","31528","-26","25609","242"
"78057.970","54406","26493","21355","287","-722","-470","-724","552","3831953","-11833416","51969","31525","-25","25615","243"
"78058.970","54402","26491","21371","300","-708","-689","-852","552","3831901","-11833650","51966","31524","-16","25622","241"
"78059.970","54402","26493","21348","279","-709","-836","-762","550","3831847","-11833883","51962","31526","-44","25619","247"
"78060.970","54412","26489","21340","261","-668","-739","-830","547","3831795","-11834117","51958","31520","-11","25620","252"
"78061.970","54413","26486","21352","268","-638","-674","-780","547","3831743","-11834351","51953","31516","-24","25607","254"
"78062.970","54414","26480","21323","241","-645","-642","-702","545","3831690","-11834584","51949","31509","2","25607","253"
"78063.970","54414","26471","21260","170","-621","-449","-763","544","3831637","-11834817","51947","31498","75","25607","247"
"78064.970","54415","26463","21248","156","-612","-367","-688","544","3831585","-11835051","51945","31488","-59","25600","253"
"78065.970","54417","26475","21276","195","-649","22","-715","546","3831533","-11835285","51946","31502","4","25604","248"
"78066.970","54417","26485","21339","269","-681","-20","-831","550","3831481","-11835518","51948","31514","-20","25632","249"
"78067.970","54409","26484","21312","239","-670","-44","-781","549","3831429","-11835752","51952","31515","-96","25612","250"
"78068.970","54406","26487","21318","256","-704","-172","-695","549","3831376","-11835986","51956","31519","-104","25622","254"
"78069.970","54401","26484","21345","287","-707","-357","-700","551","3831324","-11836219","51958","31515","-82","25633","253"
"78070.970","54404","26479","21379","322","-697","-382","-955","552","3831272","-11836453","51960","31509","-83","25619","247"
"78071.970","54400","26482","21380","334","-729","-298","-702","553","3831220","-11836686","51960","31513","-87","25628","245"
"78072.970","54404","26482","21392","353","-752","-251","-892","555","3831167","-11836920","51960","31513","-76","25639","244"
"78073.970","54405","26486","21385","356","-781","-310","-722","556","3831114","-11837153","51959","31517","-126","25636","244"
"78074.970","54404","26485","21401","378","-801","-317","-867","557","3831062","-11837386","51958","31517","-136","25645","244"
"78075.970","54403","26487","21384","364","-803","-454","-1009","557","3831009","-11837620","51955","31518","-108","25639","243"
"78076.970","54407","26488","21382","366","-815","-497","-758","557","3830956","-11837853","51952","31519","-89","25643","242"
"78077.970","54410","26490","21369","352","-804","-558","-879","557","3830903","-11838086","51949","31521","-72","25638","243"
"78078.970","54415","26490","21370","350","-786","-415","-933","556","3830850","-11838318","51945","31520","-54","25636","244"
"78079.970","54418","26488","21383","365","-784","-300","-875","556","3830797","-11838552","51942","31517","-27","25632","243"
"78080.970","54415","26486","21391","377","-786","-209","-816","557","3830744","-11838786","51940","31515","-15","25639","244"
"78081.970","54415","26484","21382","365","-768","-66","-1007","556","3830691","-11839018","51940","31513","-7","25635","249"
"78082.970","54415","26482","21379","367","-777","76","-767","555","3830639","-11839251","51941","31511","-11","25634","251"
"78083.970","54412","26484","21356","347","-785","48","-746","555","3830586","-11839485","51944","31514","-20","25644","249"
"78084.970","54409","26485","21369","368","-806","-97","-927","558","3830533","-11839720","51946","31515","-55","25642","239"
"78085.970","54405","26483","21386","390","-815","-255","-732","558","3830480","-11839951","51948","31514","-34","25649","239"
"78086.970","54404","26481","21406","408","-796","-160","-746","558","3830428","-11840185","51949","31511","-46","25648","240"
"78087.970","54407","26479","21411","409","-771","-58","-954","556","3830375","-11840417","51949","31508","-44","25639","239"
"78088.970","54408","26478","21409","407","-761","-102","-693","556","3830322","-11840650","51948","31507","-45","25640","240"
"78089.970","54407","26474","21397","392","-748","-150","-912","555","3830270","-11840882","51947","31503","-6","25635","239"
"78090.970","54409","26470","21376","367","-733","-53","-866","554","3830217","-11841117","51946","31497","11","25634","238"
"78091.970","54410","26459","21322","315","-746","18","-847","555","3830164","-11841348","51944","31484","13","25626","236"
"78092.970","54409","26468","21309","308","-771","-185","-875","555","3830112","-11841582","51943","31496","38","25652","242"
"78093.970","54412","26473","21336","342","-802","-291","-1110","557","3830060","-11841815","51941","31500","-28","25669","243"
"78094.970","54410","26475","21337","349","-824","-480","-836","558","3830007","-11842047","51937","31503","-101","25677","243"
"78095.970","54416","26477","21378","395","-844","-526","-866","559","3829955","-11842282","51933","31505","-60","25679","240"
"78096.970","54420","26480","21388","408","-849","-372","-801","560","3829903","-11842514","51929","31507","-121","25686","235"
"78097.970","54424","26482","21380","400","-849","-251","-1027","560","3829851","-11842746","51925","31509","-104","25685","236"
"78098.970","54429","26482","21407","426","-839","-46","-769","560","3829799","-11842980","51922","31509","-96","25686","241"
"78099.970","54423","26481","21425","445","-833","207","-694","562","3829747","-11843212","51921","31508","-135","25683","239"
"78100.970","54423","26480","21405","420","-812","261","-754","559","3829694","-11843445","51923","31507","-99","25673","236"
"78101.970","54422","26478","21386","396","-789","241","-960","557","3829642","-11843679","51925","31505","-71","25674","240"
"78102.970","54417","26479","21414","425","-780","183","-863","558","3829590","-11843911","51928","31507","-78","25668","243"
"78103.970","54415","26478","21412","424","-777","-80","-664","558","3829539","-11844145","51931","31506","-61","25672","246"
"78104.970","54415","26477","21444","457","-771","-352","-851","557","3829487","-11844377","51932","31504","-92","25675","241"
"78105.970","54414","26476","21477","496","-776","-773","-717","559","3829435","-11844611","51931","31504","-126","25680","240"
"78106.970","54415","26474","21494","516","-779","-894","-771","560","3829382","-11844842","51929","31501","-91","25678","236"
"78107.970","54420","26475","21505","528","-773","-960","-842","560","3829331","-11845076","51925","31501","-96","25678","232"
"78108.970","54429","26469","21487","501","-730","-922","-1054","557","3829279","-11845309","51919","31493","-98","25669","233"
"78109.970","54436","26464","21479","494","-733","-801","-867","557","3829226","-11845542","51909","31486","-86","25667","242"
"78110.970","54442","26467","21470","488","-740","-746","-846","557","3829175","-11845776","51901","31488","-74","25671","246"
"78111.970","54444","26471","21475","500","-764","-579","-846","558","3829123","-11846009","51894","31493","-100","25672","243"
"78112.970","54449","26472","21499","530","-776","-399","-841","560","3829070","-11846241","51890","31493","-130","25685","245"
"78113.970","54451","26476","21493","530","-792","-261","-868","561","3829018","-11846474","51887","31498","-147","25680","246"
"78114.970","54452","26479","21513","554","-790","-316","-829","561","3828967","-11846707","51886","31502","-132","25680","248"
"78115.970","54450","26479","21528","572","-783","-323","-886","561","3828915","-11846939","51887","31501","-148","25676","254"
"78116.970","54448","26479","21529","577","-780","-356","-903","562","3828862","-11847171","51889","31501","-148","25678","254"
"78117.970","54443","26477","21521","571","-769","-376","-753","560","3828810","-11847406","51891","31501","-152","25672","252"
"78118.970","54442","26478","21495","549","-775","-516","-802","560","3828758","-11847637","51893","31501","-110","25669","250"
"78119.970","54441","26477","21487","544","-769","-704","-787","560","3828706","-11847870","51893","31501","-103","25669","246"
"78120.970","54440","26475","21476","533","-752","-814","-848","559","3828654","-11848102","51892","31498","-126","25660","245"
"78121.970","54445","26470","21457","512","-735","-620","-801","558","3828602","-11848335","51889","31492","-68","25661","245"
"78122.970","54449","26471","21453","506","-726","-299","-934","557","3828550","-11848566","51886","31492","-89","25656","242"
"78123.970","54453","26474","21462","523","-749","-86","-750","559","3828497","-11848799","51885","31495","-71","25661","242"
"78124.970","54454","26477","21440","506","-770","80","-758","559","3828445","-11849031","51885","31498","-90","25670","242"
"78125.970","54450","26477","21439","510","-780","-16","-629","561","3828393","-11849264","51887","31499","-144","25667","248"
"78126.970","54449","26476","21439","508","-767","-189","-822","558","3828341","-11849495","51889","31498","-94","25666","249"
"78127.970","54449","26476","21459","529","-761","-253","-855","560","3828341","-11849495","51889","31498","-121","25668","246"
"78128.970","54445","26475","21459","527","-747","-246","-769","558","3828236","-11849959","51891","31497","-85","25659","246"
"78129.970","54447","26474","21451","516","-726","-273","-782","558","3828184","-11850192","51892","31496","-113","25657","245"
"78130.970","54448","26474","21450","513","-716","-131","-826","557","3828132","-11850424","51891","31496","-97","25650","239"
"78131.970","54450","26473","21435","499","-716","73","-896","557","3828080","-11850656","51892","31494","-67","25653","237"
"78132.970","54450","26475","21412","477","-725","274","-837","556","3828080","-11850656","51892","31496","-99","25655","237"
"78133.970","54450","26476","21411","479","-735","372","-780","557","3828028","-11850889","51893","31498","-132","25655","236"
"78134.970","54448","26475","21395","461","-739","378","-809","557","3827976","-11851121","51894","31496","-72","25659","236"
"78135.970","54445","26475","21366","434","-753","169","-1030","557","3827924","-11851354","51897","31498","-124","25654","237"
"78136.970","54444","26475","21363","430","-755","37","-747","556","3827871","-11851586","51899","31497","-83","25659","234"
"78137.970","54448","26471","21388","453","-747","-267","-759","557","3827819","-11851818","51901","31493","-145","25657","237"
"78138.970","54448","26466","21406","463","-711","-447","-873","555","3827767","-11852050","51900","31486","-67","25650","237"
"78139.970","54451","26466","21417","472","-702","-538","-721","555","3827715","-11852283","51898","31485","-122","25651","238"
"78140.970","54452","26468","21446","497","-684","-477","-813","556","3827663","-11852515","51894","31488","-58","25647","238"
"78141.970","54460","26471","21479","530","-675","-339","-750","556","3827611","-11852746","51889","31490","-120","25648","241"
"78142.970","54465","26469","21466","514","-658","-197","-655","555","3827559","-11852979","51885","31487","-90","25643","242"
"78143.970","54463","26466","21423","468","-648","-220","-771","553","3827507","-11853211","51882","31484","-82","25635","247"
"78144.970","54464","26459","21410","450","-620","-409","-848","551","3827455","-11853441","51880","31475","-83","25638","253"
"78145.970","54463","26454","21388","426","-605","-486","-764","551","3827403","-11853675","51880","31469","-66","25621","248"
"78146.970","54464","26456","21386","427","-612","-403","-820","549","3827351","-11853906","51880","31472","-66","25630","245"
"78147.970","54466","26450","21395","429","-580","-137","-759","548","3827299","-11854140","51879","31464","-76","25629","246"
"78148.970","54464","26443","21373","406","-575","93","-875","547","3827247","-11854370","51880","31456","-101","25620","245"
"78149.970","54462","26445","21348","383","-589","200","-884","547","3827195","-11854603","51881","31459","-63","25626","243"
"78150.970","54460","26441","21361","390","-565","171","-1090","547","3827144","-11854835","51884","31455","-120","25622","243"
"78151.970","54455","26445","21371","400","-560","145","-859","546","3827092","-11855068","51886","31460","-85","25615","243"
"78152.970","54450","26446","21393","425","-571","90","-1002","548","3827040","-11855301","51890","31462","-88","25625","241"
"78153.970","54451","26445","21390","416","-552","121","-742","547","3826989","-11855532","51892","31461","-147","25619","235"
"78154.970","54454","26449","21394","421","-557","127","-686","550","3826937","-11855764","51894","31465","-99","25613","232"
"78155.970","54453","26462","21396","440","-626","199","-588","553","3826885","-11855996","51894","31481","-147","25628","232"
"78156.970","54458","26470","21425","479","-667","-71","-787","554","3826833","-11856229","51894","31489","-190","25638","233"
"78157.970","54459","26469","21445","492","-637","-259","-919","554","3826782","-11856462","51893","31488","-202","25640","227"
"78158.970","54460","26469","21424","467","-616","-298","-772","552","3826729","-11856694","51890","31488","-193","25622","228"
"78159.970","54465","26471","21399","437","-605","-142","-677","548","3826677","-11856926","51886","31489","-139","25614","230"
"78160.970","54466","26465","21401","442","-612","-88","-688","551","3826626","-11857159","51882","31482","-189","25615","249"
"78161.970","54465","26464","21315","347","-594","168","-597","550","3826573","-11857390","51879","31481","-106","25598","245"
"78162.970","54473","26470","21338","367","-582","-173","-790","545","3826521","-11857623","51876","31486","-113","25591","240"
"78163.970","54471","26462","21352","378","-569","-10","-673","546","3826468","-11857853","51874","31478","-103","25609","238"
"78164.970","54467","26460","21333","357","-559","-52","-679","544","3826416","-11858086","51873","31476","-140","25589","244"
"78165.970","54467","26460","21311","336","-567","-309","-553","542","3826363","-11858318","51872","31476","-74","25603","249"
"78166.970","54471","26456","21298","308","-516","-244","-628","539","3826310","-11858550","51871","31471","-147","25580","252"
"78167.970","54473","26450","21267","284","-549","-331","-778","540","3826258","-11858780","51869","31463","-61","25578","243"
"78168.970","54480","26450","21271","284","-539","-174","-673","543","3826206","-11859014","51866","31462","-96","25597","233"
"78169.970","54478","26440","21248","254","-527","-43","-978","539","3826153","-11859246","51864","31450","-104","25577","233"
"78170.970","54481","26427","21273","286","-558","-364","-841","543","3826101","-11859478","51862","31435","-65","25590","248"
"78171.970","54479","26429","21303","298","-496","348","-589","538","3826049","-11859710","51860","31437","-114","25581","238"
"78172.970","54480","26428","21270","268","-523","325","-738","539","3825996","-11859943","51859","31436","-139","25576","243"
"78173.970","54478","26431","21242","253","-589","222","-643","545","3825944","-11860174","51859","31439","-129","25589","246"
"78174.970","54477","26437","21308","314","-574","381","-647","544","3825892","-11860408","51861","31447","-199","25592","241"
"78175.970","54478","26438","21302","305","-573","490","-634","546","3825839","-11860639","51862","31448","-129","25579","233"
"78176.970","54470","26443","21266","267","-582","544","-626","543","3825787","-11860872","51865","31455","-174","25583","238"
"78177.970","54474","26454","21274","285","-628","336","-782","546","3825734","-11861104","51867","31468","-162","25595","231"
"78178.970","54473","26457","21216","228","-656","23","-683","545","3825681","-11861335","51869","31472","-199","25602","235"
"78179.970","54472","26457","21239","239","-624","-55","-843","543","3825629","-11861569","51869","31472","-222","25582","230"
"78180.970","54479","26460","21256","268","-678","-264","-777","548","3825576","-11861799","51868","31474","-132","25596","230"
"78181.970","54476","26461","21235","246","-691","-711","-980","550","3825523","-11862033","51865","31476","-230","25597","223"
"78182.970","54485","26462","21292","310","-723","-477","-662","552","3825470","-11862264","51859","31475","-155","25595","222"
"78183.970","54495","26466","21295","310","-725","-466","-676","551","3825416","-11862496","51852","31478","-215","25608","230"
"78184.970","54502","26474","21346","345","-662","-730","-611","550","3825363","-11862728","51844","31487","-169","25588","251"
"78185.970","54499","26477","21353","352","-653","-511","-710","549","3825309","-11862960","51836","31491","-43","25582","258"
"78186.970","54505","26486","21307","295","-620","-184","-648","547","3825256","-11863193","51829","31501","-120","25587","239"
"78187.970","54510","26490","21302","321","-731","-30","-779","551","3825202","-11863425","51825","31505","-153","25571","274"
"78188.970","54508","26503","21298","325","-772","68","-694","553","3825148","-11863658","51822","31520","-280","25612","259"
"78189.970","54502","26504","21384","412","-756","463","-526","555","3825094","-11863890","51821","31522","-135","25605","247"
"78190.970","54504","26513","21396","430","-773","682","-676","552","3825041","-11864122","51822","31533","-206","25600","247"
"78191.970","54488","26499","21451","465","-675","-31","-578","552","3824987","-11864353","51827","31519","-95","25597","235"
"78192.970","54470","26510","21610","626","-630","431","-630","553","3824933","-11864585","51836","31535","-175","25570","226"
"78193.970","54476","26510","21572","605","-686","-264","-600","560","3824878","-11864817","51847","31534","-171","25622","260"
"78194.970","54471","26475","21646","661","-581","-84","-687","559","3824825","-11865048","51853","31493","-50","25552","246"
"78195.970","54468","26479","21714","753","-637","224","-700","563","3824770","-11865280","51857","31499","-149","25588","231"
"78196.970","54464","26470","21739","769","-582","125","-865","561","3824716","-11865512","51860","31488","-8","25581","236"
"78197.970","54459","26516","21607","656","-649","-213","-627","560","3824662","-11865744","51863","31544","-6","25597","232"
"78198.970","54456","26519","21522","541","-544","-678","-646","542","3824608","-11865975","51863","31548","-63","25585","244"
"78199.970","54479","26420","21684","686","-429","-2506","-676","552","3824554","-11866207","51861","31426","-189","25567","312"
"78200.970","54484","26375","21723","723","-362","-1849","-702","557","3824500","-11866439","51859","31372","52","25533","336"
"78201.970","54478","26348","21884","911","-371","-1049","-538","565","3824446","-11866669","51859","31341","-2","25550","331"
"78202.970","54457","26361","21825","872","-390","215","-440","556","3824393","-11866899","51860","31361","-159","25556","262"
"78203.970","54444","26364","21586","700","-624","-387","-711","564","3824339","-11867133","51863","31366","-65","25584","262"
"78204.970","54439","26374","21604","711","-572","272","-532","557","3824286","-11867363","51870","31378","-70","25594","278"
"78205.970","54416","26351","21660","780","-569","-35","-576","561","3824233","-11867593","51883","31354","-122","25597","291"
"78206.970","54409","26360","21739","807","-344","736","-527","552","3824180","-11867823","51902","31367","-53","25554","244"
"78207.970","54399","26355","21786","854","-300","346","-579","555","3824127","-11868054","51920","31362","-71","25520","269"
"78208.970","54375","26433","21785","914","-505","-686","-635","564","3824073","-11868286","51934","31460","-150","25585","274"
"78209.970","54382","26409","21821","977","-568","-4158","-583","569","3824020","-11868515","51947","31429","-84","25612","286"
"78210.970","54363","26342","21556","584","-124","-3579","-714","534","3823966","-11868746","51955","31352","-113","25537","256"
"78211.970","54435","26350","21381","380","-80","1545","-508","523","3823913","-11868977","51954","31350","184","25386","82"
"78212.970","54481","26347","21055","103","-466","3678","-815","529","3823860","-11869209","51946","31339","89","25553","50"
"78213.970","54511","26351","21113","74","-280","3160","-621","513","3823807","-11869438","51928","31339","117","25523","139"
"78214.970","54528","26349","20994","-43","-352","796","-665","514","3823754","-11869669","51903","31334","194","25532","236"
"78215.970","54515","26353","21075","62","-450","18","-724","535","3823702","-11869902","51886","31341","-5","25579","343"
"78216.970","54484","26348","20959","-56","-457","829","-499","539","3823651","-11870134","51863","31340","-86","25562","290"
"78217.970","54460","26350","20854","-163","-444","1182","-587","528","3823600","-11870366","51851","31347","-60","25562","317"
"78218.970","54420","26339","21146","95","-247","1792","-709","499","3823549","-11870598","51856","31340","-20","25555","339"
"78219.970","54388","26331","21096","47","-226","2705","-738","503","3823498","-11870831","51877","31335","-121","25524","343"
"78220.970","54347","26329","20943","-61","-414","-125","-599","531","3823447","-11871061","51911","31340","-40","25539","341"
"78221.970","54336","26327","20904","-60","-538","700","-484","538","3823397","-11871294","51954","31339","-256","25580","394"
"78222.970","54293","26321","20821","-95","-714","-3","-692","549","3823346","-11871526","52004","31340","-244","25618","382"
"78223.970","54263","26321","20908","25","-808","-153","-637","558","3823294","-11871758","52061","31344","-452","25656","328"
"78224.970","54240","26311","20967","62","-707","1326","-634","550","3823242","-11871991","52117","31337","-160","25610","248"
"78225.970","54220","26310","21119","228","-735","1077","-543","549","3823190","-11872222","52160","31339","-478","25627","277"
"78226.970","54202","26324","20997","95","-736","3479","-716","549","3823138","-11872453","52202","31358","-349","25598","263"
"78227.970","54177","26304","21139","205","-626","2104","-502","532","3823086","-11872686","52239","31338","-140","25589","264"
"78228.970","54155","26291","21020","98","-695","1543","-565","548","3823033","-11872917","52274","31326","-258","25587","273"
"78229.970","54147","26304","20886","-25","-802","1020","-606","557","3822980","-11873148","52308","31343","-243","25583","259"
"78230.970","54159","26318","21113","190","-775","-1509","-698","556","3822926","-11873379","52337","31358","-292","25605","287"
"78231.970","54149","26319","21409","457","-611","-3227","-570","555","3822872","-11873612","52360","31361","-204","25566","227"
"78232.970","54161","26311","21244","231","-420","-2","-471","515","3822818","-11873842","52369","31350","56","25537","210"
"78233.970","54184","26323","21101","77","-479","1968","-641","535","3822765","-11874076","52372","31360","87","25521","141"
"78234.970","54200","26331","21116","84","-533","47","-559","537","3822711","-11874308","52360","31367","2","25528","143"
"78235.970","54225","26339","21234","172","-491","97","-745","530","3822658","-11874539","52341","31372","106","25561","126"
"78236.970","54262","26347","21417","363","-548","-1686","-494","539","3822604","-11874773","52313","31375","159","25599","178"
"78237.970","54285","26368","21308","218","-481","-1362","-587","534","3822551","-11875006","52276","31397","118","25588","157"
"78238.970","54296","26362","21239","106","-398","-1315","-545","515","3822499","-11875237","52234","31388","-44","25560","144"
"78239.970","54342","26367","21172","30","-424","-2661","-635","536","3822447","-11875469","52185","31386","-91","25544","174"
"78240.970","54380","26367","21352","178","-373","-564","-654","527","3822395","-11875703","52132","31380","-77","25537","115"
"78241.970","54422","26353","21267","86","-440","-564","-556","527","3822342","-11875936","52072","31356","-67","25574","123"
"78242.970","54447","26361","21165","-40","-480","804","-516","536","3822291","-11876168","52003","31362","-102","25558","111"
"78243.970","54484","26358","21191","-33","-486","-1341","-715","533","3822239","-11876403","51950","31352","81","25553","159"
"78244.970","54499","26358","21221","-46","-418","865","-648","521","3822187","-11876638","51899","31350","149","25581","133"
"78245.970","54546","26382","21044","-235","-512","-1149","-658","542","3822135","-11876871","51850","31370","31","25559","55"
"78246.970","54584","26386","21025","-257","-552","-4796","-555","538","3822083","-11877108","51799","31369","-40","25602","197"
"78247.970","54625","26409","21054","-256","-517","-2401","-458","532","3822031","-11877341","51746","31389","-116","25587","190"
"78248.970","54670","26420","20985","-249","-869","-2600","-603","559","3821980","-11877578","51693","31395","-146","25642","278"
"78249.970","54672","26415","21013","-208","-975","-1077","-693","564","3821928","-11877813","51641","31389","-114","25703","237"
"78250.970","54685","26417","21131","-75","-1024","-2167","-561","563","3821876","-11878051","51591","31389","-9","25708","319"
"78251.970","54675","26416","21191","-8","-1020","-2974","-699","563","3821824","-11878286","51551","31390","33","25733","318"
"78252.970","54658","26428","21039","-118","-1175","-1935","-621","573","3821773","-11878521","51523","31406","79","25768","357"
"78253.970","54661","26424","21102","-66","-1138","1073","-419","563","3821722","-11878757","51509","31401","127","25803","228"
"78254.970","54679","26425","21150","-22","-1136","-322","-480","572","3821671","-11878992","51510","31399","-63","25778","237"
"78255.970","54678","26419","21165","-31","-1062","-85","-817","564","3821619","-11879227","51515","31393","18","25791","230"
"78256.970","54669","26410","21350","117","-878","-1542","-521","558","3821568","-11879465","51527","31384","-107","25730","275"
"78257.970","54671","26417","21242","50","-1039","-658","-607","566","3821517","-11879702","51541","31392","-119","25748","262"
"78258.970","54668","26413","21419","221","-1007","115","-557","561","3821466","-11879937","51556","31387","-101","25787","230"
"78259.970","54676","26406","21475","234","-817","583","-662","551","3821415","-11880175","51564","31378","95","25747","216"
"78260.970","54678","26419","21436","205","-859","-627","-690","561","3821364","-11880410","51572","31393","11","25728","255"
"78261.970","54679","26418","21486","263","-876","-882","-646","556","3821314","-11880647","51577","31391","172","25759","244"
"78262.970","54677","26415","21412","201","-918","-1779","-786","560","3821264","-11880883","51580","31388","-58","25787","282"
"78263.970","54682","26419","21443","202","-755","-1356","-574","551","3821214","-11881118","51581","31391","41","25748","284"
"78264.970","54675","26412","21423","206","-825","-1054","-568","551","3821164","-11881356","51584","31385","-60","25746","274"
"78265.970","54667","26434","21393","198","-913","-501","-622","561","3821114","-11881591","51587","31412","-123","25787","275"
"78266.970","54688","26444","21429","225","-858","-2737","-421","559","3821064","-11881828","51590","31420","-73","25755","287"
"78267.970","54667","26438","21429","231","-828","-2812","-554","556","3821015","-11882063","51592","31417","-100","25750","332"
"78268.970","54686","26446","21407","228","-871","254","-548","557","3820965","-11882301","51592","31424","-80","25790","226"
"78269.970","54687","26441","21420","229","-825","-1790","-677","554","3820916","-11882536","51594","31417","-185","25761","259"
"78270.970","54690","26440","21509","309","-739","-1137","-487","553","3820866","-11882771","51594","31416","-57","25743","253"
"78271.970","54690","26436","21493","314","-816","-1224","-573","552","3820816","-11883007","51590","31410","-60","25770","232"
"78272.970","54697","26424","21532","306","-599","-772","-642","547","3820767","-11883243","51585","31396","-15","25738","255"
"78273.970","54710","26439","21504","274","-562","-535","-609","546","3820717","-11883478","51582","31411","-33","25695","253"
"78274.970","54701","26437","21674","436","-486","-1005","-819","546","3820668","-11883715","51581","31411","14","25709","273"
"78275.970","54692","26415","21674","430","-419","-574","-651","542","3820619","-11883950","51581","31386","-74","25686","238"
"78276.970","54691","26417","21671","424","-379","-435","-549","541","3820570","-11884186","51582","31388","-117","25688","257"
"78277.970","54700","26419","21601","377","-465","261","-654","535","3820521","-11884421","51583","31389","-14","25672","237"
"78278.970","54693","26421","21633","419","-494","-279","-581","543","3820473","-11884656","51585","31393","-90","25715","251"
"78279.970","54697","26424","21530","304","-439","674","-562","542","3820424","-11884892","51587","31395","198","25683","230"
"78280.970","54703","26428","21461","280","-630","100","-695","548","3820375","-11885127","51590","31399","-166","25737","246"
"78281.970","54681","26429","21514","314","-536","-424","-626","541","3820326","-11885362","51596","31403","-54","25723","260"
"78282.970","54677","26434","21435","227","-496","-20","-608","538","3820278","-11885599","51601","31410","-236","25699","238"
"78283.970","54688","26439","21364","155","-518","250","-553","537","3820229","-11885835","51606","31415","-288","25683","216"
"78284.970","54692","26419","21510","252","-315","56","-717","523","3820181","-11886070","51610","31390","-118","25649","231"
"78285.970","54682","26419","21540","318","-448","1127","-490","539","3820131","-11886305","51610","31392","26","25649","200"
"78286.970","54695","26412","21530","298","-444","1328","-582","533","3820082","-11886541","51608","31381","-88","25702","195"
"78287.970","54687","26413","21420","161","-376","1399","-550","535","3820034","-11886776","51605","31383","-65","25669","165"
"78288.970","54688","26420","21383","155","-536","582","-706","543","3819985","-11887011","51601","31392","-137","25660","172"
"78289.970","54715","26417","21438","193","-513","815","-634","538","3819936","-11887247","51595","31384","-124","25695","189"
"78290.970","54720","26413","21390","125","-482","1640","-593","527","3819887","-11887484","51588","31379","-305","25675","177"
"78291.970","54720","26418","21280","8","-518","782","-660","535","3819838","-11887720","51577","31385","-131","25663","195"
"78292.970","54722","26413","21336","68","-549","-286","-490","546","3819788","-11887955","51568","31379","-200","25682","242"
"78293.970","54726","26418","21212","-113","-382","1957","-553","508","3819739","-11888192","51559","31384","-91","25629","181"
"78294.970","54715","26416","21311","-4","-432","29","-518","536","3819689","-11888427","51553","31383","-87","25632","226"
"78295.970","54737","26416","21342","-23","-249","22","-586","508","3819640","-11888662","51547","31380","122","25622","227"
"78296.970","54729","26424","21173","-220","-172","47","-551","498","3819591","-11888900","51542","31391","19","25562","248"
"78297.970","54724","26425","21115","-238","-344","53","-677","530","3819542","-11889136","51540","31393","-141","25604","243"
"78298.970","54720","26427","21120","-195","-531","993","-551","542","3819492","-11889373","51539","31395","-290","25635","213"
"78299.970","54730","26423","21186","-180","-371","1321","-549","514","3819443","-11889608","51539","31388","-93","25645","212"
"78300.970","54720","26421","21074","-257","-548","259","-537","551","3819394","-11889846","51540","31388","106","25621","230"
"78301.970","54722","26422","21140","-180","-611","-215","-596","540","3819345","-11890081","51539","31390","234","25695","260"
"78302.970","54742","26422","21215","-82","-725","197","-692","552","3819296","-11890320","51538","31386","284","25763","246"
"78303.970","54739","26430","21234","-62","-751","-260","-747","552","3819247","-11890556","51537","31395","-41","25760","242"
"78304.970","54733","26414","21299","-23","-658","870","-582","546","3819199","-11890792","51535","31378","-201","25745","214"
"78305.970","54739","26421","21145","-199","-626","1134","-602","540","3819150","-11891030","51534","31384","75","25733","193"
"78306.970","54731","26422","20967","-416","-555","1762","-512","542","3819102","-11891267","51531","31388","-386","25736","196"
"78307.970","54749","26419","21106","-317","-446","1569","-613","530","3819054","-11891505","51526","31381","-269","25659","175"
"78308.970","54757","26422","21005","-416","-532","1393","-636","544","3819006","-11891745","51519","31383","-322","25680","189"
"78309.970","54770","26430","21048","-362","-648","576","-668","549","3818957","-11891980","51509","31391","-267","25707","205"
"78310.970","54783","26431","21245","-158","-699","-554","-591","553","3818908","-11892219","51498","31390","-306","25730","235"
"78311.970","54780","26437","21339","-56","-750","275","-569","553","3818859","-11892456","51485","31398","-37","25710","214"
"78312.970","54782","26437","21323","-88","-711","-467","-542","552","3818810","-11892695","51474","31397","-123","25768","216"
"78313.970","54796","26439","21296","-166","-515","-586","-646","535","3818761","-11892933","51462","31397","124","25685","195"
"78314.970","54812","26448","21380","-58","-618","-310","-592","537","3818711","-11893171","51449","31405","-1","25718","202"
"78315.970","54820","26451","21487","74","-727","-861","-557","552","3818662","-11893410","51436","31407","-61","25758","218"
"78316.970","54822","26449","21610","187","-674","-320","-585","544","3818613","-11893649","51424","31405","-53","25758","199"
"78317.970","54825","26454","21566","147","-717","444","-508","547","3818565","-11893886","51410","31410","-180","25770","162"
"78318.970","54848","26455","21521","77","-662","725","-637","547","3818515","-11894124","51394","31408","-243","25748","168"
"78319.970","54863","26451","21586","114","-576","179","-650","537","3818467","-11894364","51376","31400","-181","25717","153"
"78320.970","54873","26446","21570","100","-607","-310","-504","550","3818417","-11894602","51355","31392","-250","25710","189"
"78321.970","54896","26476","21385","-47","-826","164","-576","560","3818369","-11894840","51334","31424","-297","25719","194"
"78322.970","54907","26472","21452","-18","-705","-124","-793","547","3818319","-11895079","51314","31418","-68","25738","206"
"78323.970","54924","26462","21428","-49","-682","-721","-535","543","3818269","-11895318","51296","31403","-107","25708","211"
"78324.970","54923","26469","21413","-73","-648","-1642","-481","543","3818219","-11895556","51279","31412","-197","25703","268"
"78325.970","54931","26472","21478","1","-655","-264","-731","543","3818169","-11895795","51265","31414","-194","25690","266"
"78326.970","54934","26466","21636","214","-833","-1388","-611","560","3818119","-11896034","51254","31406","-265","25740","277"
"78327.970","54911","26462","21552","134","-836","293","-611","559","3818068","-11896271","51248","31406","-110","25754","258"
"78328.970","54920","26461","21691","286","-831","-358","-638","557","3818018","-11896509","51250","31403","-606","25719","284"
"78329.970","54901","26465","21697","301","-820","-37","-717","556","3817967","-11896746","51259","31411","-716","25683","272"
"78330.970","54906","26473","21766","350","-671","502","-716","555","3817915","-11896986","51275","31420","-532","25624","287"
"78331.970","54881","26461","21835","427","-627","540","-617","546","3817862","-11897222","51298","31410","-885","25585","286"
"78332.970","54847","26466","21775","371","-592","1300","-541","549","3817809","-11897459","51328","31420","-995","25526","269"
"78333.970","54817","26457","21925","547","-613","206","-707","555","3817754","-11897696","51363","31415","-848","25508","243"
"78334.970","54815","26458","21848","521","-768","-365","-629","560","3817698","-11897930","51388","31417","-944","25490","250"
"78335.970","54819","26466","21848","543","-810","-1010","-762","560","3817641","-11898168","51409","31425","-686","25480","270"
"78336.970","54821","26461","21798","514","-843","310","-617","560","3817582","-11898400","51424","31419","-571","25488","236"
"78337.970","54818","26467","21641","326","-744","814","-560","557","3817523","-11898635","51436","31426","-813","25416","233"
"78338.970","54816","26463","21627","357","-879","-34","-608","561","3817463","-11898869","51444","31422","-686","25374","229"
"78339.970","54813","26460","21550","292","-946","1068","-632","562","3817402","-11899100","51447","31420","-792","25408","175"
"78340.970","54817","26462","21520","227","-841","-201","-576","554","3817340","-11899334","51448","31420","-585","25343","214"
"78341.970","54816","26462","21459","158","-813","-1000","-580","556","3817276","-11899568","51446","31420","-407","25309","253"
"78342.970","54825","26460","21510","208","-798","-131","-725","553","3817213","-11899799","51440","31417","-421","25286","245"
"78343.970","54826","26452","21628","301","-701","37","-438","558","3817149","-11900032","51435","31408","-328","25273","253"
"78344.970","54818","26449","21771","422","-585","-787","-554","546","3817084","-11900264","51432","31405","-134","25227","253"
"78345.970","54820","26448","21788","445","-575","-160","-579","552","3817019","-11900495","51429","31404","-105","25262","240"
"78346.970","54830","26454","21769","369","-396","-158","-712","533","3816954","-11900728","51425","31409","-18","25198","195"
"78347.970","54850","26465","21776","446","-573","-297","-660","547","3816890","-11900959","51420","31419","-83","25217","260"
"78348.970","54830","26457","21813","471","-531","-796","-641","551","3816825","-11901190","51417","31413","13","25246","201"
"78349.970","54861","26473","21729","415","-593","-2991","-365","560","3816760","-11901420","51413","31427","-101","25242","334"
"78350.970","54857","26464","21910","618","-572","-2222","-565","560","3816695","-11901653","51409","31417","-99","25252","365"
"78351.970","54822","26456","21781","482","-452","-3139","-736","548","3816630","-11901883","51408","31413","34","25220","421"
"78352.970","54781","26439","21848","611","-483","-1030","-825","550","3816566","-11902113","51415","31399","-44","25221","424"
"78353.970","54757","26433","21900","747","-571","499","-590","560","3816502","-11902343","51440","31397","-134","25283","480"
"78354.970","54677","26453","21752","670","-652","831","-586","560","3816440","-11902572","51476","31433","-113","25278","525"
"78355.970","54549","26438","21593","562","-673","567","-587","554","3816376","-11902799","51520","31436","-99","25280","431"
"78356.970","54453","26429","21515","504","-635","1062","-652","555","3816313","-11903024","51571","31441","-352","25259","213"
"78357.970","54470","26425","21635","611","-555","834","-517","554","3816249","-11903252","51624","31433","33","25248","185"
"78358.970","54501","26432","21538","513","-569","606","-603","550","3816184","-11903480","51690","31437","-91","25249","237"
"78359.970","54520","26431","21592","594","-648","539","-596","560","3816118","-11903710","51747","31432","-101","25252","228"
"78360.970","54514","26433","21626","588","-507","-209","-512","546","3816052","-11903942","51825","31437","0","25237","281"
"78361.970","54499","26438","21672","686","-612","-1925","-563","559","3815987","-11904170","51872","31444","-274","25265","314"
"78362.970","54470","26425","21549","536","-485","-1165","-631","539","3815922","-11904399","51904","31434","-66","25224","373"
"78363.970","54452","26426","21396","423","-562","-1011","-523","552","3815857","-11904628","51929","31438","-112","25215","346"
"78364.970","54456","26423","21377","466","-707","-405","-470","558","3815793","-11904853","51953","31434","-121","25237","320"
"78365.970","54430","26416","21383","520","-818","1172","-755","560","3815729","-11905079","51972","31429","-115","25301","275"
"78366.970","54384","26401","21502","630","-757","418","-578","567","3815664","-11905307","51995","31419","-149","25278","287"
"78367.970","54394","26411","21370","474","-665","-519","-623","554","3815600","-11905535","52018","31430","96","25239","326"
"78368.970","54363","26406","21333","422","-582","-1302","-643","547","3815536","-11905762","52041","31429","-104","25250","320"
"78369.970","54352","26405","21388","543","-724","-685","-694","560","3815472","-11905988","52062","31430","-42","25230","292"
"78370.970","54349","26407","21418","601","-782","172","-577","562","3815408","-11906214","52082","31432","-18","25286","272"
"78371.970","54338","26401","21476","655","-747","1527","-566","562","3815343","-11906440","52099","31428","-59","25281","247"
"78372.970","54321","26401","21496","681","-746","422","-622","562","3815278","-11906665","52117","31430","-95","25298","291"
"78373.970","54313","26396","21500","664","-641","256","-572","558","3815214","-11906893","52135","31426","-1","25270","268"
"78374.970","54299","26401","21413","577","-630","214","-884","557","3815150","-11907118","52153","31434","-11","25252","263"
"78375.970","54303","26397","21496","718","-764","1736","-654","566","3815086","-11907344","52169","31428","-130","25265","293"
"78376.970","54286","26398","21654","857","-668","2007","-467","563","3815022","-11907569","52188","31433","-136","25319","275"
"78377.970","54257","26396","21623","798","-522","-584","-561","565","3814958","-11907797","52208","31435","-177","25244","351"
"78378.970","54203","26395","21516","761","-693","1117","-536","562","3814895","-11908020","52233","31442","-193","25257","266"
"78379.970","54204","26397","21440","704","-739","-663","-709","563","3814830","-11908248","52263","31445","-90","25282","284"
"78380.970","54203","26397","21199","541","-978","-576","-556","565","3814766","-11908472","52287","31445","-225","25299","296"
"78381.970","54185","26400","21082","459","-1096","-965","-507","574","3814701","-11908697","52308","31451","-554","25327","323"
"78382.970","54175","26396","21226","562","-924","2800","-592","567","3814637","-11908921","52329","31448","-121","25259","270"
"78383.970","54150","26371","21456","792","-887","3824","-512","568","3814571","-11909146","52351","31423","-132","25293","229"
"78384.970","54139","26379","21232","540","-838","2806","-599","563","3814506","-11909370","52377","31434","-127","25264","246"
"78385.970","54104","26379","21308","639","-886","3412","-750","567","3814440","-11909594","52405","31439","34","25266","256"
"78386.970","54095","26370","21408","642","-596","3154","-491","553","3814375","-11909819","52437","31430","57","25253","181"
"78387.970","54015","26357","21394","597","-510","2619","-372","548","3814309","-11910044","52465","31428","243","25173","205"
"78388.970","54050","26368","21157","399","-659","-860","-677","547","3814245","-11910269","52490","31436","83","25233","278"
"78389.970","54065","26375","20959","154","-552","-1135","-503","541","3814180","-11910495","52511","31441","-243","25197","312"
"78390.970","54060","26379","20952","221","-763","-1486","-536","555","3814116","-11910720","52527","31447","-152","25174","261"
"78391.970","54066","26378","20999","291","-832","-388","-526","554","3814051","-11910945","52536","31445","-258","25240","290"
"78392.970","54070","26366","21083","389","-883","1638","-639","561","3813986","-11911169","52540","31429","-270","25250","202"
"78393.970","54068","26377","21022","292","-808","-911","-773","555","3813920","-11911394","52541","31443","-142","25226","275"
"78394.970","54064","26388","20944","208","-787","-2701","-612","558","3813855","-11911618","52541","31457","-330","25180","335"
"78395.970","54062","26365","21194","478","-769","-632","-688","559","3813789","-11911842","52537","31430","-214","25182","308"
"78396.970","54049","26349","21303","592","-763","1246","-558","562","3813723","-11912067","52543","31413","-53","25227","234"
"78397.970","54053","26349","21358","594","-624","2109","-497","556","3813657","-11912291","52545","31412","-25","25191","160"
"78398.970","54027","26340","21466","669","-541","3808","-499","552","3813591","-11912516","52546","31406","-32","25167","124"
"78399.970","54032","26343","21361","607","-741","5407","-487","562","3813525","-11912741","52549","31408","33","25210","128"
"78400.970","54042","26348","21546","672","-441","5402","-487","557","3813458","-11912963","52554","31413","252","25199","54"
"78401.970","54018","26341","21715","765","-195","2236","-622","553","3813393","-11913188","52558","31408","257","25124","166"
"78402.970","54028","26338","21458","543","-358","3022","-543","544","3813327","-11913414","52560","31404","-34","25136","141"
"78403.970","54061","26353","21194","309","-539","2440","-639","539","3813262","-11913639","52560","31416","-134","25158","150"
"78404.970","54082","26361","21037","118","-525","1688","-514","538","3813197","-11913864","52558","31422","-99","25160","175"
"78405.970","54080","26364","21128","149","-422","3725","-435","521","3813131","-11914092","52555","31426","-40","25124","122"
"78406.970","54079","26368","21184","125","-298","6698","-474","505","3813066","-11914318","52548","31431","218","25110","46"
"78407.970","54076","26369","21121","70","-438","6588","-427","529","3813001","-11914544","52544","31433","-209","25145","41"
"78408.970","54074","26359","21278","145","-250","2832","-496","513","3812935","-11914771","52536","31420","-84","25114","145"
"78409.970","54055","26357","21217","26","-129","1715","-485","485","3812870","-11914997","52528","31422","34","25033","152"
"78410.970","54082","26374","21172","10","-248","-624","-645","506","3812805","-11915226","52518","31438","-107","25066","176"
"78411.970","54105","26399","21050","-70","-403","-1137","-585","526","3812739","-11915453","52506","31463","-174","25108","207"
"78412.970","54113","26391","20893","-287","-305","-1166","-607","528","3812673","-11915682","52492","31453","-201","25069","230"
"78413.970","54131","26373","20806","-349","-416","-879","-474","534","3812607","-11915909","52474","31428","-209","25024","237"
"78414.970","54125","26374","20719","-533","-230","-1889","-640","542","3812542","-11916136","52453","31430","-242","25040","231"
"78415.970","54136","26379","20701","-587","-147","-1836","-527","543","3812476","-11916364","52429","31434","88","24965","292"
"78416.970","54167","26373","20808","-443","-262","427","-502","531","3812409","-11916593","52414","31423","-25","25052","195"
"78417.970","54165","26378","20851","-409","-263","-1429","-544","534","3812343","-11916821","52400","31428","159","25012","258"
"78418.970","54175","26370","20972","-268","-311","-556","-553","534","3812277","-11917048","52386","31418","-6","25088","262"
"78419.970","54177","26401","20809","-443","-318","-2046","-534","543","3812212","-11917277","52374","31454","147","25053","283"
"78420.970","54173","26409","20847","-400","-323","-834","-569","527","3812146","-11917505","52365","31464","3","25077","276"
"78421.970","54176","26395","20941","-259","-452","-324","-514","545","3812081","-11917734","52358","31447","78","25115","252"
"78422.970","54171","26424","20897","-316","-451","1137","-545","539","3812016","-11917963","52355","31482","174","25138","223"
"78423.970","54181","26399","20860","-314","-609","842","-530","549","3811951","-11918191","52356","31450","-96","25155","211"
"78424.970","54156","26394","21029","-168","-552","-218","-663","537","3811886","-11918421","52359","31449","-5","25179","230"
"78425.970","54168","26401","21049","-202","-411","1476","-522","536","3811821","-11918650","52360","31455","-117","25145","185"
"78426.970","54167","26391","20904","-359","-433","-42","-713","544","3811756","-11918881","52363","31444","-20","25139","255"
"78427.970","54158","26395","20915","-402","-303","299","-683","529","3811692","-11919108","52363","31450","148","25104","228"
"78428.970","54165","26386","21073","-186","-463","-397","-714","537","3811627","-11919338","52361","31438","38","25160","235"
"78429.970","54179","26382","21135","-156","-388","337","-577","524","3811563","-11919567","52358","31431","-40","25173","225"
"78430.970","54172","26383","20977","-326","-407","631","-690","538","3811498","-11919799","52355","31433","-266","25114","222"
"78431.970","54180","26378","20918","-370","-490","-290","-686","538","3811434","-11920028","52351","31426","-239","25140","261"
"78432.970","54185","26379","20950","-354","-466","-214","-630","539","3811369","-11920258","52348","31426","-163","25147","206"
"78433.970","54183","26396","20963","-338","-493","-675","-689","543","3811304","-11920488","52344","31447","-121","25120","240"
"78434.970","54182","26393","20961","-309","-611","-207","-653","547","3811239","-11920720","52338","31444","-128","25161","227"
"78435.970","54193","26398","20967","-316","-603","-1107","-543","541","3811174","-11920948","52331","31447","-171","25168","258"
"78436.970","54200","26386","21001","-245","-716","-829","-710","550","3811108","-11921178","52323","31432","-152","25167","266"
"78437.970","54210","26384","20948","-259","-871","-151","-637","558","3811043","-11921410","52316","31428","-156","25247","231"
"78438.970","54216","26382","20844","-406","-789","-506","-679","558","3810978","-11921640","52312","31425","25","25199","266"
"78439.970","54211","26391","20898","-341","-832","436","-771","557","3810912","-11921870","52309","31436","67","25218","249"
"78440.970","54210","26385","20921","-341","-800","309","-793","556","3810847","-11922100","52309","31429","-3","25233","243"
"78441.970","54204","26375","20929","-340","-798","527","-776","557","3810781","-11922332","52309","31419","121","25224","243"
"78442.970","54203","26378","20914","-368","-794","749","-616","558","3810716","-11922562","52311","31422","105","25257","220"
"78443.970","54197","26378","20945","-371","-719","238","-622","555","3810651","-11922792","52313","31423","98","25217","237"
"78444.970","54201","26382","20901","-416","-749","-76","-610","557","3810587","-11923024","52314","31427","-50","25231","248"
"78445.970","54201","26374","20951","-390","-695","-165","-765","550","3810523","-11923255","52314","31418","-257","25204","243"
"78446.970","54196","26375","20944","-412","-678","-198","-745","553","3810458","-11923487","52312","31420","-397","25190","243"
"78447.970","54206","26375","20909","-456","-681","164","-704","553","3810393","-11923718","52310","31418","-279","25169","243"
"78448.970","54199","26370","20942","-433","-678","346","-754","554","3810328","-11923950","52309","31413","-240","25167","224"
"78449.970","54201","26370","20888","-504","-673","-157","-713","555","3810262","-11924182","52306","31413","-173","25152","218"
"78450.970","54211","26360","20906","-510","-636","-610","-775","555","3810196","-11924413","52302","31399","-92","25153","244"
"78451.970","54204","26368","20795","-625","-676","-803","-712","560","3810130","-11924645","52295","31410","35","25150","219"
"78452.970","54218","26398","20736","-665","-778","-1959","-658","563","3810064","-11924875","52287","31443","37","25167","240"
"78453.970","54238","26395","20835","-526","-912","-1171","-631","565","3809998","-11925108","52277","31437","-126","25222","282"
"78454.970","54267","26462","21087","-346","-687","-633","-509","549","3809933","-11925340","52263","31511","17","25223","235"
"78455.970","54250","26520","21407","-91","-431","-307","-646","525","3809867","-11925572","52254","31583","140","25180","243"
"78456.970","54245","26494","21501","-11","-355","-281","-741","516","3809801","-11925805","52245","31554","178","25158","228"
"78457.970","54241","26499","21432","-95","-306","206","-492","508","3809737","-11926036","52239","31560","245","25164","245"
"78458.970","54243","26494","21384","-137","-325","87","-565","518","3809672","-11926268","52235","31553","343","25174","214"
"78459.970","54242","26489","21385","-156","-264","143","-444","511","3809607","-11926502","52234","31548","83","25169","213"
"78460.970","54259","26488","21406","-101","-366","599","-684","521","3809544","-11926734","52231","31544","14","25182","189"
"78461.970","54249","26496","21424","-56","-447","-570","-599","534","3809480","-11926966","52226","31556","-16","25216","223"
"78462.970","54260","26473","21338","-194","-306","106","-644","512","3809417","-11927200","52219","31526","30","25205","248"
"78463.970","54266","26465","21499","-10","-333","-233","-550","520","3809353","-11927432","52215","31515","20","25205","237"
"78464.970","54262","26459","21467","-35","-341","29","-767","518","3809291","-11927666","52213","31509","-105","25204","244"
"78465.970","54267","26458","21422","-86","-323","736","-563","511","3809227","-11927899","52212","31506","-156","25184","247"
"78466.970","54247","26457","21475","-46","-264","66","-512","491","3809164","-11928131","52214","31509","-63","25198","253"
"78467.970","54240","26482","21483","21","-409","308","-493","521","3809101","-11928364","52218","31540","-115","25211","258"
"78468.970","54243","26494","21472","39","-487","71","-806","526","3809037","-11928596","52226","31554","-120","25246","239"
"78469.970","54238","26489","21417","-22","-457","-242","-594","527","3808975","-11928829","52234","31548","-18","25231","254"
"78470.970","54239","26480","21390","-17","-545","-471","-738","536","3808911","-11929061","52239","31538","-118","25240","229"
"78471.970","54231","26427","21431","-4","-446","153","-577","534","3808848","-11929294","52243","31476","-142","25236","224"
"78472.970","54234","26426","21418","-35","-397","790","-621","517","3808784","-11929525","52244","31474","67","25217","201"
"78473.970","54238","26431","21254","-199","-426","-191","-557","527","3808721","-11929759","52242","31479","730","25255","239"
"78474.970","54249","26431","21249","-176","-519","347","-733","535","3808659","-11929991","52239","31478","1060","25311","228"
"78475.970","54251","26427","21364","-104","-369","-569","-470","525","3808597","-11930225","52236","31472","1041","25405","243"
"78476.970","54249","26405","21353","-131","-303","1457","-609","523","3808537","-11930458","52235","31446","1137","25367","207"
"78477.970","54243","26429","21394","-6","-597","395","-586","538","3808479","-11930693","52236","31477","737","25504","228"
"78478.970","54245","26463","21452","45","-570","-441","-691","538","3808423","-11930926","52235","31516","614","25540","233"
"78479.970","54249","26448","21496","99","-576","-622","-721","540","3808368","-11931163","52232","31498","296","25557","245"
"78480.970","54252","26448","21568","172","-550","-336","-1394","540","3808313","-11931399","52229","31497","299","25567","253"
"78481.970","54247","26449","21566","180","-555","-317","-813","540","3808259","-11931634","52228","31499","-57","25571","252"
"78482.970","54239","26432","21531","143","-530","-128","-813","537","3808205","-11931871","52231","31480","-4","25561","235"
"78483.970","54241","26434","21528","140","-510","-80","-664","536","3808151","-11932106","52233","31482","57","25561","242"
"78484.970","54243","26436","21575","197","-516","-202","-775","535","3808099","-11932341","52236","31485","-1","25570","246"
"78485.970","54239","26428","21533","161","-526","483","-924","537","3808045","-11932576","52239","31476","23","25575","225"
"78486.970","54236","26426","21526","156","-521","340","-796","537","3807993","-11932814","52243","31473","-13","25562","221"
"78487.970","54236","26436","21541","184","-561","137","-671","539","3807939","-11933049","52244","31486","-46","25582","229"
"78488.970","54237","26426","21546","184","-529","-160","-828","537","3807886","-11933286","52246","31474","1","25589","229"
"78489.970","54236","26415","21513","136","-468","527","-885","531","3807834","-11933521","52246","31461","-3","25570","211"
"78490.970","54240","26416","21442","72","-509","323","-702","535","3807781","-11933756","52245","31462","-78","25561","208"
"78491.970","54243","26418","21475","109","-532","198","-851","535","3807728","-11933992","52242","31464","-100","25572","198"
"78492.970","54254","26422","21495","133","-557","158","-867","540","3807675","-11934227","52238","31466","-74","25584","194"
"78493.970","54261","26428","21497","143","-601","-301","-828","543","3807623","-11934464","52232","31473","-33","25589","206"
"78494.970","54269","26434","21499","152","-630","-444","-877","544","3807570","-11934700","52224","31478","-132","25601","212"
"78495.970","54275","26435","21507","164","-648","-479","-852","545","3807517","-11934935","52210","31478","-117","25603","212"
"78496.970","54285","26436","21497","158","-666","-676","-825","546","3807464","-11935170","52196","31478","-131","25604","204"
"78497.970","54299","26439","21482","148","-685","-957","-831","547","3807411","-11935405","52181","31478","-169","25605","216"
"78498.970","54308","26436","21495","157","-671","-614","-898","547","3807358","-11935640","52165","31474","-100","25602","210"
"78499.970","54318","26435","21483","139","-654","-472","-803","546","3807304","-11935877","52148","31471","-38","25596","201"
"78500.970","54343","26435","21473","119","-619","-524","-752","543","3807251","-11936113","52132","31467","28","25595","239"
"78501.970","54343","26427","21465","108","-592","-203","-822","540","3807198","-11936348","52118","31457","-21","25583","244"
"78502.970","54335","26430","21459","112","-617","-91","-796","542","3807144","-11936583","52105","31462","-71","25590","247"
"78503.970","54336","26430","21447","106","-622","-42","-781","543","3807092","-11936820","52095","31462","3","25597","253"
"78504.970","54331","26432","21422","88","-632","210","-798","544","3807039","-11937055","52090","31466","51","25602","250"
"78505.970","54324","26433","21423","95","-636","238","-883","543","3806986","-11937290","52090","31468","26","25608","250"
"78506.970","54319","26437","21437","113","-630","131","-914","543","3806934","-11937525","52095","31473","-41","25611","251"
"78507.970","54311","26436","21450","134","-638","-10","-755","545","3806880","-11937760","52106","31474","-6","25615","257"
"78508.970","54304","26438","21459","149","-636","6","-755","545","3806828","-11937996","52121","31476","-18","25617","245"
"78509.970","54303","26442","21470","166","-632","-79","-871","545","3806775","-11938231","52135","31482","-31","25617","249"
"78510.970","54301","26438","21452","154","-634","-78","-754","544","3806724","-11938468","52145","31477","-12","25620","251"
"78511.970","54299","26437","21453","161","-631","-137","-1131","544","3806670","-11938703","52154","31477","-19","25626","251"
"78512.970","54294","26440","21457","169","-620","-164","-828","544","3806619","-11938938","52162","31481","-30","25622","249"
"78513.970","54289","26448","21492","212","-618","-202","-810","544","3806566","-11939173","52169","31491","-54","25625","251"
"78514.970","54285","26462","21454","186","-641","-283","-952","545","3806514","-11939408","52176","31508","-69","25631","250"
"78515.970","54281","26473","21412","149","-646","-333","-795","545","3806462","-11939644","52181","31522","-82","25625","252"
"78516.970","54282","26471","21418","161","-643","-185","-815","545","3806410","-11939878","52186","31520","-99","25626","246"
"78517.970","54283","26471","21434","183","-641","10","-783","545","3806358","-11940113","52190","31519","-93","25626","239"
"78518.970","54283","26469","21449","201","-634","282","-866","545","3806306","-11940348","52193","31517","-72","25628","230"
"78519.970","54281","26462","21485","240","-629","347","-826","546","3806254","-11940583","52195","31509","-59","25628","227"
"78520.970","54280","26464","21502","259","-618","286","-861","545","3806201","-11940818","52197","31512","-24","25628","228"
"78521.970","54281","26463","21522","279","-600","338","-850","545","3806149","-11941051","52199","31511","-9","25630","228"
"78522.970","54279","26457","21544","306","-598","372","-831","545","3806098","-11941288","52200","31503","-1","25631","230"
"78523.970","54278","26457","21542","307","-589","274","-808","545","3806046","-11941521","52203","31504","1","25637","227"
"78524.970","54276","26456","21542","309","-576","390","-717","544","3805994","-11941756","52205","31503","-12","25632","227"
"78525.970","54274","26456","21538","312","-585","601","-802","545","3805943","-11941991","52207","31504","-65","25638","220"
"78526.970","54276","26461","21510","286","-585","649","-921","544","3805890","-11942226","52209","31509","-44","25632","218"
"78527.970","54273","26459","21510","288","-581","601","-694","544","3805839","-11942459","52210","31507","-52","25635","215"
"78528.970","54267","26459","21510","289","-574","543","-793","543","3805787","-11942694","52212","31508","-59","25631","213"
"78529.970","54271","26463","21490","271","-578","473","-1025","544","3805736","-11942929","52212","31512","-71","25632","222"
"78530.970","54269","26465","21482","268","-588","426","-869","543","3805685","-11943164","52211","31515","-82","25631","221"
"78531.970","54269","26467","21455","247","-608","342","-964","544","3805633","-11943399","52210","31517","-88","25637","220"
"78532.970","54277","26469","21444","238","-606","194","-862","543","3805581","-11943633","52209","31519","-25","25636","244"
"78533.970","54275","26469","21447","248","-616","221","-882","544","3805530","-11943867","52209","31519","5","25647","236"
"78534.970","54268","26470","21437","245","-624","231","-967","545","3805478","-11944100","52210","31521","0","25650","231"
"78535.970","54269","26472","21440","251","-620","56","-775","545","3805427","-11944335","52212","31523","-8","25650","236"
"78536.970","54272","26471","21453","267","-612","27","-777","545","3805376","-11944569","52213","31521","-5","25653","244"
"78537.970","54270","26470","21443","265","-613","-17","-1070","546","3805325","-11944804","52216","31520","-4","25660","265"
"78538.970","54262","26471","21414","243","-616","163","-905","545","3805274","-11945038","52220","31524","18","25661","268"
"78539.970","54252","26472","21403","240","-616","243","-780","544","3805223","-11945273","52226","31526","20","25666","245"
"78540.970","54241","26471","21383","227","-622","312","-763","544","3805172","-11945506","52236","31527","0","25669","247"
"78541.970","54238","26473","21359","207","-620","238","-948","544","3805122","-11945741","52244","31529","-22","25670","247"
"78542.970","54239","26475","21330","181","-618","146","-701","543","3805071","-11945974","52252","31531","-17","25670","256"
"78543.970","54233","26478","21299","156","-627","243","-1043","544","3805021","-11946209","52261","31536","-47","25672","255"
"78544.970","54226","26480","21287","148","-633","381","-895","543","3804971","-11946443","52270","31540","-39","25672","255"
"78545.970","54216","26482","21273","137","-633","438","-883","544","3804920","-11946677","52279","31544","-43","25676","256"
"78546.970","54212","26484","21263","132","-639","449","-789","544","3804870","-11946910","52290","31547","-46","25675","261"
"78547.970","54203","26487","21262","136","-640","551","-860","544","3804820","-11947145","52301","31552","-26","25679","267"
"78548.970","54193","26486","21254","131","-637","620","-795","544","3804770","-11947379","52315","31553","-28","25683","262"
"78549.970","54182","26480","21252","134","-640","601","-884","544","3804720","-11947613","52329","31547","-82","25678","259"
"78550.970","54175","26467","21311","195","-625","533","-872","545","3804670","-11947847","52343","31533","-80","25679","259"
"78551.970","54170","26462","21340","228","-613","389","-741","544","3804620","-11948079","52357","31528","-112","25679","262"
"78552.970","54159","26464","21339","233","-622","441","-863","545","3804570","-11948314","52370","31531","-108","25678","248"
"78553.970","54153","26461","21348","246","-624","586","-794","546","3804521","-11948548","52382","31529","-130","25677","242"
"78554.970","54146","26460","21350","247","-612","553","-662","544","3804470","-11948783","52392","31530","-110","25671","238"
"78555.970","54144","26448","21372","269","-599","376","-863","544","3804420","-11949014","52400","31515","-103","25673","237"
"78556.970","54137","26448","21365","265","-605","-57","-940","544","3804370","-11949248","52406","31517","-81","25667","236"
"78557.970","54139","26461","21294","196","-620","-410","-851","543","3804319","-11949483","52411","31532","-92","25671","237"
"78558.970","54139","26488","21251","149","-608","-532","-912","542","3804270","-11949715","52415","31564","-102","25661","231"
"78559.970","54145","26513","21281","177","-602","-232","-927","542","3804219","-11949950","52416","31593","-104","25663","222"
"78560.970","54154","26518","21280","172","-594","152","-893","541","3804169","-11950183","52414","31597","-103","25660","213"
"78561.970","54159","26514","21308","196","-600","474","-961","542","3804118","-11950415","52407","31591","-89","25658","195"
"78562.970","54165","26501","21317","199","-596","615","-856","542","3804068","-11950649","52397","31575","-91","25662","213"
"78563.970","54170","26486","21307","184","-595","573","-917","541","3804018","-11950884","52385","31556","-52","25659","237"
"78564.970","54170","26475","21320","199","-602","545","-960","542","3803967","-11951117","52379","31543","-106","25660","229"
"78565.970","54172","26472","21345","227","-608","295","-991","544","3803917","-11951351","52375","31539","-175","25658","245"
"78566.970","54170","26465","21374","256","-596","373","-811","543","3803867","-11951583","52372","31531","-238","25649","254"
"78567.970","54165","26464","21375","261","-595","293","-784","544","3803816","-11951818","52370","31530","-302","25636","263"
"78568.970","54156","26459","21382","272","-580","54","-808","544","3803764","-11952051","52371","31526","-337","25621","282"
"78569.970","54146","26459","21374","276","-591","143","-1082","544","3803713","-11952285","52379","31528","-349","25610","287"
"78570.970","54128","26438","21390","295","-560","3","-666","542","3803661","-11952517","52392","31506","-196","25607","297"
"78571.970","54107","26439","21365","285","-578","-10","-766","543","3803609","-11952750","52410","31511","-76","25603","284"
"78572.970","54093","26458","21297","233","-617","-107","-941","545","3803558","-11952982","52431","31535","68","25618","263"
"78573.970","54084","26467","21245","180","-607","82","-858","542","3803505","-11953215","52445","31548","159","25624","236"
"78574.970","54084","26466","21231","162","-605","330","-825","542","3803454","-11953447","52457","31547","281","25636","215"
"78575.970","54089","26462","21251","176","-598","312","-889","542","3803402","-11953681","52468","31541","309","25657","196"
"78576.970","54096","26460","21274","190","-587","200","-934","541","3803352","-11953914","52474","31538","359","25673","182"
"78577.970","54107","26463","21290","195","-582","169","-988","541","3803301","-11954147","52474","31539","366","25688","173"
"78578.970","54122","26472","21288","181","-577","140","-857","540","3803251","-11954380","52467","31547","374","25707","167"
"78579.970","54143","26473","21305","187","-578","136","-884","541","3803202","-11954615","52452","31545","343","25729","165"
"78580.970","54164","26471","21336","207","-579","46","-954","541","3803153","-11954848","52428","31540","338","25746","166"
"78581.970","54179","26479","21334","190","-564","-114","-920","540","3803106","-11955083","52390","31547","318","25761","174"
"78582.970","54194","26504","21348","191","-541","-274","-837","538","3803059","-11955317","52351","31573","307","25770","185"
"78583.970","54215","26518","21362","198","-542","78","-911","538","3803012","-11955553","52323","31587","294","25793","187"
"78584.970","54227","26515","21402","225","-513","434","-794","537","3802966","-11955787","52298","31581","291","25805","187"
"78585.970","54236","26505","21424","236","-487","591","-796","535","3802921","-11956023","52276","31567","286","25813","193"
"78586.970","54246","26492","21405","215","-505","866","-946","537","3802876","-11956258","52255","31551","260","25831","199"
"78587.970","54248","26486","21411","216","-505","1050","-770","536","3802831","-11956493","52238","31543","236","25845","206"
"78588.970","54253","26483","21434","235","-498","1267","-894","537","3802788","-11956731","52224","31538","192","25858","213"
"78589.970","54245","26480","21445","244","-492","1374","-870","537","3802744","-11956966","52217","31537","162","25867","224"
"78590.970","54239","26475","21501","299","-470","1020","-860","537","3802702","-11957203","52217","31531","111","25875","243"
"78591.970","54230","26451","21570","366","-418","583","-1257","537","3802658","-11957438","52225","31505","64","25873","268"
"78592.970","54216","26445","21529","338","-423","359","-870","537","3802617","-11957676","52239","31500","6","25868","285"
"78593.970","54198","26453","21510","342","-478","102","-1016","540","3802573","-11957913","52260","31512","-79","25884","283"
"78594.970","54181","26454","21492","338","-490","-80","-772","540","3802531","-11958148","52284","31516","-137","25880","273"
"78595.970","54171","26462","21426","284","-513","-328","-975","539","3802489","-11958383","52310","31527","-187","25879","261"
"78596.970","54161","26473","21364","231","-535","-435","-1068","538","3802446","-11958621","52327","31542","-226","25875","248"
"78597.970","54162","26488","21324","196","-543","-434","-941","539","3802403","-11958857","52341","31560","-226","25866","239"
"78598.970","54166","26508","21322","195","-547","-307","-1000","539","3802361","-11959093","52353","31583","-201","25862","228"
"78599.970","54173","26517","21327","198","-547","55","-910","539","3802317","-11959328","52360","31592","-217","25858","219"
"78600.970","54174","26496","21355","219","-523","449","-818","537","3802273","-11959563","52363","31568","-211","25850","214"
"78601.970","54176","26479","21361","222","-518","627","-719","538","3802230","-11959799","52362","31547","-201","25843","215"
"78602.970","54179","26474","21400","259","-516","515","-925","539","3802187","-11960036","52358","31540","-196","25832","222"
"78603.970","54183","26471","21414","275","-525","332","-835","539","3802143","-11960271","52350","31536","-210","25830","226"
"78604.970","54183","26473","21426","287","-523","282","-1057","540","3802099","-11960506","52348","31538","-225","25826","228"
"78605.970","54182","26456","21475","330","-482","251","-903","538","3802054","-11960742","52345","31518","-211","25816","229"
"78606.970","54178","26456","21445","305","-501","230","-993","539","3802009","-11960977","52343","31519","-208","25807","226"
"78607.970","54178","26473","21396","268","-555","266","-859","541","3801965","-11961212","52341","31539","-199","25816","223"
"78608.970","54180","26474","21371","243","-567","86","-789","541","3801920","-11961447","52338","31540","-214","25808","225"
"78609.970","54180","26490","21357","225","-555","-325","-905","540","3801875","-11961682","52335","31559","-233","25802","229"
"78610.970","54183","26526","21336","204","-554","-189","-818","540","3801829","-11961917","52330","31602","-207","25790","224"
"78611.970","54190","26526","21349","211","-537","284","-926","538","3801784","-11962152","52323","31601","-177","25785","214"
"78612.970","54194","26526","21382","237","-513","350","-803","538","3801738","-11962387","52317","31599","-195","25773","220"
"78613.970","54198","26537","21386","238","-505","327","-994","537","3801692","-11962622","52312","31612","-161","25771","228"
"78614.970","54199","26534","21402","251","-485","459","-830","536","3801646","-11962857","52309","31609","-157","25760","228"
"78615.970","54198","26518","21412","260","-476","486","-851","536","3801600","-11963092","52307","31589","-160","25755","236"
"78616.970","54195","26511","21416","265","-468","518","-820","535","3801554","-11963327","52308","31582","-171","25751","239"
"78617.970","54191","26500","21423","280","-484","215","-821","537","3801507","-11963562","52312","31569","-170","25746","246"
"78618.970","54188","26487","21419","282","-497","-227","-1052","538","3801461","-11963795","52317","31554","-189","25746","248"
"78619.970","54184","26504","21412","278","-494","-411","-828","538","3801414","-11964032","52321","31575","-200","25743","242"
"78620.970","54186","26505","21413","283","-493","-211","-863","538","3801367","-11964265","52323","31576","-181","25736","233"
"78621.970","54182","26485","21402","278","-518","31","-826","539","3801320","-11964500","52323","31553","-176","25733","229"
"78622.970","54184","26483","21410","287","-523","36","-897","540","3801272","-11964733","52321","31551","-198","25734","233"
"78623.970","54184","26483","21409","286","-520","141","-988","540","3801225","-11964968","52320","31551","-207","25726","229"
"78624.970","54186","26485","21401","279","-521","96","-852","540","3801177","-11965202","52319","31552","-174","25719","230"
"78625.970","54185","26485","21407","285","-515","64","-796","539","3801129","-11965437","52318","31552","-195","25716","231"
"78626.970","54187","26484","21411","290","-511","59","-855","539","3801082","-11965670","52317","31551","-194","25708","234"
"78627.970","54187","26485","21425","304","-505","143","-815","540","3801033","-11965905","52316","31552","-158","25704","232"
"78628.970","54184","26481","21443","323","-501","209","-818","540","3800985","-11966138","52316","31548","-177","25698","232"
"78629.970","54185","26482","21435","318","-505","131","-945","540","3800936","-11966371","52317","31549","-144","25695","233"
"78630.970","54187","26479","21437","320","-499","124","-940","540","3800887","-11966606","52318","31545","-164","25692","233"
"78631.970","54185","26476","21446","330","-492","19","-803","539","3800839","-11966840","52319","31542","-161","25685","233"
"78632.970","54185","26486","21410","295","-496","-153","-862","539","3800790","-11967073","52319","31554","-150","25683","235"
"78633.970","54183","26497","21370","258","-504","-236","-838","538","3800741","-11967307","52318","31567","-171","25674","234"
"78634.970","54185","26505","21380","270","-504","-340","-873","538","3800692","-11967540","52316","31576","-149","25674","233"
"78635.970","54189","26521","21369","258","-496","-432","-951","537","3800642","-11967775","52313","31595","-162","25666","233"
"78636.970","54191","26529","21367","256","-491","-336","-902","537","3800593","-11968007","52308","31604","-150","25663","232"
"78637.970","54195","26532","21381","270","-485","-122","-914","537","3800544","-11968241","52303","31606","-130","25660","230"
"78638.970","54202","26520","21414","302","-473","180","-844","538","3800494","-11968475","52299","31591","-149","25656","228"
"78639.970","54203","26493","21415","308","-484","379","-872","538","3800445","-11968708","52297","31559","-151","25653","228"
"78640.970","54199","26480","21475","367","-464","226","-800","539","3800395","-11968942","52297","31545","-142","25653","243"
"78641.970","54196","26478","21492","388","-455","53","-815","540","3800345","-11969174","52298","31543","-163","25644","249"
"78642.970","54196","26473","21498","402","-462","-38","-915","541","3800295","-11969407","52303","31537","-176","25642","248"
"78643.970","54193","26473","21500","409","-457","-116","-894","541","3800245","-11969641","52308","31536","-161","25640","247"
"78644.970","54187","26478","21486","401","-457","-140","-728","540","3800195","-11969874","52313","31543","-165","25633","244"
"78645.970","54184","26492","21414","333","-459","-297","-783","537","3800144","-11970107","52316","31561","-173","25624","243"
"78646.970","54184","26515","21396","312","-434","-226","-1003","535","3800095","-11970340","52318","31589","-143","25616","237"
"78647.970","54184","26534","21381","301","-441","-122","-842","534","3800044","-11970571","52319","31611","-117","25616","234"
"78648.970","54187","26544","21362","278","-420","2","-818","533","3799993","-11970804","52318","31623","-118","25606","231"
"78649.970","54187","26545","21374","290","-409","300","-866","532","3799942","-11971037","52316","31624","-110","25601","227"
"78650.970","54192","26531","21387","304","-410","582","-778","533","3799892","-11971268","52316","31607","-91","25606","225"
"78651.970","54186","26495","21453","368","-388","590","-1061","535","3799841","-11971501","52316","31564","-100","25600","229"
"78652.970","54184","26482","21474","397","-404","470","-843","538","3799790","-11971736","52319","31550","-130","25602","235"
"78653.970","54182","26485","21458","386","-407","403","-783","538","3799739","-11971966","52323","31553","-152","25600","236"
"78654.970","54179","26483","21445","377","-414","472","-817","537","3799688","-11972200","52328","31551","-166","25596","231"
"78655.970","54176","26479","21420","361","-441","302","-930","538","3799637","-11972431","52332","31546","-151","25598","228"
"78656.970","54172","26468","21432","372","-431","30","-849","538","3799586","-11972663","52334","31535","-168","25593","224"
"78657.970","54174","26472","21407","347","-431","-271","-861","537","3799534","-11972895","52336","31539","-188","25585","223"
"78658.970","54180","26480","21359","303","-449","-471","-815","535","3799483","-11973127","52335","31547","-140","25584","221"
"78659.970","54183","26485","21355","295","-442","-517","-938","535","3799431","-11973360","52334","31552","-175","25579","221"
"78660.970","54189","26495","21333","273","-448","-583","-819","534","3799380","-11973590","52329","31563","-164","25574","221"
"78661.970","54199","26510","21283","223","-463","-597","-763","533","3799328","-11973825","52321","31579","-150","25569","225"
"78662.970","54207","26520","21261","197","-456","-582","-1022","532","3799276","-11974055","52310","31591","-167","25563","227"
"78663.970","54216","26518","21272","208","-463","-451","-917","534","3799224","-11974287","52296","31587","-145","25561","230"
"78664.970","54224","26511","21292","228","-464","-279","-989","533","3799171","-11974520","52286","31577","-142","25562","233"
"78665.970","54226","26512","21313","249","-464","-192","-800","534","3799119","-11974750","52278","31577","-146","25558","239"
"78666.970","54228","26510","21335","271","-456","-185","-869","535","3799067","-11974982","52272","31576","-156","25557","246"
"78667.970","54226","26506","21358","297","-453","-226","-825","536","3799014","-11975215","52268","31570","-158","25551","254"
"78668.970","54225","26510","21352","295","-454","-246","-764","537","3798961","-11975446","52265","31575","-156","25551","264"
"78669.970","54220","26511","21367","311","-434","-211","-878","535","3798909","-11975677","52264","31578","-136","25543","273"
"78670.970","54210","26501","21386","336","-424","-218","-883","535","3798856","-11975909","52266","31568","-131","25537","281"
"78671.970","54198","26500","21382","342","-423","-181","-840","537","3798803","-11976141","52272","31568","-133","25535","287"
"78672.970","54184","26509","21366","332","-410","-164","-751","535","3798750","-11976371","52282","31581","-136","25530","285"
"78673.970","54172","26518","21323","301","-427","-112","-829","535","3798696","-11976602","52296","31594","-137","25526","276"
"78674.970","54166","26533","21273","261","-449","-61","-872","533","3798644","-11976834","52315","31613","-121","25530","267"
"78675.970","54161","26540","21259","250","-443","-78","-961","533","3798591","-11977065","52328","31622","-125","25522","257"
"78676.970","54157","26549","21283","270","-417","18","-890","532","3798537","-11977295","52338","31633","-110","25518","242"
"78677.970","54155","26553","21301","286","-397","9","-881","531","3798484","-11977526","52348","31639","-114","25513","233"
"78678.970","54159","26555","21308","291","-390","118","-867","531","3798430","-11977757","52356","31640","-110","25511","223"
"78679.970","54161","26555","21298","284","-405","143","-908","531","3798377","-11977988","52361","31640","-96","25508","219"
"78680.970","54158","26549","21267","258","-441","287","-1009","533","3798323","-11978217","52363","31634","-87","25519","214"
"78681.970","54164","26547","21254","243","-456","342","-878","533","3798270","-11978450","52362","31630","-101","25518","209"
"78682.970","54169","26541","21252","237","-458","333","-891","533","3798216","-11978680","52357","31622","-122","25518","210"
"78683.970","54174","26530","21274","253","-453","326","-899","534","3798162","-11978910","52351","31608","-130","25514","211"
"78684.970","54177","26527","21299","275","-454","326","-802","535","3798109","-11979141","52340","31603","-132","25515","214"
"78685.970","54183","26525","21327","297","-439","313","-936","535","3798055","-11979373","52331","31600","-124","25511","218"
"78686.970","54187","26513","21375","340","-421","184","-775","536","3798001","-11979604","52325","31586","-113","25506","224"
"78687.970","54190","26506","21406","369","-412","159","-816","537","3797947","-11979835","52320","31576","-121","25508","228"
"78688.970","54187","26503","21420","381","-396","193","-723","536","3797894","-11980065","52316","31573","-122","25503","229"
"78689.970","54190","26501","21432","391","-386","153","-872","536","3797839","-11980295","52314","31570","-111","25495","233"
"78690.970","54190","26502","21427","387","-382","202","-983","536","3797785","-11980526","52313","31571","-106","25496","234"
"78691.970","54188","26504","21417","378","-376","400","-892","535","3797731","-11980758","52313","31575","-78","25490","232"
"78692.970","54184","26499","21417","379","-374","583","-853","535","3797677","-11980988","52314","31570","-93","25491","228"
"78693.970","54181","26497","21408","368","-365","565","-964","534","3797623","-11981219","52316","31567","-66","25485","230"
"78694.970","54177","26497","21390","354","-378","577","-1156","534","3797569","-11981449","52319","31568","-88","25488","228"
"78695.970","54175","26504","21371","335","-380","445","-915","534","3797514","-11981680","52321","31577","-98","25490","225"
"78696.970","54175","26513","21374","338","-372","385","-810","533","3797460","-11981911","52323","31588","-70","25484","221"
"78697.970","54175","26521","21366","330","-374","419","-847","533","3797405","-11982141","52324","31597","-104","25481","228"
"78698.970","54178","26513","21395","361","-374","373","-882","533","3797352","-11982371","52323","31587","-174","25482","202"
"78699.970","54171","26497","21493","454","-369","261","-1076","539","3797297","-11982603","52321","31569","-253","25473","124"
"78700.970","54203","26496","21520","473","-385","160","-929","541","3797242","-11982833","52315","31563","-166","25476","83"
"78701.970","54239","26484","21537","473","-393","22","-840","541","3797187","-11983064","52300","31543","-219","25479","75"
"78702.970","54279","26496","21534","452","-408","-124","-810","540","3797131","-11983296","52268","31550","-68","25476","55"
"78703.970","54330","26493","21542","428","-388","-131","-810","540","3797076","-11983528","52215","31537","-85","25479","47"
"78704.970","54375","26495","21579","436","-375","-131","-821","539","3797020","-11983758","52150","31533","-62","25461","29"
"78705.970","54425","26488","21649","468","-327","-196","-886","537","3796965","-11983989","52073","31516","-64","25461","38"
"78706.970","54478","26516","21617","412","-350","49","-791","537","3796910","-11984220","51990","31540","-124","25454","24"
"78707.970","54530","26528","21653","428","-371","-352","-856","538","3796855","-11984453","51904","31546","-134","25464","37"
"78708.970","54587","26521","21671","408","-329","-251","-916","535","3796799","-11984684","51814","31529","-111","25454","33"
"78709.970","54638","26539","21686","398","-338","9","-849","534","3796744","-11984918","51723","31541","-148","25444","20"
"78710.970","54694","26554","21737","418","-324","88","-820","535","3796689","-11985149","51636","31550","-120","25441","15"
"78711.970","54750","26556","21786","440","-317","30","-778","536","3796632","-11985384","51552","31544","-110","25439","15"
"78712.970","54801","26560","21832","457","-307","-62","-1071","537","3796576","-11985617","51468","31539","-89","25439","10"
"78713.970","54859","26563","21864","467","-319","-56","-988","537","3796520","-11985849","51383","31534","-87","25440","5"
"78714.970","54916","26564","21850","423","-311","0","-803","536","3796463","-11986084","51298","31526","-62","25440","-3"
"78715.970","54977","26555","21816","345","-266","-99","-722","526","3796407","-11986319","51211","31505","6","25418","-6"
"78716.970","55030","26558","21836","336","-265","-31","-856","526","3796351","-11986551","51122","31500","-5","25424","-9"
"78717.970","55090","26567","21855","325","-261","-183","-683","526","3796294","-11986788","51033","31501","14","25427","-6"
"78718.970","55154","26576","21889","333","-261","-367","-913","525","3796238","-11987023","50943","31501","35","25431","0"
"78719.970","55215","26588","21932","351","-263","-483","-724","527","3796182","-11987258","50853","31505","53","25434","9"
"78720.970","55276","26604","21983","392","-309","-369","-891","534","3796125","-11987494","50765","31515","50","25457","5"
"78721.970","55337","26617","22032","423","-326","-199","-735","535","3796069","-11987730","50677","31519","68","25467","1"
"78722.970","55398","26625","22075","442","-319","-70","-746","537","3796013","-11987967","50591","31519","82","25473","1"
"78723.970","55456","26632","22099","442","-313","37","-959","536","3795957","-11988203","50505","31519","92","25483","0"
"78724.970","55514","26639","22135","456","-306","196","-699","537","3795901","-11988440","50421","31518","113","25486","4"
"78725.970","55571","26647","22159","456","-297","500","-816","537","3795846","-11988678","50339","31517","130","25494","-7"
"78726.970","55626","26653","22181","461","-310","456","-816","537","3795789","-11988916","50258","31516","85","25501","-15"
"78727.970","55681","26658","22200","458","-314","595","-812","537","3795735","-11989155","50176","31512","-36","25507","-18"
"78728.970","55741","26664","22220","456","-313","639","-819","537","3795679","-11989393","50094","31510","-60","25499","-25"
"78729.970","55801","26672","22197","407","-310","674","-738","535","3795624","-11989630","50009","31509","-62","25495","-34"
"78730.970","55860","26675","22229","424","-326","46","-810","537","3795569","-11989869","49923","31504","-166","25491","-26"
"78731.970","55923","26681","22235","399","-297","23","-803","535","3795513","-11990109","49834","31500","-220","25483","-13"
"78732.970","55989","26683","22244","390","-306","-13","-663","533","3795458","-11990347","49745","31492","-219","25472","-28"
"78733.970","56052","26680","22263","367","-244","131","-642","534","3795401","-11990587","49653","31478","-221","25452","-26"
"78734.970","56128","26695","22219","299","-245","90","-770","521","3795345","-11990825","49560","31484","-121","25429","-36"
"78735.970","56197","26713","22262","335","-304","233","-666","529","3795289","-11991067","49465","31494","-140","25458","-43"
"78736.970","56262","26720","22265","302","-257","-53","-792","524","3795231","-11991307","49369","31492","-161","25434","-36"
"78737.970","56326","26729","22277","290","-247","-246","-856","521","3795175","-11991545","49272","31492","-199","25430","-30"
"78738.970","56399","26739","22315","299","-223","6","-771","521","3795117","-11991786","49175","31492","-227","25412","-46"
"78739.970","56466","26734","22269","224","-228","588","-752","515","3795060","-11992027","49076","31476","-225","25406","-65"
"78740.970","56541","26725","22254","163","-164","401","-891","502","3795002","-11992267","48976","31454","-184","25373","-57"
"78741.970","56614","26734","22251","134","-162","179","-837","494","3794944","-11992507","48876","31452","-184","25365","-50"
"78742.970","56682","26742","22256","114","-161","81","-1183","494","3794885","-11992749","48777","31452","-189","25363","-47"
"78743.970","56753","26751","22265","98","-159","40","-815","489","3794827","-11992991","48679","31450","-178","25351","-44"
"78744.970","56823","26758","22276","82","-148","36","-861","486","3794768","-11993232","48580","31448","-174","25344","-41"
"78745.970","56889","26766","22284","66","-145","-39","-935","486","3794709","-11993473","48482","31447","-160","25336","-44"
"78746.970","56958","26776","22295","58","-152","-60","-962","485","3794649","-11993714","48384","31448","-161","25332","-44"
"78747.970","57027","26788","22304","46","-156","-63","-1019","485","3794589","-11993955","48286","31450","-152","25328","-53"
"78748.970","57099","26798","22317","37","-160","58","-730","485","3794529","-11994197","48185","31451","-153","25325","-59"
"78749.970","57172","26806","22334","24","-144","212","-837","479","3794470","-11994440","48083","31449","-145","25315","-69"
"78750.970","57251","26814","22358","17","-126","358","-975","476","3794409","-11994683","47979","31446","-129","25306","-76"
"78751.970","57330","26822","22371","2","-117","411","-863","471","3794348","-11994925","47873","31444","-109","25300","-78"
"78752.970","57406","26830","22382","-12","-117","314","-1081","472","3794288","-11995169","47767","31440","-97","25296","-77"
"78753.970","57481","26839","22395","-23","-117","193","-1017","471","3794227","-11995412","47660","31439","-83","25291","-75"
"78754.970","57560","26848","22402","-34","-130","-4","-892","474","3794166","-11995653","47554","31438","-78","25292","-68"
"78755.970","57637","26858","22407","-49","-137","-146","-817","479","3794105","-11995898","47447","31437","-67","25290","-63"
"78756.970","57712","26870","22423","-55","-129","-233","-941","478","3794044","-11996141","47340","31439","-59","25286","-60"
"78757.970","57790","26881","22450","-50","-122","-188","-964","476","3793982","-11996384","47234","31441","-56","25286","-59"
"78758.970","57868","26893","22468","-47","-131","-146","-889","478","3793920","-11996629","47129","31442","-57","25287","-57"
"78759.970","57942","26905","22481","-51","-133","-14","-784","481","3793859","-11996873","47026","31445","-51","25286","-55"
"78760.970","58015","26910","22489","-59","-143","182","-830","482","3793797","-11997118","46924","31440","-42","25287","-52"
"78761.970","58093","26918","22469","-94","-149","63","-809","488","3793736","-11997361","46824","31436","-37","25287","-9"
"78762.970","58159","26916","22480","-81","-177","68","-749","493","3793675","-11997607","46726","31424","-11","25291","32"
"78763.970","58204","26915","22478","-80","-193","30","-671","499","3793613","-11997850","46635","31416","-5","25300","62"
"78764.970","58239","26926","22460","-90","-205","-145","-953","499","3793552","-11998096","46554","31423","-77","25300","83"
"78765.970","58268","26936","22463","-86","-191","-210","-873","497","3793490","-11998339","46482","31430","-115","25293","95"
"78766.970","58300","26944","22451","-92","-184","-353","-959","494","3793429","-11998584","46419","31435","-95","25284","98"
"78767.970","58327","26953","22450","-89","-172","-364","-717","489","3793367","-11998828","46367","31441","-105","25288","100"
"78768.970","58362","26960","22465","-66","-158","-401","-760","491","3793305","-11999073","46327","31445","-96","25276","106"
"78769.970","58390","26959","22467","-48","-182","-213","-933","492","3793243","-11999317","46296","31438","-106","25276","104"
"78770.970","58419","26959","22441","-67","-178","-213","-910","493","3793180","-11999562","46282","31435","-112","25283","105"
"78771.970","58446","26966","22430","-70","-177","-148","-758","491","3793117","-11999809","46278","31438","-77","25277","98"
"78772.970","58476","26963","22446","-47","-180","-149","-753","492","3793055","-12000052","46249","31430","-63","25278","97"
"78773.970","58508","26955","22471","-6","-200","-51","-683","497","3792991","-12000296","46214","31416","-117","25286","94"
"78774.970","58537","26960","22448","-20","-205","-142","-984","491","3792929","-12000539","46177","31417","-135","25283","97"
"78775.970","58569","26965","22436","-18","-213","-84","-822","496","3792867","-12000783","46139","31418","-151","25289","95"
"78776.970","58605","26971","22403","-35","-225","39","-732","499","3792804","-12001027","46100","31419","-121","25280","94"
"78777.970","58637","26977","22377","-45","-241","17","-724","502","3792742","-12001271","46062","31421","-76","25286","104"
"78778.970","58664","26981","22374","-37","-237","-41","-783","504","3792679","-12001513","46024","31423","-29","25282","102"
"78779.970","58698","26986","22358","-43","-232","-70","-803","502","3792617","-12001757","45987","31423","-122","25287","123"
"78780.970","58736","26991","22360","-26","-223","-134","-683","496","3792554","-12002001","45951","31423","-151","25286","180"
"78781.970","58739","26995","22327","-27","-238","10","-644","500","3792493","-12002243","45920","31427","-105","25286","229"
"78782.970","58720","26992","22313","-4","-252","151","-907","504","3792431","-12002484","45899","31426","-140","25287","228"
"78783.970","58710","26990","22289","1","-244","154","-711","504","3792368","-12002726","45896","31426","-191","25287","228"
"78784.970","58697","26994","22242","-21","-229","33","-835","504","3792306","-12002967","45907","31433","-210","25265","225"
"78785.970","58693","27002","22205","-33","-218","-111","-867","501","3792243","-12003208","45927","31443","-207","25257","231"
"78786.970","58696","27007","22181","-35","-196","-68","-816","495","3792180","-12003449","45948","31448","-191","25253","235"
"78787.970","58685","27001","22166","-20","-195","-19","-769","494","3792118","-12003691","45970","31442","-158","25252","256"
"78788.970","58673","26998","22141","-8","-207","-33","-755","498","3792054","-12003931","45990","31441","-144","25247","264"
"78789.970","58651","26988","22127","15","-217","-46","-717","501","3791992","-12004169","46012","31433","-159","25247","244"
"78790.970","58640","26984","22136","59","-229","-203","-846","500","3791929","-12004410","46029","31429","-166","25257","223"
"78791.970","58642","26977","22137","93","-243","-141","-770","510","3791867","-12004647","46044","31421","-226","25256","223"
"78792.970","58636","26976","22106","92","-256","107","-777","506","3791803","-12004887","46058","31421","-274","25250","216"
"78793.970","58632","26979","22044","49","-252","112","-781","508","3791741","-12005126","46070","31425","-322","25243","207"
"78794.970","58639","26985","21982","7","-252","-177","-808","502","3791678","-12005363","46078","31431","-260","25222","207"
"78795.970","58640","26984","21978","28","-263","-171","-643","504","3791614","-12005600","46081","31429","-113","25234","201"
"78796.970","58647","26984","21991","52","-233","-163","-625","505","3791551","-12005837","46079","31429","-44","25230","189"
"78797.970","58652","26987","21947","34","-257","-265","-890","509","3791487","-12006076","46070","31431","43","25235","184"
"78798.970","58655","26989","21924","30","-267","-136","-753","506","3791424","-12006311","46057","31433","165","25262","173"
"78799.970","58672","26990","21934","58","-273","-62","-712","509","3791362","-12006547","46041","31431","190","25273","166"
"78800.970","58683","26987","21920","65","-299","-171","-963","514","3791299","-12006786","46021","31426","183","25289","159"
"78801.970","58700","26988","21940","101","-304","-270","-879","517","3791238","-12007022","45998","31425","187","25309","157"
"78802.970","58714","26989","21945","115","-297","-186","-879","516","3791176","-12007260","45974","31424","182","25321","149"
"78803.970","58735","26993","21943","124","-293","-324","-741","515","3791116","-12007496","45946","31425","185","25333","152"
"78804.970","58755","26997","21912","105","-300","-269","-991","514","3791055","-12007732","45917","31427","184","25349","160"
"78805.970","58774","26994","21910","113","-295","-178","-735","517","3790996","-12007970","45893","31421","196","25365","170"
"78806.970","58787","26995","21887","109","-309","-237","-699","518","3790936","-12008206","45871","31420","199","25380","191"
"78807.970","58790","26998","21888","125","-299","-114","-879","518","3790877","-12008442","45851","31423","237","25397","205"
"78808.970","58791","27000","21857","112","-298","-144","-667","515","3790819","-12008680","45834","31425","279","25407","219"
"78809.970","58788","27001","21821","100","-309","-110","-793","515","3790762","-12008918","45823","31427","317","25436","241"
"78810.970","58786","27006","21808","111","-311","66","-794","517","3790705","-12009155","45819","31432","326","25453","242"
"78811.970","58776","27005","21789","113","-305","4","-1002","515","3790649","-12009391","45824","31433","324","25475","254"
"78812.970","58763","27003","21781","129","-301","-41","-857","516","3790593","-12009628","45837","31433","290","25496","256"
"78813.970","58749","27001","21728","99","-301","-205","-1131","514","3790539","-12009866","45855","31433","249","25512","259"
"78814.970","58741","26993","21726","116","-284","-311","-1045","514","3790484","-12010102","45878","31425","219","25516","256"
"78815.970","58728","26982","21732","152","-302","-317","-810","517","3790431","-12010340","45902","31414","170","25533","258"
"78816.970","58718","26973","21718","167","-322","-232","-896","521","3790377","-12010576","45920","31405","111","25550","254"
"78817.970","58709","26970","21712","187","-340","-149","-793","523","3790324","-12010813","45937","31402","44","25562","251"
"78818.970","58699","26965","21683","181","-346","-56","-866","524","3790272","-12011048","45953","31399","-17","25569","247"
"78819.970","58689","26962","21656","171","-340","34","-898","523","3790220","-12011286","45968","31396","-65","25571","245"
"78820.970","58683","26960","21636","170","-342","63","-828","523","3790167","-12011521","45981","31395","-100","25568","242"
"78821.970","58674","26959","21622","174","-345","87","-1074","523","3790116","-12011757","45993","31395","-135","25569","240"
"78822.970","58667","26957","21607","175","-344","121","-936","523","3790064","-12011992","46004","31393","-172","25569","238"
"78823.970","58663","26953","21594","178","-342","144","-878","524","3790012","-12012229","46014","31390","-199","25561","235"
"78824.970","58657","26953","21591","192","-348","160","-819","525","3789959","-12012465","46023","31390","-225","25559","233"
"78825.970","58651","26953","21595","214","-353","120","-852","527","3789907","-12012699","46032","31392","-260","25559","232"
"78826.970","58646","26954","21605","240","-357","133","-858","528","3789856","-12012935","46039","31393","-292","25551","228"
"78827.970","58641","26956","21618","272","-369","164","-772","532","3789803","-12013169","46046","31396","-334","25548","221"
"78828.970","58635","26957","21638","307","-366","51","-888","532","3789750","-12013404","46051","31398","-377","25537","214"
"78829.970","58635","26953","21636","312","-348","-94","-840","532","3789696","-12013637","46055","31394","-403","25521","203"
"78830.970","58639","26950","21608","293","-343","-94","-808","530","3789643","-12013871","46057","31390","-409","25506","191"
"78831.970","58649","26953","21613","309","-351","-35","-989","531","3789589","-12014105","46056","31392","-412","25497","181"
"78832.970","58660","26958","21626","331","-359","-29","-905","534","3789535","-12014337","46051","31396","-415","25488","173"
"78833.970","58672","26961","21636","346","-353","-17","-832","534","3789480","-12014572","46040","31398","-396","25476","169"
"78834.970","58685","26964","21644","362","-356","-56","-976","535","3789425","-12014804","46023","31399","-376","25467","167"
"78835.970","58701","26968","21649","372","-352","-124","-947","535","3789369","-12015037","46001","31401","-340","25456","168"
"78836.970","58714","26971","21658","387","-350","-108","-849","536","3789314","-12015270","45974","31403","-322","25449","166"
"78837.970","58730","26974","21658","395","-357","-125","-801","537","3789258","-12015502","45948","31404","-274","25444","165"
"78838.970","58745","26978","21661","402","-348","-136","-896","537","3789201","-12015734","45923","31406","-251","25439","163"
"78839.970","58760","26979","21663","409","-344","-93","-939","537","3789145","-12015966","45900","31406","-205","25433","160"
"78840.970","58777","26983","21665","415","-340","-28","-808","538","3789089","-12016199","45876","31407","-174","25432","157"
"78841.970","58793","26985","21664","419","-336","-57","-822","538","3789032","-12016429","45853","31408","-139","25429","159"
"78842.970","58808","26987","21656","416","-331","-86","-856","538","3788975","-12016661","45831","31407","-94","25432","178"
"78843.970","58823","26988","21645","414","-328","-79","-891","537","3788918","-12016894","45810","31405","-38","25432","200"
"78844.970","58830","26988","21630","412","-330","-62","-784","537","3788862","-12017125","45791","31405","14","25443","222"
"78845.970","58827","26987","21614","413","-329","-34","-766","536","3788806","-12017356","45776","31405","56","25450","242"
"78846.970","58820","26987","21596","415","-334","-47","-961","538","3788751","-12017586","45767","31406","78","25464","258"
"78847.970","58807","26985","21576","415","-328","-67","-977","536","3788695","-12017817","45767","31405","102","25469","269"
"78848.970","58792","26983","21551","411","-325","-90","-820","537","3788640","-12018050","45777","31405","113","25480","275"
"78849.970","58775","26981","21527","409","-323","-110","-973","536","3788585","-12018280","45795","31406","106","25491","278"
"78850.970","58762","26979","21499","403","-319","-123","-871","535","3788531","-12018511","45819","31405","99","25500","279"
"78851.970","58745","26976","21474","400","-320","-126","-843","535","3788476","-12018742","45851","31404","76","25508","278"
"78852.970","58729","26974","21453","400","-321","-92","-972","535","3788422","-12018974","45883","31404","61","25516","276"
"78853.970","58710","26973","21433","401","-321","-59","-854","536","3788369","-12019205","45914","31406","36","25522","275"
"78854.970","58696","26972","21416","404","-319","-47","-918","536","3788316","-12019436","45939","31407","21","25528","274"
"78855.970","58681","26972","21399","405","-316","-23","-971","536","3788263","-12019666","45963","31409","7","25534","273"
"78856.970","58669","26972","21385","410","-318","-3","-1292","536","3788211","-12019896","45986","31411","-23","25540","270"
"78857.970","58655","26971","21368","412","-324","17","-1030","536","3788159","-12020126","46007","31412","-43","25544","267"
"78858.970","58641","26971","21352","413","-320","-23","-870","536","3788107","-12020356","46027","31414","-75","25546","266"
"78859.970","58627","26970","21338","414","-319","-81","-850","536","3788055","-12020585","46046","31415","-104","25546","259"
"78860.970","58616","26969","21328","419","-319","-119","-805","537","3788003","-12020815","46063","31415","-145","25545","241"
"78861.970","58609","26967","21318","421","-321","-110","-897","537","3787951","-12021044","46078","31415","-189","25545","221"
"78862.970","58609","26968","21314","424","-318","-67","-1035","537","3787899","-12021274","46090","31415","-226","25539","201"
"78863.970","58616","26969","21316","425","-302","-111","-909","536","3787847","-12021505","46099","31416","-260","25529","187"
"78864.970","58627","26970","21309","420","-302","-165","-854","536","3787795","-12021732","46100","31415","-308","25522","176"
"78865.970","58639","26971","21310","420","-302","-190","-894","536","3787742","-12021962","46091","31415","-334","25512","167"
"78866.970","58656","26973","21313","421","-301","-165","-832","536","3787689","-12022191","46072","31414","-356","25499","162"
"78867.970","58675","26975","21315","422","-306","-131","-800","536","3787637","-12022419","46045","31413","-375","25490","157"
"78868.970","58696","26978","21320","422","-301","-104","-868","536","3787583","-12022648","46013","31413","-380","25480","150"
"78869.970","58717","26982","21328","425","-298","-84","-847","536","3787530","-12022877","45977","31415","-370","25468","145"
"78870.970","58738","26985","21333","425","-295","-57","-988","536","3787476","-12023105","45940","31415","-342","25459","141"
"78871.970","58759","26987","21339","426","-294","-26","-800","536","3787422","-12023332","45903","31415","-312","25454","137"
"78872.970","58782","26990","21342","425","-298","2","-866","536","3787367","-12023564","45864","31415","-281","25448","136"
"78873.970","58812","26994","21338","416","-293","-25","-876","536","3787312","-12023790","45830","31415","-240","25438","158"
"78874.970","58834","26997","21331","406","-289","-65","-850","534","3787257","-12024019","45799","31414","-190","25437","187"
"78875.970","58847","26998","21325","404","-286","-61","-988","534","3787203","-12024248","45770","31414","-132","25438","217"
"78876.970","58850","27000","21315","405","-294","-65","-861","534","3787148","-12024475","45746","31416","-84","25440","242"
"78877.970","58844","27002","21305","409","-294","-43","-900","535","3787093","-12024704","45731","31419","-54","25447","264"
"78878.970","58831","27005","21292","411","-285","-34","-821","534","3787039","-12024930","45722","31424","-26","25442","282"
"78879.970","58812","27008","21251","394","-308","-61","-846","534","3786985","-12025157","45725","31431","-24","25458","291"
"78880.970","58794","27009","21216","381","-323","-126","-905","534","3786930","-12025385","45740","31435","-24","25465","295"
"78881.970","58774","27009","21194","380","-327","-147","-927","535","3786876","-12025611","45766","31438","-33","25468","296"
"78882.970","58755","27008","21172","377","-331","-108","-841","535","3786822","-12025840","45793","31440","-48","25474","293"
"78883.970","58734","27007","21152","376","-335","-52","-840","534","3786767","-12026068","45843","31442","-58","25479","291"
"78884.970","58718","27006","21134","377","-344","-17","-821","535","3786713","-12026296","45885","31443","-80","25488","287"
"78885.970","58704","27004","21122","379","-339","15","-934","535","3786659","-12026523","45915","31443","-81","25485","283"
"78886.970","58686","27002","21110","384","-342","-5","-802","536","3786606","-12026750","45942","31443","-93","25490","281"
"78887.970","58675","27001","21091","379","-342","-43","-993","535","3786553","-12026976","45966","31444","-98","25492","279"
"78888.970","58660","26999","21077","380","-347","-24","-1017","536","3786499","-12027204","45988","31444","-113","25495","276"
"78889.970","58648","27000","21061","381","-359","-35","-784","537","3786445","-12027430","46008","31447","-135","25495","272"
"78890.970","58637","27000","21052","384","-361","5","-863","537","3786392","-12027658","46026","31448","-166","25495","268"
"78891.970","58623","26999","21041","384","-363","0","-744","537","3786340","-12027884","46042","31450","-189","25494","260"
"78892.970","58616","26998","21032","384","-363","-31","-784","536","3786286","-12028109","46057","31450","-223","25490","244"
"78893.970","58611","26998","21028","384","-361","-38","-854","536","3786233","-12028336","46071","31450","-258","25485","225"
"78894.970","58611","26999","21025","384","-361","-34","-801","536","3786179","-12028559","46082","31451","-292","25475","207"
"78895.970","58619","27000","21024","381","-357","5","-906","537","3786125","-12028788","46088","31451","-310","25470","194"
"78896.970","58628","27001","21023","376","-355","10","-918","536","3786071","-12029013","46087","31451","-331","25460","182"
"78897.970","58643","27003","21024","373","-353","-22","-927","535","3786017","-12029239","46078","31451","-340","25448","174"
"78898.970","58657","27005","21030","372","-351","-14","-790","536","3785962","-12029465","46061","31452","-338","25439","167"
"78899.970","58673","27008","21039","374","-349","-19","-946","535","3785907","-12029691","46038","31452","-336","25431","162"
"78900.970","58692","27008","21053","380","-344","-9","-885","535","3785853","-12029916","46010","31449","-319","25421","157"
"78901.970","58713","27010","21066","384","-342","-19","-903","535","3785798","-12030143","45978","31448","-293","25416","151"
"78902.970","58729","27010","21084","392","-332","-1","-850","536","3785743","-12030365","45944","31446","-262","25409","142"
"78903.970","58751","27010","21102","397","-316","4","-878","535","3785687","-12030593","45908","31443","-225","25404","139"
"78904.970","58778","27009","21123","404","-300","-28","-1050","534","3785632","-12030817","45870","31437","-193","25397","143"
"78905.970","58810","27008","21142","409","-276","-86","-770","534","3785575","-12031044","45835","31432","-147","25391","165"
"78906.970","58831","27007","21147","409","-268","-71","-785","534","3785520","-12031269","45804","31427","-100","25391","193"
"78907.970","58843","27007","21142","407","-271","-7","-953","534","3785464","-12031494","45775","31425","-59","25399","222"
"78908.970","58846","27007","21132","403","-271","19","-998","533","3785408","-12031720","45753","31425","-10","25405","247"
"78909.970","58839","27008","21122","404","-273","37","-886","534","3785354","-12031945","45739","31427","30","25412","269"
"78910.970","58824","27009","21110","406","-271","38","-1117","533","3785299","-12032170","45732","31430","51","25421","284"
"78911.970","58806","27011","21086","401","-281","35","-769","533","3785244","-12032395","45737","31436","49","25433","294"
"78912.970","58785","27014","21055","392","-304","34","-889","534","3785190","-12032621","45753","31442","46","25447","296"
"78913.970","58766","27013","21033","389","-313","14","-929","535","3785135","-12032848","45779","31444","10","25457","297"
"78914.970","58745","27012","21018","391","-317","21","-782","535","3785082","-12033072","45811","31446","-46","25459","294"
"78915.970","58729","27010","21002","390","-315","32","-797","535","3785027","-12033297","45853","31446","-75","25462","293"
"78916.970","58710","27009","20985","389","-317","63","-897","534","3784973","-12033524","45895","31448","-96","25463","288"
"78917.970","58695","27008","20969","387","-317","59","-747","535","3784919","-12033749","45925","31449","-113","25464","286"
"78918.970","58682","27007","20950","380","-319","38","-862","534","3784865","-12033973","45951","31450","-135","25464","282"
"78919.970","58670","27005","20935","378","-320","49","-964","535","3784811","-12034199","45975","31450","-168","25463","278"
"78920.970","58656","27004","20920","373","-319","43","-844","534","3784758","-12034424","45996","31450","-196","25460","273"
"78921.970","58644","27004","20901","364","-322","25","-813","533","3784705","-12034648","46015","31452","-215","25455","269"
"78922.970","58635","27002","20889","360","-319","-63","-888","533","3784651","-12034873","46033","31452","-230","25452","266"
"78923.970","58623","27000","20879","356","-316","-113","-920","532","3784597","-12035097","46049","31451","-241","25446","260"
"78924.970","58616","26998","20876","359","-313","-168","-815","533","3784544","-12035322","46063","31449","-261","25440","247"
"78925.970","58612","26995","20875","359","-306","-227","-810","531","3784490","-12035546","46076","31447","-280","25434","230"
"78926.970","58612","26993","20875","357","-300","-207","-930","531","3784435","-12035769","46086","31444","-310","25424","213"
"78927.970","58618","26992","20882","358","-292","-201","-973","531","3784380","-12035993","46089","31442","-329","25414","198"
"78928.970","58631","26991","20890","359","-287","-178","-988","531","3784325","-12036217","46085","31439","-330","25407","187"
"78929.970","58645","26989","20908","367","-273","-141","-794","530","3784271","-12036442","46072","31434","-317","25396","179"
"78930.970","58661","26989","20913","363","-274","-78","-865","530","3784215","-12036666","46053","31432","-304","25386","171"
"78931.970","58680","26990","20911","352","-276","-43","-936","529","3784160","-12036890","46029","31431","-298","25381","166"
"78932.970","58696","26992","20917","347","-278","-7","-884","529","3784105","-12037113","46002","31430","-266","25373","160"
"78933.970","58713","26993","20922","342","-281","-2","-1079","529","3784049","-12037337","45972","31429","-247","25370","156"
"78934.970","58735","26995","20927","336","-280","-10","-1146","529","3783993","-12037559","45940","31427","-227","25367","152"
"78935.970","58754","26997","20934","331","-283","8","-879","528","3783938","-12037784","45907","31427","-198","25366","147"
"78936.970","58781","27000","20936","320","-283","-27","-1001","527","3783881","-12038008","45870","31427","-169","25364","148"
"78937.970","58809","27004","20936","307","-283","-63","-886","527","3783824","-12038233","45836","31426","-121","25364","170"
"78938.970","58830","27006","20931","294","-281","-72","-978","526","3783768","-12038457","45807","31425","-62","25370","197"
"78939.970","58844","27007","20929","288","-281","-77","-861","525","3783712","-12038679","45779","31425","2","25377","226"
"78940.970","58845","27007","20925","286","-280","-78","-927","525","3783657","-12038906","45757","31424","58","25387","251"
"78941.970","58839","27006","20916","282","-281","-97","-940","524","3783601","-12039128","45743","31424","90","25399","272"
"78942.970","58829","27005","20904","282","-290","-124","-933","525","3783547","-12039354","45737","31425","121","25414","288"
"78943.970","58813","27004","20892","281","-291","-114","-837","525","3783492","-12039577","45739","31427","123","25428","297"
"78944.970","58794","27004","20881","284","-296","-98","-879","526","3783438","-12039803","45753","31429","82","25438","301"
"78945.970","58774","27002","20868","283","-296","-86","-1048","526","3783384","-12040026","45777","31430","19","25445","302"
"78946.970","58755","27001","20851","276","-289","-42","-936","525","3783330","-12040252","45809","31431","-38","25446","299"
"78947.970","58737","26999","20832","267","-284","-34","-864","524","3783276","-12040477","45855","31432","-66","25448","296"
"78948.970","58720","26998","20822","266","-284","-28","-854","523","3783222","-12040702","45892","31434","-86","25451","292"
"78949.970","58702","26997","20811","264","-279","-18","-896","524","3783169","-12040927","45919","31435","-110","25448","290"
"78950.970","58688","26996","20798","258","-277","-7","-905","522","3783115","-12041152","45944","31436","-137","25450","287"
"78951.970","58675","26995","20789","256","-269","-19","-812","521","3783062","-12041376","45967","31437","-165","25445","284"
"78952.970","58664","26995","20777","250","-262","-54","-932","520","3783009","-12041600","45987","31439","-182","25442","280"
"78953.970","58654","26995","20769","248","-263","-109","-870","521","3782956","-12041824","46006","31440","-187","25440","277"
"78954.970","58641","26995","20759","245","-263","-135","-817","520","3782903","-12042048","46023","31442","-189","25439","273"
"78955.970","58633","26996","20752","243","-265","-144","-843","520","3782849","-12042272","46038","31444","-188","25435","268"
"78956.970","58622","26993","20755","250","-263","-155","-897","521","3782796","-12042497","46052","31443","-199","25434","257"
"78957.970","58614","26992","20756","253","-263","-168","-873","521","3782742","-12042721","46064","31443","-219","25432","240"
"78958.970","58615","26989","20770","265","-257","-143","-843","521","3782688","-12042944","46075","31439","-242","25426","221"
"78959.970","58614","26988","20774","265","-263","-143","-877","522","3782634","-12043167","46082","31438","-274","25422","207"
"78960.970","58626","26987","20772","258","-272","-118","-751","522","3782581","-12043392","46084","31435","-305","25415","192"
"78961.970","58637","26988","20777","255","-271","-83","-822","521","3782526","-12043617","46079","31434","-380","25390","179"
"78962.970","58652","26989","20784","250","-274","-89","-824","521","3782472","-12043841","46066","31434","-448","25374","172"
"78963.970","58671","26991","20791","246","-277","-79","-953","522","3782417","-12044063","46046","31433","-499","25354","164"
"78964.970","58691","26993","20799","241","-278","-81","-769","522","3782361","-12044287","46020","31432","-518","25336","155"
"78965.970","58711","26996","20809","235","-275","-95","-1006","521","3782305","-12044509","45988","31433","-426","25318","147"
"78966.970","58733","26999","20823","233","-271","-61","-871","520","3782248","-12044734","45950","31432","-355","25307","138"
"78967.970","58764","27002","20832","223","-267","-80","-968","519","3782191","-12044957","45911","31432","-318","25294","142"
"78968.970","58798","27006","20840","215","-262","-80","-946","518","3782134","-12045181","45868","31431","-211","25288","165"
"78969.970","58818","27009","20848","212","-263","-67","-852","517","3782076","-12045403","45835","31431","-177","25283","193"
"78970.970","58830","27011","20854","212","-265","-112","-833","517","3782018","-12045627","45805","31432","-161","25279","220"
"78971.970","58833","27012","20858","215","-265","-148","-814","517","3781959","-12045851","45780","31432","-129","25277","242"
"78972.970","58832","27012","20860","216","-258","-164","-971","517","3781901","-12046073","45761","31433","-103","25275","257"
"78973.970","58823","27012","20860","221","-257","-195","-810","517","3781842","-12046297","45751","31434","-80","25277","267"
"78974.970","58812","27012","20864","230","-252","-183","-959","518","3781785","-12046521","45750","31435","-35","25278","271"
"78975.970","58802","27011","20863","235","-252","-113","-1038","519","3781726","-12046745","45758","31436","-14","25283","269"
"78976.970","58789","27011","20858","235","-249","-79","-940","518","3781668","-12046967","45773","31438","-20","25286","267"
"78977.970","58782","27010","20851","231","-240","-57","-855","517","3781610","-12047190","45792","31437","10","25285","263"
"78978.970","58773","27008","20844","229","-241","-26","-900","516","3781552","-12047413","45814","31438","26","25291","259"
"78979.970","58766","27007","20842","232","-238","22","-918","517","3781495","-12047637","45835","31437","22","25294","256"
"78980.970","58760","27006","20843","236","-234","61","-910","517","3781437","-12047862","45848","31437","38","25298","252"
"78981.970","58751","27006","20841","237","-231","57","-911","516","3781379","-12048083","45859","31438","52","25304","249"
"78982.970","58750","27005","20834","231","-229","39","-1267","516","3781322","-12048308","45869","31437","59","25310","246"
"78983.970","58745","27004","20827","227","-230","34","-1106","515","3781265","-12048532","45877","31437","54","25317","243"
"78984.970","58743","27004","20821","223","-230","-7","-822","515","3781208","-12048756","45883","31437","60","25322","240"
"78985.970","58743","27006","20818","224","-236","-64","-892","515","3781151","-12048980","45887","31439","58","25330","238"
"78986.970","58738","27008","20823","231","-238","-90","-932","517","3781095","-12049202","45891","31442","32","25337","235"
"78987.970","58740","27008","20825","234","-236","-119","-880","516","3781039","-12049427","45892","31442","12","25338","233"
"78988.970","58742","27009","20825","234","-232","-138","-845","516","3780983","-12049651","45893","31443","39","25345","238"
"78989.970","58742","27010","20826","236","-230","-154","-1047","515","3780927","-12049874","45894","31444","29","25349","243"
"78990.970","58740","27011","20822","235","-230","-148","-1014","516","3780872","-12050096","45896","31445","12","25353","248"
"78991.970","58739","27012","20819","235","-228","-159","-825","516","3780816","-12050320","45900","31446","-7","25356","253"
"78992.970","58737","27012","20812","233","-231","-152","-826","516","3780760","-12050545","45905","31448","-20","25359","258"
"78993.970","58727","27012","20806","231","-231","-149","-773","515","3780705","-12050769","45911","31449","-24","25362","263"
"78994.970","58723","27012","20797","228","-230","-120","-905","515","3780649","-12050993","45920","31450","-22","25365","266"
"78995.970","58716","27011","20786","222","-229","-71","-1018","515","3780595","-12051217","45930","31450","-33","25367","268"
"78996.970","58707","27009","20776","216","-226","-28","-1051","514","3780540","-12051440","45941","31449","-47","25367","263"
"78997.970","58698","27008","20768","212","-227","27","-940","514","3780484","-12051662","45951","31448","-44","25368","255"
"78998.970","58689","27006","20760","208","-229","74","-906","513","3780430","-12051888","45960","31448","-43","25369","248"
"78999.970","58686","27005","20753","200","-226","119","-861","512","3780375","-12052111","45967","31447","-36","25372","240"
"79000.970","58681","27005","20749","195","-225","133","-881","512","3780320","-12052335","45973","31447","-23","25375","233"
"79001.970","58681","27004","20747","191","-224","105","-939","511","3780266","-12052558","45977","31446","-27","25376","228"
"79002.970","58686","27003","20747","188","-225","81","-844","511","3780211","-12052782","45978","31445","-30","25377","223"
"79003.970","58687","27003","20749","186","-224","34","-826","511","3780156","-12053006","45976","31444","-31","25381","221"
"79004.970","58690","27003","20753","187","-227","-3","-831","512","3780101","-12053228","45972","31444","-37","25384","219"
"79005.970","58693","27003","20758","188","-226","-43","-1227","511","3780047","-12053453","45967","31444","-44","25383","219"
"79006.970","58701","27004","20760","186","-226","-65","-907","511","3779993","-12053676","45960","31444","-47","25388","218"
"79007.970","58705","27004","20760","181","-226","-61","-1302","509","3779938","-12053901","45952","31443","-51","25386","219"
"79008.970","58710","27004","20756","174","-231","-68","-897","511","3779884","-12054126","45944","31442","-62","25388","220"
"79009.970","58713","27004","20752","166","-233","-31","-737","510","3779830","-12054350","45937","31442","-71","25389","221"
"79010.970","58720","27005","20747","157","-233","-33","-993","510","3779775","-12054575","45930","31442","-74","25387","222"
"79011.970","58725","27006","20748","154","-233","-52","-801","508","3779722","-12054797","45924","31442","-72","25391","226"
"79012.970","58727","27006","20751","154","-233","-97","-1135","509","3779667","-12055023","45919","31442","-78","25388","230"
"79013.970","58727","27006","20751","152","-234","-121","-826","509","3779612","-12055246","45915","31442","-87","25389","233"
"79014.970","58728","27006","20751","151","-235","-147","-906","509","3779559","-12055471","45912","31442","-96","25388","233"
"79015.970","58729","27007","20755","155","-236","-155","-811","509","3779504","-12055695","45909","31442","-95","25386","233"
"79016.970","58730","27007","20765","163","-232","-140","-849","510","3779450","-12055921","45906","31443","-87","25389","233"
"79017.970","58731","27008","20777","173","-229","-84","-918","510","3779396","-12056145","45904","31444","-71","25388","233"
"79018.970","58733","27009","20791","187","-228","-50","-828","511","3779341","-12056368","45902","31444","-79","25389","233"
"79019.970","58734","27010","20799","194","-223","-35","-940","511","3779287","-12056594","45900","31445","-92","25385","233"
"79020.970","58734","27010","20797","192","-221","-18","-884","512","3779233","-12056817","45898","31446","-104","25387","233"
"79021.970","58735","27010","20786","182","-225","-22","-935","511","3779178","-12057041","45897","31445","-101","25382","232"
"79022.970","58731","27010","20777","173","-226","0","-1107","510","3779124","-12057266","45895","31446","-78","25384","233"
"79023.970","58733","27010","20775","172","-231","13","-1114","511","3779070","-12057491","45894","31445","-85","25386","232"
"79024.970","58732","27010","20772","168","-227","40","-913","510","3779015","-12057715","45893","31445","-81","25384","231"
"79025.970","58733","27010","20774","169","-223","46","-840","509","3778961","-12057939","45892","31445","-76","25384","230"
"79026.970","58734","27010","20771","164","-221","54","-857","508","3778906","-12058165","45890","31445","-85","25382","230"
"79027.970","58735","27011","20769","161","-221","39","-832","508","3778852","-12058389","45889","31446","-91","25382","230"
"79028.970","58738","27011","20770","162","-221","15","-864","509","3778797","-12058612","45887","31446","-83","25382","230"
"79029.970","58739","27012","20775","166","-219","-31","-841","509","3778743","-12058837","45886","31447","-82","25384","230"
"79030.970","58738","27013","20781","171","-218","-73","-961","509","3778689","-12059062","45884","31448","-77","25380","231"
"79031.970","58741","27013","20782","172","-215","-111","-997","508","3778634","-12059285","45881","31448","-88","25381","231"
"79032.970","58744","27014","20785","173","-209","-137","-820","507","3778579","-12059510","45879","31449","-96","25380","230"
"79033.970","58747","27016","20787","174","-206","-178","-821","507","3778525","-12059735","45876","31450","-99","25377","231"
"79034.970","58749","27016","20792","179","-205","-173","-919","508","3778471","-12059960","45873","31450","-98","25374","232"
"79035.970","58751","27016","20793","179","-203","-153","-940","508","3778416","-12060182","45870","31450","-96","25373","232"
"79036.970","58751","27017","20791","176","-201","-136","-805","507","3778362","-12060406","45867","31451","-106","25375","230"
"79037.970","58756","27017","20789","173","-198","-117","-776","507","3778307","-12060631","45864","31450","-96","25372","231"
"79038.970","58755","27018","20788","171","-197","-69","-1118","506","3778252","-12060855","45861","31451","-94","25368","231"
"79039.970","58759","27017","20790","172","-199","-32","-1058","506","3778197","-12061080","45859","31450","-97","25370","231"
"79040.970","58757","27017","20796","179","-202","20","-1026","508","3778143","-12061304","45857","31450","-101","25370","230"
"79041.970","58757","27018","20800","183","-206","63","-842","508","3778088","-12061530","45855","31451","-66","25370","231"
"79042.970","58759","27018","20793","175","-209","69","-913","508","3778034","-12061753","45854","31451","-82","25375","232"
"79043.970","58762","27018","20787","170","-216","79","-971","509","3777978","-12061977","45853","31450","-101","25372","232"
"79044.970","58759","27018","20788","170","-217","86","-884","509","3777924","-12062201","45853","31451","-97","25372","232"
"79045.970","58757","27019","20796","176","-215","104","-753","508","3777869","-12062426","45853","31452","-103","25372","231"
"79046.970","58759","27020","20809","185","-207","120","-799","510","3777815","-12062651","45852","31453","-104","25368","230"
"79047.970","58757","27020","20811","185","-201","96","-1067","508","3777760","-12062875","45852","31454","-103","25365","231"
"79048.970","58754","27021","20804","176","-195","48","-781","506","3777705","-12063099","45852","31455","-102","25362","230"
"79049.970","58760","27022","20802","171","-192","1","-963","505","3777650","-12063324","45851","31455","-103","25361","230"
"79050.970","58758","27022","20796","166","-194","-34","-984","505","3777594","-12063549","45850","31456","-98","25358","230"
"79051.970","58760","27023","20792","161","-197","-47","-918","506","3777540","-12063772","45849","31456","-103","25359","230"
"79052.970","58762","27023","20800","169","-201","-58","-918","505","3777485","-12063996","45847","31456","-104","25357","229"
"79053.970","58760","27024","20806","176","-206","-23","-742","508","3777430","-12064221","45845","31457","-111","25358","228"
"79054.970","58761","27024","20810","180","-211","-14","-841","509","3777375","-12064446","45843","31458","-111","25356","226"
"79055.970","58763","27024","20806","175","-213","-10","-849","508","3777320","-12064670","45840","31458","-89","25356","229"
"79056.970","58767","27025","20796","163","-210","9","-831","507","3777264","-12064892","45838","31457","-94","25357","228"
"79057.970","58768","27025","20792","157","-210","23","-910","506","3777210","-12065119","45836","31457","-91","25353","228"
"79058.970","58769","27026","20790","155","-212","22","-899","506","3777153","-12065341","45835","31458","-99","25354","228"
"79059.970","58769","27026","20786","150","-213","28","-974","506","3777099","-12065567","45833","31458","-94","25353","228"
"79060.970","58771","27026","20792","156","-213","-1","-839","506","3777043","-12065790","45831","31458","-101","25353","228"
"79061.970","58771","27027","20792","155","-217","-13","-898","507","3776988","-12066016","45829","31459","-96","25353","228"
"79062.970","58773","27027","20789","151","-220","-17","-794","507","3776933","-12066239","45827","31459","-95","25355","229"
"79063.970","58778","27028","20788","149","-219","-92","-892","506","3776877","-12066464","45825","31459","-96","25354","230"
"79064.970","58775","27028","20787","147","-223","-82","-975","506","3776822","-12066688","45823","31460","-89","25349","230"
"79065.970","58776","27029","20787","146","-221","-102","-849","506","3776766","-12066913","45821","31461","-70","25353","231"
"79066.970","58777","27030","20787","144","-217","-97","-858","507","3776711","-12067137","45819","31462","-68","25353","231"
"79067.970","58783","27030","20785","142","-219","-97","-886","505","3776656","-12067360","45817","31461","-77","25353","231"
"79068.970","58782","27031","20780","136","-218","-109","-993","505","3776601","-12067585","45815","31462","-83","25352","231"
"79069.970","58781","27031","20779","134","-220","-56","-816","505","3776545","-12067810","45814","31462","-75","25352","231"
"79070.970","58781","27031","20779","133","-221","-31","-1050","506","3776490","-12068035","45812","31462","-76","25356","231"
"79071.970","58786","27031","20780","131","-215","-40","-752","505","3776435","-12068259","45810","31462","-69","25351","232"
"79072.970","58786","27032","20776","126","-218","-58","-848","505","3776379","-12068484","45809","31463","-66","25355","233"
"79073.970","58784","27032","20779","128","-217","-60","-937","505","3776324","-12068708","45808","31463","-77","25353","233"
"79074.970","58786","27032","20781","126","-210","-31","-1019","504","3776268","-12068931","45807","31462","-75","25353","232"
"79075.970","58788","27032","20779","121","-207","-12","-775","501","3776213","-12069158","45806","31462","-77","25351","232"
"79076.970","58787","27032","20773","115","-209","-4","-911","501","3776158","-12069380","45805","31463","-70","25351","234"
"79077.970","58787","27032","20773","113","-207","21","-1032","502","3776103","-12069605","45804","31463","-83","25353","234"
"79078.970","58788","27032","20775","115","-210","10","-923","503","3776048","-12069831","45804","31462","-89","25350","234"
"79079.970","58786","27032","20771","108","-206","-9","-917","502","3775992","-12070055","45804","31463","-95","25349","234"
"79080.970","58788","27032","20768","104","-206","-39","-813","501","3775937","-12070280","45804","31463","-109","25347","234"
"79081.970","58786","27032","20771","106","-206","-39","-835","501","3775881","-12070504","45804","31463","-116","25343","233"
"79082.970","58787","27033","20771","106","-209","-24","-916","500","3775825","-12070727","45803","31464","-81","25345","232"
"79083.970","58788","27033","20769","102","-210","-18","-853","502","3775770","-12070954","45803","31464","-81","25347","232"
"79084.970","58788","27034","20766","96","-205","-6","-919","499","3775715","-12071176","45802","31465","-97","25343","232"
"79085.970","58790","27035","20767","96","-207","14","-1136","500","3775659","-12071403","45801","31466","-92","25341","231"
"79086.970","58789","27035","20775","104","-209","0","-797","500","3775604","-12071625","45800","31466","-97","25343","233"
"79087.970","58790","27036","20783","111","-207","-23","-872","502","3775548","-12071851","45799","31467","-99","25342","233"
"79088.970","58790","27036","20789","116","-205","-48","-936","501","3775493","-12072075","45798","31467","-105","25341","234"
"79089.970","58790","27036","20792","119","-204","-37","-1016","502","3775437","-12072299","45798","31467","-102","25341","234"
"79090.970","58791","27036","20797","123","-202","-13","-802","503","3775382","-12072525","45797","31467","-103","25339","234"
"79091.970","58791","27037","20792","119","-204","-8","-859","503","3775325","-12072749","45797","31468","-106","25337","233"
"79092.970","58790","27036","20792","119","-207","-3","-828","502","3775270","-12072974","45797","31467","-114","25336","234"
"79093.970","58789","27036","20790","116","-205","16","-1008","502","3775214","-12073198","45796","31467","-82","25335","233"
"79094.970","58790","27037","20788","114","-205","18","-833","502","3775158","-12073423","45796","31468","-78","25337","234"
"79095.970","58789","27036","20788","115","-205","76","-844","501","3775103","-12073648","45796","31468","-78","25335","232"
"79096.970","58789","27036","20792","118","-200","123","-804","501","3775047","-12073871","45797","31467","-76","25337","231"
"79097.970","58784","27035","20799","126","-203","175","-902","503","3774991","-12074095","45797","31467","-79","25335","230"
"79098.970","58786","27034","20797","124","-202","165","-1005","501","3774935","-12074321","45798","31466","-78","25336","231"
"79099.970","58783","27033","20798","124","-199","127","-1036","501","3774880","-12074545","45798","31465","-81","25336","230"
"79100.970","58787","27033","20794","121","-203","63","-934","502","3774823","-12074769","45798","31464","-78","25337","230"
"79101.970","58789","27033","20792","120","-203","-6","-880","503","3774768","-12074994","45797","31464","-82","25337","229"
"79102.970","58788","27033","20793","120","-201","-33","-956","501","3774712","-12075219","45796","31464","-79","25336","227"
"79103.970","58794","27033","20789","115","-201","-117","-893","500","3774656","-12075441","45794","31463","-86","25333","227"
"79104.970","58793","27034","20790","116","-201","-180","-893","502","3774600","-12075668","45791","31464","-69","25335","227"
"79105.970","58795","27035","20787","112","-200","-215","-895","499","3774545","-12075890","45788","31465","-63","25337","227"
"79106.970","58798","27037","20787","111","-198","-239","-921","500","3774489","-12076115","45784","31467","-62","25333","228"
"79107.970","58802","27038","20788","110","-198","-205","-816","500","3774434","-12076339","45780","31467","-68","25336","228"
"79108.970","58803","27039","20782","104","-202","-150","-797","501","3774378","-12076564","45776","31468","-56","25338","229"
"79109.970","58807","27039","20775","97","-205","-117","-824","500","3774322","-12076789","45773","31468","-52","25339","230"
"79110.970","58808","27040","20768","89","-207","-177","-749","498","3774267","-12077013","45770","31469","-54","25338","233"
"79111.970","58805","27044","20757","82","-225","-138","-1117","502","3774210","-12077237","45768","31474","-66","25346","235"
"79112.970","58808","27042","20762","84","-215","-35","-835","501","3774155","-12077463","45767","31471","-68","25345","235"
"79113.970","58808","27037","20771","86","-195","-30","-882","498","3774099","-12077687","45767","31465","-75","25338","235"
"79114.970","58808","27035","20768","83","-193","-70","-860","498","3774044","-12077912","45767","31464","-88","25337","239"
"79115.970","58809","27035","20764","78","-193","-54","-945","497","3773988","-12078137","45768","31463","-96","25337","237"
"79116.970","58804","27037","20762","77","-195","-58","-1254","498","3773933","-12078362","45769","31466","-102","25337","237"
"79117.970","58804","27037","20760","73","-195","-22","-863","498","3773877","-12078585","45770","31466","-94","25335","236"
"79118.970","58801","27035","20768","79","-188","58","-886","495","3773822","-12078811","45771","31464","-99","25332","235"
"79119.970","58803","27034","20766","77","-191","39","-955","494","3773766","-12079035","45772","31463","-97","25333","234"
"79120.970","58802","27034","20765","77","-196","70","-853","496","3773710","-12079260","45773","31463","-101","25332","233"
"79121.970","58797","27034","20770","78","-191","121","-804","495","3773655","-12079484","45774","31463","-103","25332","232"
"79122.970","58798","27033","20776","82","-186","98","-960","496","3773599","-12079709","45774","31462","-101","25330","232"
"79123.970","58798","27035","20771","80","-196","89","-947","496","3773544","-12079933","45775","31464","-102","25329","230"
"79124.970","58796","27036","20762","72","-207","109","-874","499","3773488","-12080159","45775","31466","-104","25332","229"
"79125.970","58798","27034","20775","81","-197","111","-948","498","3773432","-12080382","45774","31463","-94","25330","228"
"79126.970","58798","27032","20779","83","-191","79","-887","496","3773376","-12080606","45774","31461","-88","25330","229"
"79127.970","58797","27033","20774","76","-190","33","-1142","495","3773320","-12080831","45773","31462","-82","25328","230"
"79128.970","58796","27033","20773","74","-187","65","-1154","496","3773264","-12081055","45772","31462","-85","25325","229"
"79129.970","58802","27033","20768","70","-190","32","-762","496","3773208","-12081282","45770","31462","-92","25326","229"
"79130.970","58802","27035","20759","62","-198","12","-946","497","3773153","-12081504","45769","31464","-90","25323","229"
"79131.970","58799","27035","20755","58","-201","-21","-1018","497","3773097","-12081729","45767","31464","-85","25326","230"
"79132.970","58801","27037","20742","46","-206","12","-954","497","3773041","-12081954","45765","31466","-83","25326","228"
"79133.970","58807","27038","20740","42","-207","73","-981","496","3772984","-12082180","45763","31466","-82","25326","228"
"79134.970","58806","27035","20747","46","-201","95","-896","496","3772929","-12082404","45763","31464","-83","25324","227"
"79135.970","58804","27036","20739","38","-205","53","-784","497","3772873","-12082627","45763","31464","-77","25324","229"
"79136.970","58806","27036","20737","34","-203","60","-938","497","3772817","-12082853","45763","31464","-88","25325","230"
"79137.970","58811","27036","20735","32","-204","52","-858","496","3772761","-12083078","45763","31464","-88","25324","230"
"79138.970","58810","27035","20742","38","-201","30","-892","496","3772704","-12083303","45764","31462","-86","25322","230"
"79139.970","58807","27033","20746","42","-202","-25","-973","496","3772648","-12083527","45764","31461","-88","25322","232"
"79140.970","58810","27034","20741","39","-207","-115","-861","496","3772593","-12083751","45764","31461","-95","25324","233"
"79141.970","58808","27036","20733","31","-209","-98","-878","497","3772537","-12083976","45763","31464","-103","25321","229"
"79142.970","58810","27037","20733","34","-222","-75","-975","500","3772480","-12084198","45762","31465","-95","25325","228"
"79143.970","58813","27034","20743","44","-224","-17","-799","501","3772424","-12084426","45760","31461","-94","25325","227"
"79144.970","58812","27033","20748","48","-226","-16","-935","501","3772368","-12084648","45759","31460","-101","25324","228"
"79145.970","58817","27033","20743","44","-229","-53","-927","501","3772312","-12084874","45758","31459","-94","25324","229"
"79146.970","58818","27033","20738","38","-233","-63","-1057","502","3772256","-12085098","45756","31459","-74","25324","231"
"79147.970","58819","27034","20736","37","-237","-67","-864","502","3772199","-12085323","45755","31460","-77","25326","231"
"79148.970","58818","27034","20735","35","-241","-31","-849","502","3772143","-12085547","45755","31460","-94","25325","231"
"79149.970","58819","27034","20727","27","-243","-69","-951","503","3772087","-12085772","45755","31460","-98","25323","232"
"79150.970","58819","27036","20720","17","-244","-116","-803","503","3772031","-12085997","45754","31462","-85","25324","232"
"79151.970","58820","27036","20721","18","-248","-121","-805","503","3771975","-12086221","45753","31463","-74","25325","232"
"79152.970","58823","27035","20725","22","-253","-100","-1014","504","3771918","-12086446","45751","31461","-79","25328","230"
"79153.970","58824","27034","20724","18","-249","-135","-1224","504","3771862","-12086669","45750","31459","-90","25325","230"
"79154.970","58825","27032","20732","24","-250","-166","-926","504","3771806","-12086895","45748","31457","-88","25326","229"
"79155.970","58827","27032","20737","27","-249","-185","-982","505","3771749","-12087119","45746","31457","-72","25328","231"
"79156.970","58829","27030","20756","45","-249","-204","-980","505","3771693","-12087344","45744","31454","-74","25328","231"
"79157.970","58831","27028","20766","54","-248","-238","-841","505","3771693","-12087344","45744","31452","-78","25328","232"
"79158.970","58831","27030","20765","52","-247","-223","-827","504","3771637","-12087568","45742","31454","-81","25328","232"
"79159.970","58831","27030","20772","59","-247","-165","-937","505","3771524","-12088018","45738","31453","-77","25328","231"
"79160.970","58830","27030","20776","63","-248","-124","-905","506","3771524","-12088018","45738","31453","-84","25330","232"
"79161.970","58836","27031","20773","61","-255","-115","-868","506","3771468","-12088243","45736","31454","-94","25328","231"
"79162.970","58837","27033","20769","56","-258","-97","-873","506","3771411","-12088468","45735","31456","-78","25327","231"
"79163.970","58836","27034","20767","55","-264","-129","-869","508","3771355","-12088692","45733","31457","-82","25330","232"
"79164.970","58837","27035","20772","61","-266","-138","-879","508","3771298","-12088917","45732","31459","-69","25328","233"
"79165.970","58839","27035","20773","61","-264","-168","-815","508","3771242","-12089141","45731","31458","-71","25333","234"
"79166.970","58840","27034","20770","58","-266","-180","-955","508","3771186","-12089366","45730","31457","-62","25332","234"
"79167.970","58840","27034","20774","63","-269","-207","-834","509","3771129","-12089591","45729","31457","-69","25334","234"
"79168.970","58841","27034","20782","73","-271","-217","-824","510","3771073","-12089816","45729","31457","-69","25334","234"
"79169.970","58842","27035","20782","76","-278","-208","-1052","510","3771016","-12090040","45729","31457","-80","25337","233"
"79170.970","58841","27036","20779","73","-280","-214","-977","511","3770960","-12090265","45729","31459","-76","25334","233"
"79171.970","58845","27036","20777","73","-280","-225","-1009","511","3770904","-12090491","45728","31458","-76","25339","234"
"79172.970","58845","27035","20781","75","-275","-212","-898","511","3770847","-12090715","45728","31457","-65","25336","234"
"79173.970","58848","27033","20787","78","-265","-218","-766","509","3770791","-12090940","45727","31455","-66","25336","235"
"79174.970","58849","27033","20789","80","-261","-173","-810","507","3770735","-12091164","45727","31454","-69","25334","234"
"79175.970","58848","27033","20790","81","-263","-125","-776","507","3770678","-12091390","45727","31454","-66","25335","233"
"79176.970","58849","27033","20788","81","-268","-87","-826","510","3770622","-12091613","45727","31455","-66","25338","233"
"79177.970","58850","27034","20780","76","-275","-22","-963","510","3770565","-12091838","45727","31455","-86","25338","232"
"79178.970","58854","27034","20772","68","-280","8","-889","510","3770509","-12092063","45728","31455","-89","25338","232"
"79179.970","58851","27035","20760","58","-287","-31","-1004","511","3770453","-12092288","45729","31457","-91","25337","233"
"79180.970","58849","27038","20743","43","-303","-71","-1052","513","3770397","-12092512","45730","31460","-77","25341","234"
"79181.970","58851","27043","20740","41","-306","-110","-884","514","3770340","-12092737","45730","31466","-71","25341","233"
"79182.970","58850","27044","20747","46","-302","-98","-928","513","3770284","-12092961","45731","31467","-93","25338","232"
"79183.970","58849","27044","20751","49","-304","-110","-983","514","3770228","-12093187","45731","31467","-86","25337","231"
"79184.970","58852","27045","20755","52","-303","-117","-778","512","3770171","-12093410","45731","31469","-76","25339","232"
"79185.970","58852","27046","20757","54","-307","-127","-793","513","3770115","-12093637","45730","31469","-77","25342","231"
"79186.970","58852","27046","20759","56","-313","-127","-850","515","3770059","-12093861","45729","31469","-77","25342","231"
"79187.970","58855","27045","20759","54","-315","-96","-1109","515","3770002","-12094085","45728","31467","-76","25343","231"
"79188.970","58853","27041","20755","50","-319","-74","-864","514","3769946","-12094310","45727","31464","-97","25343","231"
"79189.970","58854","27039","20755","50","-324","-94","-1017","516","3769889","-12094535","45726","31460","-102","25340","230"
"79190.970","58857","27038","20757","49","-323","-116","-836","516","3769832","-12094760","45725","31459","-77","25344","231"
"79191.970","58856","27036","20761","49","-318","-123","-970","515","3769776","-12094983","45724","31457","-76","25342","230"
"79192.970","58856","27035","20764","50","-317","-132","-766","515","3769720","-12095208","45723","31456","-79","25341","231"
"79193.970","58859","27035","20763","47","-321","-168","-884","516","3769663","-12095435","45721","31455","-70","25342","230"
"79194.970","58861","27036","20763","47","-322","-176","-1063","516","3769606","-12095658","45720","31456","-66","25344","229"
"79195.970","58860","27036","20769","51","-325","-158","-835","516","3769550","-12095883","45718","31456","-71","25345","231"
"79196.970","58867","27036","20773","54","-327","-191","-944","517","3769493","-12096109","45716","31456","-87","25344","239"
"79197.970","58864","27038","20770","54","-334","-188","-983","517","3769437","-12096333","45715","31458","206","25361","244"
"79198.970","58859","27040","20774","60","-340","-118","-898","518","3769381","-12096558","45715","31461","337","25384","234"
"79199.970","58858","27043","20775","62","-344","-79","-870","518","3769324","-12096782","45715","31465","453","25409","234"
"79200.970","58859","27045","20777","69","-353","-40","-953","520","3769269","-12097007","45716","31467","605","25449","233"
"79201.970","58863","27049","20776","70","-360","-31","-886","521","3769214","-12097235","45716","31471","742","25490","233"
"79202.970","58860","27052","20767","64","-369","-14","-904","522","3769161","-12097460","45716","31475","866","25537","234"
"79203.970","58862","27054","20765","62","-369","-28","-812","522","3769108","-12097687","45716","31477","858","25581","237"
"79204.970","58862","27054","20765","62","-365","-11","-920","521","3769058","-12097914","45717","31477","821","25625","240"
"79205.970","58859","27054","20760","58","-363","-17","-903","522","3769008","-12098139","45719","31477","783","25660","243"
"79206.970","58855","27054","20753","54","-366","-27","-818","522","3768960","-12098367","45722","31479","734","25701","248"
"79207.970","58851","27055","20746","50","-369","-26","-963","522","3768912","-12098596","45726","31480","666","25736","251"
"79208.970","58848","27053","20740","49","-373","-22","-906","522","3768867","-12098825","45732","31478","598","25767","254"
"79209.970","58842","27052","20735","48","-372","-3","-1056","522","3768823","-12099053","45739","31478","541","25794","257"
"79210.970","58837","27050","20729","47","-371","-10","-770","521","3768779","-12099282","45748","31477","482","25818","262"
"79211.970","58829","27048","20721","43","-371","-22","-979","522","3768737","-12099510","45760","31475","436","25845","268"
"79212.970","58818","27045","20715","42","-364","-18","-970","521","3768694","-12099741","45774","31473","411","25866","276"
"79213.970","58807","27043","20706","37","-357","-33","-1035","520","3768654","-12099971","45790","31472","392","25886","284"
"79214.970","58791","27038","20702","38","-343","-66","-1003","518","3768614","-12100199","45808","31469","375","25906","289"
"79215.970","58776","27034","20696","40","-335","-112","-891","517","3768575","-12100430","45828","31467","325","25920","288"
"79216.970","58767","27031","20683","34","-331","-170","-887","517","3768536","-12100659","45848","31465","291","25936","300"
"79217.970","58746","27029","20669","29","-330","-207","-909","517","3768498","-12100889","45870","31466","257","25953","307"
"79218.970","58728","27030","20646","18","-340","-259","-1169","518","3768460","-12101119","45894","31470","215","25969","310"
"79219.970","58710","27029","20627","10","-350","-246","-987","519","3768423","-12101349","45920","31471","189","25983","312"
"79220.970","58690","27028","20611","5","-352","-266","-910","519","3768387","-12101579","45946","31473","134","25993","311"
"79221.970","58671","27026","20593","-3","-355","-302","-916","519","3768351","-12101808","45973","31474","2","25995","313"
"79222.970","58656","27024","20576","-11","-356","-344","-824","519","3768315","-12102037","46000","31473","-260","25985","317"
"79223.970","58636","27022","20562","-14","-361","-318","-774","521","3768279","-12102269","46027","31474","-279","25972","324"
"79224.970","58610","27018","20555","-10","-366","-264","-978","520","3768244","-12102497","46055","31474","-131","25972","301"
"79225.970","58598","27017","20547","-11","-360","-231","-740","520","3768207","-12102726","46082","31475","-144","25970","301"
"79226.970","58581","27016","20536","-15","-353","-238","-798","518","3768171","-12102956","46107","31475","-108","25964","309"
"79227.970","58562","27013","20530","-15","-353","-280","-952","518","3768134","-12103184","46130","31475","-122","25964","303"
"79228.970","58542","27010","20528","-12","-352","-276","-1097","519","3768099","-12103414","46153","31474","-108","25963","285"
"79229.970","58529","27007","20525","-13","-352","-229","-975","519","3768062","-12103643","46174","31474","-83","25962","268"
"79230.970","58520","27006","20524","-16","-353","-180","-1064","519","3768025","-12103872","46193","31474","-117","25964","249"
"79231.970","58520","27005","20524","-22","-352","-199","-870","519","3767989","-12104102","46210","31472","-124","25962","241"
"79232.970","58526","27005","20524","-28","-347","-165","-788","519","3767952","-12104329","46224","31472","-11","25962","247"
"79233.970","58524","27004","20529","-28","-345","-134","-955","518","3767916","-12104559","46231","31471","-6","25968","243"
"79234.970","58519","27002","20541","-22","-343","-96","-776","518","3767879","-12104787","46232","31469","-62","25966","228"
"79235.970","58519","27002","20548","-24","-341","-114","-928","517","3767842","-12105016","46229","31468","-164","25960","212"
"79236.970","58532","27003","20553","-30","-334","-132","-962","517","3767806","-12105246","46220","31468","-198","25954","215"
"79237.970","58529","27000","20552","-27","-320","-157","-811","515","3767770","-12105475","46208","31465","-224","25946","210"
"79238.970","58521","26997","20519","-14","-301","-164","-710","512","3767732","-12105703","46197","31463","-193","25937","179"
"79239.970","58539","26999","20458","-11","-290","-195","-725","511","3767695","-12105932","46182","31462","-188","25930","169"
"79240.970","58570","27004","20376","-26","-287","-211","-960","511","3767659","-12106160","46154","31464","-95","25925","177"
"79241.970","58590","27008","20303","-28","-288","-210","-974","511","3767621","-12106389","46122","31465","-140","25923","184"
"79242.970","58600","27009","20241","-20","-294","-179","-861","512","3767584","-12106615","46087","31464","46","25929","167"
"79243.970","58620","27009","20184","-10","-296","-163","-927","511","3767548","-12106841","46050","31462","42","25938","147"
"79244.970","58646","27011","20124","-10","-290","-220","-922","511","3767511","-12107065","46014","31460","21","25938","126"
"79245.970","58680","27012","20067","-6","-292","-261","-853","511","3767474","-12107290","45976","31456","-24","25942","122"
"79246.970","58716","27013","20003","-3","-289","-244","-977","510","3767437","-12107513","45934","31451","2","25943","124"
"79247.970","58749","27015","19942","3","-297","-156","-849","512","3767402","-12107735","45885","31449","-10","25951","106"
"79248.970","58784","27018","19890","12","-298","-121","-835","513","3767366","-12107959","45830","31447","-86","25948","62"
"79249.970","58829","27022","19830","5","-298","-111","-780","511","3767330","-12108178","45770","31445","-58","25946","24"
"79250.970","58887","27028","19780","1","-298","-147","-951","512","3767295","-12108400","45701","31443","-124","25944","-10"
"79251.970","58961","27036","19728","-13","-293","-166","-820","511","3767259","-12108619","45621","31441","-53","25943","-34"
"79252.970","59037","27043","19692","-16","-288","-110","-876","510","3767223","-12108838","45529","31438","-18","25943","-68"
"79253.970","59126","27053","19654","-26","-283","-86","-953","510","3767188","-12109058","45426","31436","-80","25941","-73"
"79254.970","59214","27062","19623","-32","-270","-92","-832","509","3767153","-12109276","45314","31432","2","25943","-84"
"79255.970","59303","27071","19601","-29","-263","-58","-833","507","3767118","-12109494","45194","31429","-1","25944","-87"
"79256.970","59398","27080","19580","-28","-249","-85","-844","505","3767083","-12109712","45070","31426","-43","25942","-75"
"79257.970","59487","27088","19559","-20","-245","-129","-933","504","3767048","-12109931","44944","31421","-61","25945","-59"
"79258.970","59568","27091","19541","-8","-240","-122","-952","502","3767013","-12110148","44821","31413","-31","25946","-42"
"79259.970","59648","27092","19506","-9","-247","-161","-861","504","3766979","-12110364","44704","31402","18","25947","-38"
"79260.970","59724","27090","19458","-25","-253","-199","-796","506","3766944","-12110583","44585","31388","-2","25957","-35"
"79261.970","59800","27093","19406","-42","-275","-245","-942","509","3766910","-12110800","44470","31380","-45","25960","-40"
"79262.970","59876","27100","19366","-49","-294","-263","-874","512","3766875","-12111015","44358","31377","10","25966","-48"
"79263.970","59954","27108","19330","-57","-302","-237","-937","514","3766841","-12111231","44248","31375","61","25980","-52"
"79264.970","60033","27117","19299","-60","-314","-201","-865","516","3766808","-12111447","44137","31373","43","25987","-59"
"79265.970","60119","27127","19267","-68","-316","-179","-878","516","3766774","-12111664","44026","31372","-11","25991","-64"
"79266.970","60204","27136","19238","-73","-319","-185","-1014","517","3766740","-12111878","43913","31369","-57","25991","-68"
"79267.970","60291","27145","19214","-74","-325","-200","-941","517","3766707","-12112094","43799","31368","-88","25990","-70"
"79268.970","60382","27154","19180","-86","-328","-210","-793","518","3766674","-12112308","43683","31363","-14","25995","-74"
"79269.970","60466","27158","19132","-113","-337","-179","-786","521","3766640","-12112522","43566","31356","-40","25999","-84"
"79270.970","60558","27159","19102","-131","-312","-146","-894","519","3766607","-12112736","43447","31344","-75","25994","-90"
"79271.970","60650","27158","19092","-130","-277","-155","-851","514","3766574","-12112950","43327","31329","-101","25980","-96"
"79272.970","60744","27165","19060","-149","-269","-134","-967","514","3766541","-12113166","43205","31323","-144","25975","-100"
"79273.970","60845","27167","19035","-163","-260","-51","-817","515","3766508","-12113378","43082","31311","-80","25970","-113"
"79274.970","60939","27170","19059","-129","-252","-39","-1168","510","3766475","-12113591","42957","31300","3","25973","-129"
"79275.970","61045","27175","19083","-97","-232","-78","-931","507","3766442","-12113805","42830","31290","-37","25975","-130"
"79276.970","61146","27171","19110","-57","-240","-79","-984","504","3766409","-12114019","42700","31271","-4","25975","-133"
"79277.970","61248","27178","19110","-42","-261","-106","-835","508","3766376","-12114231","42568","31264","42","25992","-136"
"79278.970","61350","27184","19132","-9","-264","-119","-868","508","3766343","-12114444","42432","31257","125","26006","-145"
"79279.970","61459","27196","19140","8","-257","-166","-859","507","3766311","-12114658","42293","31254","66","26015","-149"
"79280.970","61565","27208","19136","12","-249","-184","-934","505","3766279","-12114869","42152","31253","8","26016","-154"
"79281.970","61673","27221","19143","29","-249","-228","-950","506","3766247","-12115082","42009","31251","-25","26018","-162"
"79282.970","61782","27233","19157","50","-250","-214","-881","507","3766215","-12115296","41865","31250","-23","26019","-168"
"79283.970","61896","27246","19162","62","-250","-228","-920","508","3766184","-12115509","41719","31249","-82","26020","-171"
"79284.970","62011","27259","19169","77","-250","-264","-833","508","3766152","-12115721","41571","31247","-46","26024","-165"
"79285.970","62124","27267","19205","119","-237","-233","-793","508","3766121","-12115934","41421","31240","37","26026","-175"
"79286.970","62239","27275","19232","157","-250","-251","-930","514","3766089","-12116146","41272","31233","-40","26036","-175"
"79287.970","62357","27279","19269","197","-219","-281","-755","512","3766057","-12116358","41122","31220","-101","26030","-174"
"79288.970","62470","27278","19305","245","-209","-349","-873","516","3766026","-12116570","40972","31203","-54","26021","-165"
"79289.970","62587","27283","19309","264","-210","-347","-927","518","3765995","-12116783","40824","31192","-44","26034","-122"
"79290.970","62694","27282","19314","284","-181","-312","-786","520","3765963","-12116994","40677","31176","-45","26028","-89"
"79291.970","62792","27294","19278","274","-188","-275","-953","519","3765932","-12117205","40533","31175","-52","26029","-79"
"79292.970","62879","27303","19219","246","-211","-257","-824","518","3765901","-12117417","40394","31173","-92","26030","-49"
"79293.970","62965","27311","19174","233","-221","-303","-835","517","3765870","-12117629","40263","31171","-107","26030","-26"
"79294.970","63043","27317","19157","249","-213","-320","-735","520","3765838","-12117840","40144","31166","-155","26030","-5"
"79295.970","63116","27328","19096","225","-219","-433","-740","518","3765807","-12118050","40039","31168","-223","26015","18"
"79296.970","63182","27339","19058","231","-257","-275","-795","519","3765776","-12118260","39947","31171","-165","26009","26"
"79297.970","63251","27350","19019","224","-228","-356","-763","517","3765745","-12118470","39865","31174","-153","26019","40"
"79298.970","63317","27361","18963","213","-247","-319","-722","517","3765714","-12118680","39790","31177","-198","26007","53"
"79299.970","63378","27367","18959","244","-222","-176","-1046","517","3765682","-12118890","39720","31176","-230","25995","59"
"79300.970","63433","27374","18940","269","-223","-110","-785","521","3765650","-12119098","39654","31176","-287","25987","67"
"79301.970","63489","27382","18913","283","-204","-254","-749","521","3765618","-12119305","39592","31177","-321","25972","78"
"79302.970","63542","27390","18873","287","-194","-117","-981","521","3765586","-12119513","39533","31179","-337","25948","86"
"79303.970","63592","27403","18816","279","-215","-20","-784","521","3765554","-12119722","39476","31187","-320","25940","92"
"79304.970","63638","27413","18769","279","-219","-89","-1000","522","3765521","-12119928","39417","31191","-323","25930","101"
"79305.970","63684","27418","18729","287","-227","-154","-835","525","3765488","-12120133","39361","31191","-324","25923","108"
"79306.970","63731","27422","18705","312","-230","-175","-856","527","3765455","-12120339","39307","31188","-166","25916","115"
"79307.970","63775","27420","18693","345","-216","-161","-794","528","3765421","-12120542","39257","31181","-149","25920","123"
"79308.970","63814","27421","18659","357","-199","-175","-884","528","3765387","-12120747","39210","31176","-168","25905","132"
"79309.970","63853","27413","18629","372","-174","-67","-1109","527","3765354","-12120949","39166","31162","-189","25899","140"
"79310.970","63891","27413","18606","396","-161","-49","-868","529","3765320","-12121153","39122","31157","-184","25886","148"
"79311.970","63926","27421","18552","395","-164","-107","-800","530","3765286","-12121354","39079","31160","-71","25891","163"
"79312.970","63959","27428","18501","395","-158","-53","-833","530","3765253","-12121557","39037","31164","-65","25890","171"
"79313.970","63988","27438","18445","392","-156","-174","-809","529","3765218","-12121758","38998","31171","-79","25892","184"
"79314.970","64015","27447","18404","404","-146","-142","-825","530","3765185","-12121958","38962","31177","-83","25888","186"
"79315.970","64041","27454","18343","403","-171","-111","-823","530","3765152","-12122158","38930","31181","-123","25894","187"
"79316.970","64066","27460","18292","407","-180","-100","-649","533","3765118","-12122357","38900","31186","-152","25885","187"
"79317.970","64087","27473","18205","379","-214","-227","-690","531","3765085","-12122555","38869","31197","-44","25895","184"
"79318.970","64120","27464","18202","425","-200","-38","-794","538","3765051","-12122753","38836","31183","54","25904","174"
"79319.970","64146","27475","18154","426","-195","-48","-720","535","3765019","-12122952","38803","31191","58","25910","178"
"79320.970","64181","27483","18108","428","-187","-128","-622","534","3764986","-12123147","38769","31195","45","25918","180"
"79321.970","64205","27478","18083","463","-243","57","-797","541","3764953","-12123344","38734","31186","-35","25931","171"
"79322.970","64235","27488","18008","437","-258","-87","-669","537","3764921","-12123540","38699","31193","-58","25942","184"
"79323.970","64261","27514","17869","337","-232","-267","-613","526","3764889","-12123736","38664","31219","-13","25931","183"
"79324.970","64295","27503","17880","399","-246","-296","-726","537","3764856","-12123931","38627","31202","-25","25936","179"
"79325.970","64328","27495","17903","465","-231","-241","-806","538","3764824","-12124124","38590","31189","-49","25947","185"
"79326.970","64353","27502","17830","439","-242","-310","-826","537","3764793","-12124317","38552","31193","-57","25943","181"
"79327.970","64382","27498","17824","472","-217","-238","-807","536","3764761","-12124513","38514","31184","-110","25946","167"
"79328.970","64418","27506","17783","473","-225","-271","-925","540","3764730","-12124707","38473","31189","-134","25935","146"
"79329.970","64458","27510","17783","506","-201","-435","-769","541","3764699","-12124898","38432","31188","-156","25934","147"
"79330.970","64497","27506","17753","513","-196","-564","-741","541","3764666","-12125091","38388","31178","-193","25919","137"
"79331.970","64547","27496","17780","572","-175","-521","-718","547","3764635","-12125281","38342","31159","-182","25915","128"
"79332.970","64594","27502","17752","583","-192","-488","-858","546","3764604","-12125473","38292","31160","-101","25911","120"
"79333.970","64637","27498","17753","612","-175","-466","-683","546","3764573","-12125663","38237","31150","-100","25916","107"
"79334.970","64689","27516","17690","585","-207","-406","-673","547","3764541","-12125853","38176","31163","-74","25919","107"
"79335.970","64747","27510","17702","635","-253","-323","-732","553","3764509","-12126043","38111","31148","-93","25934","91"
"79336.970","64800","27508","17680","637","-239","-571","-639","550","3764478","-12126232","38041","31138","-176","25937","97"
"79337.970","64859","27527","17644","615","-180","-217","-588","550","3764446","-12126422","37970","31152","-171","25909","93"
"79338.970","64905","27536","17606","606","-219","142","-668","549","3764415","-12126612","37897","31155","-102","25904","67"
"79339.970","64956","27528","17623","646","-210","-508","-743","552","3764383","-12126799","37826","31139","-162","25932","74"
"79340.970","65017","27529","17617","650","-163","496","-756","550","3764351","-12126989","37754","31132","-134","25894","56"
"79341.970","65066","27566","17521","575","-191","343","-710","545","3764319","-12127177","37681","31168","-108","25898","28"
"79342.970","65136","27569","17527","602","-197","-343","-712","545","3764288","-12127364","37606","31161","90","25903","42"
"79343.970","65205","27576","17483","585","-256","-368","-536","549","3764256","-12127552","37529","31159","-1","25941","38"
"79344.970","65281","27556","17576","683","-187","-604","-816","551","3764225","-12127739","37450","31126","1","25935","51"
"79345.970","65348","27558","17548","665","-164","-89","-786","552","3764194","-12127927","37366","31119","101","25929","38"
"79346.970","65414","27569","17547","676","-155","160","-720","551","3764162","-12128116","37280","31124","120","25948","21"
"79347.970","65479","27581","17534","677","-157","87","-979","552","3764132","-12128302","37191","31129","142","25952","31"
"79348.970","65548","27595","17538","696","-160","65","-805","553","3764102","-12128488","37104","31135","121","25971","23"
"79349.970","65618","27601","17546","718","-142","-264","-758","554","3764072","-12128677","37017","31131","93","25978","43"
"79350.970","65684","27609","17527","713","-129","-294","-926","553","3764042","-12128864","36931","31132","111","25983","49"
"79351.970","65750","27615","17533","730","-93","-287","-824","554","3764013","-12129052","36847","31130","120","25986","56"
"79352.970","65814","27620","17501","716","-93","-266","-884","554","3763984","-12129238","36765","31126","82","25994","56"
"79353.970","65882","27625","17486","714","-60","-417","-769","553","3763955","-12129426","36684","31123","69","25992","69"
"79354.970","65946","27627","17459","710","-73","-290","-842","553","3763928","-12129612","36605","31117","13","25998","72"
"79355.970","66006","27634","17427","697","-86","-27","-1017","552","3763899","-12129797","36528","31117","-36","26007","68"
"79356.970","66066","27642","17430","720","-90","-156","-978","555","3763871","-12129984","36453","31117","-28","26003","71"
"79357.970","66124","27643","17409","722","-104","-242","-906","555","3763843","-12130171","36379","31111","-20","26024","82"
"79358.970","66180","27650","17383","719","-117","-234","-926","554","3763816","-12130356","36307","31111","-10","26021","86"
"79359.970","66237","27654","17369","728","-129","-384","-792","555","3763789","-12130542","36236","31108","1","26035","96"
"79360.970","66293","27658","17332","719","-160","-279","-805","554","3763761","-12130727","36166","31105","-4","26052","94"
"79361.970","66348","27663","17334","742","-162","-248","-933","556","3763734","-12130912","36098","31103","16","26058","97"
"79362.970","66401","27667","17314","746","-182","-85","-854","555","3763707","-12131098","36030","31100","21","26072","88"
"79363.970","66456","27671","17293","744","-190","-135","-855","557","3763680","-12131283","35963","31097","6","26082","87"
"79364.970","66510","27670","17273","732","-135","-111","-928","556","3763654","-12131468","35895","31089","-7","26072","84"
"79365.970","66571","27677","17210","692","-163","-230","-812","553","3763627","-12131652","35827","31090","-66","26074","83"
"79366.970","66635","27683","17175","672","-154","-308","-781","552","3763601","-12131835","35757","31088","-67","26077","93"
"79367.970","66691","27691","17200","710","-127","-237","-684","554","3763575","-12132021","35687","31088","-40","26075","95"
"79368.970","66744","27692","17224","753","-125","-385","-726","554","3763549","-12132206","35617","31083","-74","26075","90"
"79369.970","66802","27694","17215","753","-81","-242","-680","556","3763523","-12132388","35546","31078","-65","26068","81"
"79370.970","66858","27694","17204","758","-76","-138","-850","556","3763496","-12132572","35476","31070","-86","26051","86"
"79371.970","66920","27708","17158","735","-110","-173","-630","556","3763471","-12132754","35406","31078","-113","26062","91"
"79372.970","66977","27707","17144","724","-56","120","-634","554","3763445","-12132937","35337","31069","-139","26058","81"
"79373.970","67030","27703","17156","746","-7","-57","-758","557","3763419","-12133121","35268","31057","-148","26030","89"
"79374.970","67094","27713","17171","772","33","44","-671","556","3763393","-12133306","35200","31060","-137","26031","105"
"79375.970","67139","27704","17161","773","81","31","-701","558","3763367","-12133488","35134","31044","-67","26006","106"
"79376.970","67192","27722","17126","767","45","-49","-729","558","3763341","-12133671","35069","31058","-60","26011","128"
"79377.970","67237","27727","17121","789","7","22","-673","557","3763315","-12133853","35007","31057","14","26027","129"
"79378.970","67285","27735","17119","809","11","202","-588","559","3763290","-12134033","34946","31060","-37","26056","141"
"79379.970","67326","27746","17067","785","0","248","-739","560","3763264","-12134215","34888","31066","38","26052","170"
"79380.970","67358","27737","17087","834","4","-161","-650","560","3763239","-12134397","34834","31052","101","26071","206"
"79381.970","67376","27745","17066","840","36","-164","-709","560","3763214","-12134580","34785","31059","187","26079","164"
"79382.970","67417","27757","17021","822","49","-260","-578","562","3763189","-12134760","34740","31067","155","26087","163"
"79383.970","67460","27752","17035","861","70","-94","-624","564","3763165","-12134941","34701","31055","131","26097","180"
"79384.970","67495","27749","16993","846","73","32","-799","562","3763141","-12135121","34666","31047","109","26103","182"
"79385.970","67526","27749","16953","838","53","13","-669","561","3763118","-12135301","34628","31043","67","26120","177"
"79386.970","67565","27753","16918","828","46","707","-666","560","3763095","-12135482","34591","31043","13","26128","169"
"79387.970","67591","27752","16887","818","57","728","-736","561","3763073","-12135662","34554","31039","-28","26125","151"
"79388.970","67626","27774","16822","774","55","896","-790","558","3763050","-12135842","34517","31059","-150","26129","162"
"79389.970","67662","27785","16806","784","25","963","-651","561","3763028","-12136021","34480","31066","-111","26117","157"
"79390.970","67694","27789","16771","767","35","753","-655","559","3763005","-12136200","34442","31066","-128","26122","170"
"79391.970","67722","27798","16752","776","11","445","-610","556","3762983","-12136378","34406","31072","-186","26121","177"
"79392.970","67752","27787","16766","808","45","167","-939","560","3762961","-12136558","34368","31056","-134","26118","153"
"79393.970","67801","27791","16720","783","57","-126","-823","558","3762938","-12136737","34329","31055","-125","26108","167"
"79394.970","67842","27792","16748","830","66","-140","-674","560","3762916","-12136914","34288","31050","-144","26117","169"
"79395.970","67885","27788","16714","798","181","-50","-699","560","3762893","-12137091","34244","31041","-104","26084","184"
"79396.970","67915","27790","16672","779","198","-261","-513","558","3762870","-12137270","34201","31038","-116","26048","210"
"79397.970","67944","27803","16620","763","141","-270","-669","556","3762848","-12137447","34161","31049","-270","26062","206"
"79398.970","67987","27799","16603","747","271","-313","-445","557","3762825","-12137625","34121","31039","-176","26043","219"
"79399.970","68012","27783","16612","782","278","326","-723","562","3762802","-12137801","34083","31017","-227","25993","199"
"79400.970","68038","27805","16570","768","238","521","-694","559","3762779","-12137976","34045","31039","-75","26039","180"
"79401.970","68071","27799","16624","832","285","867","-727","562","3762756","-12138153","34008","31028","-73","26016","161"
"79402.970","68103","27830","16533","775","196","984","-895","559","3762734","-12138330","33971","31058","-91","26039","167"
"79403.970","68136","27864","16484","749","160","708","-666","556","3762711","-12138504","33933","31092","-159","26060","186"
"79404.970","68172","27875","16281","580","59","122","-745","545","3762688","-12138681","33895","31099","-144","26058","213"
"79405.970","68205","27890","16239","551","98","-246","-696","540","3762665","-12138855","33858","31112","-166","26073","228"
"79406.970","68229","27896","16222","551","126","65","-601","539","3762643","-12139032","33821","31115","-22","26052","200"
"79407.970","68256","27902","16192","557","36","-325","-760","541","3762620","-12139206","33785","31119","-92","26092","215"
"79408.970","68303","27909","16164","543","57","-455","-678","544","3762597","-12139380","33748","31121","-176","26071","205"
"79409.970","68334","27915","16028","415","91","-288","-792","534","3762574","-12139555","33709","31123","-135","26059","209"
"79410.970","68364","27910","16070","476","70","-81","-788","538","3762552","-12139730","33668","31114","-41","26040","188"
"79411.970","68410","27921","16070","491","67","-520","-655","538","3762529","-12139901","33626","31120","-159","26068","189"
"79412.970","68453","27883","16222","637","188","-462","-778","550","3762506","-12140076","33582","31072","-98","26054","203"
"79413.970","68490","27894","16208","654","121","-391","-662","553","3762484","-12140251","33536","31079","-40","26046","184"
"79414.970","68535","27889","16274","728","169","-594","-563","557","3762461","-12140425","33489","31068","-78","26067","202"
"79415.970","68569","27863","16380","855","184","-324","-641","563","3762438","-12140596","33444","31035","41","26046","225"
"79416.970","68599","27865","16305","800","195","-629","-647","562","3762416","-12140772","33400","31033","-120","26077","215"
"79417.970","68630","27836","16320","816","300","31","-790","562","3762394","-12140944","33358","30997","-144","26012","209"
"79418.970","68646","27865","16295","848","157","673","-789","563","3762372","-12141117","33319","31027","-275","26034","162"
"79419.970","68663","27894","16101","718","77","80","-731","554","3762349","-12141288","33278","31057","-237","26066","129"
"79420.970","68724","27940","16007","678","56","-245","-547","557","3762327","-12141461","33235","31100","-396","26075","151"
"79421.970","68782","27951","15938","638","180","-623","-581","555","3762304","-12141632","33189","31105","-208","25999","156"
"79422.970","68839","27964","15843","587","216","-328","-526","550","3762281","-12141802","33137","31112","-204","25999","136"
"79423.970","68881","27970","15801","603","228","-159","-502","553","3762258","-12141972","33079","31114","-172","25985","165"
"79424.970","68927","27979","15702","579","152","-538","-510","544","3762235","-12142142","33013","31118","-433","25985","128"
"79425.970","68993","27977","15782","711","161","-463","-851","555","3762212","-12142310","32943","31107","-457","25957","80"
"79426.970","69056","27985","15722","707","165","-775","-527","552","3762189","-12142476","32866","31107","-265","25961","73"
"79427.970","69134","28020","15545","588","149","-858","-556","551","3762165","-12142645","32782","31137","-219","25936","83"
"79428.970","69207","28005","15600","691","176","-819","-533","560","3762141","-12142810","32693","31110","-160","25966","50"
"79429.970","69285","27959","15691","824","260","-894","-764","563","3762117","-12142977","32594","31049","-113","25925","50"
"79430.970","69362","27967","15617","809","229","-721","-880","562","3762093","-12143139","32494","31048","-123","25934","46"
"79431.970","69446","27977","15566","807","225","-538","-819","561","3762069","-12143302","32393","31048","-127","25934","36"
"79432.970","69521","27995","15493","787","208","-700","-959","561","3762045","-12143466","32294","31059","-138","25934","26"
"79433.970","69606","28015","15443","789","191","-709","-1033","561","3762022","-12143631","32194","31071","-192","25937","21"
"79434.970","69691","28032","15398","788","215","-771","-832","560","3761998","-12143794","32093","31079","-184","25924","4"
"79435.970","69781","28045","15324","755","240","-715","-890","559","3761974","-12143955","31990","31082","-244","25908","-8"
"79436.970","69862","28060","15302","768","265","-535","-847","560","3761950","-12144117","31886","31087","-317","25883","-64"
"79437.970","69962","28074","15275","773","289","-590","-751","561","3761926","-12144279","31777","31090","-313","25857","-75"
"79438.970","70072","28098","15229","757","314","-878","-1006","560","3761902","-12144438","31662","31103","-329","25845","-95"
"79439.970","70189","28116","15208","763","336","-1046","-745","562","3761877","-12144597","31538","31109","-430","25795","-93"
"79440.970","70304","28125","15190","785","317","-1612","-803","562","3761852","-12144757","31405","31104","-645","25780","-88"
"79441.970","70437","28092","15241","862","388","-2405","-785","565","3761827","-12144915","31264","31051","-723","25722","-29"
"79442.970","70549","28051","15276","911","522","-2372","-729","572","3761800","-12145072","31118","30991","-502","25643","-7"
"79443.970","70649","28043","15265","950","512","-2199","-861","573","3761773","-12145230","30981","30970","-180","25641","-20"
"79444.970","70767","28048","15228","958","496","-1921","-832","573","3761746","-12145387","30847","30960","-43","25663","-21"
"79445.970","70877","28044","15242","1013","502","-1720","-987","576","3761719","-12145544","30716","30942","-23","25674","-35"
"79446.970","70991","28038","15238","1053","492","-1462","-981","576","3761692","-12145700","30587","30921","-1","25688","-34"
"79447.970","71090","28044","15219","1070","505","-1358","-903","577","3761665","-12145855","30458","30916","78","25700","-35"
"79448.970","71189","28046","15213","1100","528","-1373","-1018","579","3761638","-12146009","30331","30906","127","25711","-47"
"79449.970","71300","28052","15205","1129","534","-1094","-953","580","3761612","-12146165","30204","30898","163","25722","-60"
"79450.970","71409","28051","15209","1169","523","-823","-984","581","3761586","-12146319","30077","30884","163","25748","-71"
"79451.970","71520","28050","15197","1185","530","-327","-830","581","3761561","-12146472","29949","30869","191","25767","-86"
"79452.970","71627","28061","15165","1177","548","-110","-742","581","3761536","-12146628","29821","30868","158","25774","-114"
"79453.970","71739","28091","15110","1147","562","-231","-898","581","3761511","-12146782","29691","30887","131","25777","-106"
"79454.970","71855","28113","15077","1135","572","-28","-951","581","3761488","-12146936","29561","30897","-106","25778","-120"
"79455.970","71970","28126","15077","1155","592","105","-918","581","3761463","-12147087","29430","30898","-94","25758","-104"
"79456.970","72077","28141","15088","1192","588","362","-799","583","3761440","-12147241","29300","30901","-87","25767","-111"
"79457.970","72182","28154","15096","1229","579","136","-825","584","3761416","-12147393","29170","30902","-92","25774","-146"
"79458.970","72305","28166","15073","1227","597","-45","-806","584","3761393","-12147546","29037","30901","-112","25767","-128"
"79459.970","72422","28177","15058","1230","618","92","-986","584","3761369","-12147697","28904","30898","-75","25762","-131"
"79460.970","72535","28188","15058","1251","633","74","-885","585","3761346","-12147850","28770","30896","-63","25758","-124"
"79461.970","72649","28198","15051","1275","637","-592","-1063","586","3761322","-12148001","28637","30893","-57","25757","-99"
"79462.970","72768","28177","15075","1346","611","-1397","-841","588","3761299","-12148152","28504","30856","-98","25769","-71"
"79463.970","72884","28167","15027","1338","586","-1706","-804","587","3761276","-12148302","28371","30831","-93","25785","-68"
"79464.970","73002","28170","14914","1267","536","-1680","-888","584","3761253","-12148455","28237","30820","-73","25786","-80"
"79465.970","73124","28176","14855","1249","468","-1490","-980","583","3761230","-12148605","28101","30811","-89","25817","-96"
"79466.970","73251","28174","14755","1177","433","-1499","-625","581","3761207","-12148754","27964","30795","-94","25828","-123"
"79467.970","73384","28181","14647","1085","415","-1186","-846","577","3761184","-12148904","27826","30786","116","25833","-148"
"79468.970","73526","28190","14628","1082","394","-1219","-898","577","3761160","-12149054","27685","30779","77","25871","-149"
"79469.970","73660","28188","14599","1062","393","-899","-757","576","3761138","-12149202","27539","30761","88","25868","-175"
"79470.970","73797","28204","14686","1145","445","-669","-576","582","3761116","-12149352","27388","30762","8","25879","-171"
"79471.970","73940","28217","14686","1133","530","-310","-645","582","3761094","-12149500","27232","30759","21","25852","-191"
"79472.970","74077","28230","14639","1084","545","41","-675","579","3761072","-12149649","27072","30757","-52","25835","-198"
"79473.970","74215","28240","14617","1071","547","-272","-729","579","3761051","-12149799","26916","30751","11","25832","-190"
"79474.970","74351","28246","14614","1059","589","271","-608","579","3761029","-12149947","26761","30742","25","25841","-199"
"79475.970","74484","28237","14600","1052","564","445","-681","578","3761008","-12150096","26607","30717","26","25827","-211"
"79476.970","74619","28235","14522","976","568","155","-812","578","3760987","-12150245","26455","30699","4","25856","-187"
"79477.970","74755","28248","14463","930","555","-493","-801","575","3760966","-12150396","26303","30697","89","25852","-187"
"79478.970","74893","28228","14455","945","471","-265","-734","574","3760945","-12150544","26151","30659","52","25889","-187"
"79479.970","75015","28243","14301","793","422","-150","-615","565","3760924","-12150694","25999","30661","0","25920","-193"
"79480.970","75158","28252","14256","762","391","-811","-514","565","3760904","-12150840","25846","30654","88","25924","-168"
"79481.970","75293","28283","14336","825","527","-1163","-675","572","3760884","-12150991","25694","30672","71","25940","-165"
"79482.970","75431","28292","14404","887","576","-559","-731","575","3760864","-12151140","25541","30665","186","25894","-196"
"79483.970","75574","28306","14394","891","563","-1034","-875","575","3760844","-12151289","25386","30664","164","25917","-177"
"79484.970","75714","28325","14369","884","493","-843","-721","570","3760825","-12151438","25232","30668","151","25954","-160"
"79485.970","75858","28321","14391","905","538","-1207","-672","575","3760806","-12151589","25079","30647","193","26002","-166"
"79486.970","76002","28345","14359","889","532","-1388","-567","572","3760788","-12151735","24926","30656","-25","25959","-124"
"79487.970","76133","28338","14386","928","517","-1164","-521","576","3760770","-12151886","24776","30634","-77","25994","-152"
"79488.970","76266","28322","14309","899","355","-1829","-746","568","3760752","-12152035","24624","30601","-163","26009","-139"
"79489.970","76408","28345","14189","787","308","-1480","-603","563","3760734","-12152184","24472","30610","-183","26054","-143"
"79490.970","76547","28358","14136","749","252","-1421","-588","563","3760716","-12152333","24319","30608","-35","26043","-167"
"79491.970","76691","28376","14107","726","202","-1038","-605","559","3760697","-12152481","24164","30611","-40","26097","-179"
"79492.970","76829","28376","14190","826","119","-1386","-655","566","3760679","-12152629","24009","30595","45","26117","-211"
"79493.970","76987","28382","14113","762","62","-1622","-629","561","3760661","-12152778","23852","30584","-20","26173","-188"
"79494.970","77128","28400","14091","740","-61","-525","-582","562","3760643","-12152926","23694","30587","-12","26163","-251"
"79495.970","77299","28411","14148","790","-59","-861","-663","564","3760625","-12153076","23533","30580","-163","26231","-227"
"79496.970","77452","28424","14169","764","47","1195","-516","559","3760608","-12153224","23366","30577","123","26162","-238"
"79497.970","77590","28454","14220","858","-126","-730","-537","563","3760590","-12153374","23206","30594","-91","26229","-180"
"79498.970","77734","28490","14137","783","-60","-1565","-609","555","3760572","-12153521","23046","30616","40","26270","-77"
"79499.970","77855","28492","13997","650","-134","41","-569","556","3760555","-12153671","22888","30604","-63","26243","-165"
"79500.970","77997","28512","13942","582","-138","1100","-635","552","3760537","-12153820","22734","30610","-73","26265","-185"
"79501.970","78115","28494","13975","596","11","676","-473","549","3760520","-12153970","22586","30578","-2","26235","-148"
"79502.970","78248","28494","14012","629","56","1346","-482","556","3760503","-12154118","22445","30562","6","26195","-158"
"79503.970","78357","28489","14026","644","59","1529","-440","551","3760486","-12154268","22311","30545","162","26212","-148"
"79504.970","78483","28499","13929","552","59","1512","-569","549","3760469","-12154415","22185","30542","122","26215","-124"
"79505.970","78591","28519","13939","568","23","1912","-565","548","3760453","-12154566","22065","30551","-154","26235","-141"
"79506.970","78703","28578","13936","568","105","1157","-584","549","3760437","-12154716","21951","30601","10","26200","-87"
"79507.970","78803","28592","13973","613","264","-284","-740","557","3760420","-12154864","21841","30606","-25","26189","-64"
"79508.970","78906","28562","13940","596","258","1097","-567","562","3760405","-12155014","21734","30563","154","26137","-22"
"79509.970","79000","28557","13654","326","51","3549","-807","531","3760388","-12155163","21630","30546","-177","26255","-192"
"79510.970","79115","28589","13693","364","69","2565","-559","533","3760373","-12155311","21529","30568","0","26217","-102"
"79511.970","79210","28619","13704","392","81","1815","-525","528","3760358","-12155461","21431","30590","-116","26267","-86"
"79512.970","79316","28630","13753","443","153","1956","-544","538","3760341","-12155609","21336","30589","-72","26230","-74"
"79513.970","79414","28629","13867","556","262","2216","-708","552","3760326","-12155757","21237","30577","130","26186","-56"
"79514.970","79501","28646","13759","485","227","1047","-818","544","3760311","-12155905","21140","30587","-38","26183","-8"
"79515.970","79588","28657","13667","412","257","773","-604","538","3760296","-12156055","21044","30588","92","26236","-7"
"79516.970","79677","28665","13569","331","238","1698","-823","532","3760281","-12156204","20953","30587","-1","26187","-55"
"79517.970","79777","28677","13518","302","62","3066","-515","514","3760267","-12156349","20861","30590","-81","26280","-87"
"79518.970","79871","28680","13596","374","63","4041","-536","525","3760252","-12156499","20769","30582","83","26293","-99"
"79519.970","79944","28683","13491","310","-43","1638","-904","518","3760238","-12156646","20679","30577","39","26337","-56"
"79520.970","80056","28703","13557","384","20","1709","-600","534","3760223","-12156794","20587","30586","47","26375","-11"
"79521.970","80107","28709","13486","358","-169","1493","-464","526","3760210","-12156941","20497","30587","-338","26357","-46"
"79522.970","80217","28733","13302","182","-181","1915","-622","502","3760196","-12157089","20408","30600","-476","26420","42"
"79523.970","80268","28737","13286","159","-21","1777","-632","507","3760182","-12157236","20318","30600","-54","26295","-58"
"79524.970","80379","28746","13452","384","-60","-1809","-707","528","3760168","-12157384","20227","30598","-148","26308","82"
"79525.970","80502","28749","13633","585","80","-1908","-749","548","3760153","-12157529","20135","30587","11","26311","119"
"79526.970","80586","28763","13554","566","-171","550","-444","548","3760139","-12157676","20039","30592","-277","26320","52"
"79527.970","80649","28773","13494","527","-253","1396","-446","545","3760125","-12157823","19947","30597","-390","26396","1"
"79528.970","80734","28783","13406","467","-119","-1352","-673","535","3760109","-12157968","19855","30598","-20","26361","106"
"79529.970","80852","28794","13361","442","-13","-529","-701","539","3760095","-12158113","19761","30596","195","26340","112"
"79530.970","80935","28807","13378","486","-56","1017","-589","552","3760080","-12158258","19668","30602","361","26361","54"
"79531.970","81010","28809","13461","572","70","1595","-630","549","3760067","-12158403","19578","30596","213","26391","-15"
"79532.970","81082","28818","13356","501","113","-459","-679","550","3760053","-12158547","19491","30598","4","26311","85"
"79533.970","81192","28834","13247","433","-32","496","-537","536","3760041","-12158690","19401","30603","-273","26364","33"
"79534.970","81265","28843","13119","301","-43","1949","-602","531","3760028","-12158834","19311","30605","-104","26367","-66"
"79535.970","81341","28855","13068","271","-137","1108","-614","498","3760015","-12158979","19218","30608","54","26382","-74"
"79536.970","81462","28858","13033","245","-116","-144","-590","504","3760002","-12159122","19124","30599","-98","26438","-43"
"79537.970","81567","28866","12915","144","-263","131","-530","518","3759989","-12159265","19024","30596","-112","26419","-74"
"79538.970","81686","28874","12900","109","-205","389","-520","524","3759976","-12159409","18916","30592","149","26513","-139"
"79539.970","81817","28882","12894","101","-218","-53","-982","503","3759964","-12159552","18800","30587","354","26467","-91"
"79540.970","81948","28894","12943","140","-193","295","-564","526","3759953","-12159695","18675","30585","203","26572","-99"
"79541.970","82059","28896","13101","282","-54","-360","-673","520","3759940","-12159839","18547","30575","258","26497","-107"
"79542.970","82194","28909","13114","326","-54","-2442","-684","524","3759930","-12159983","18409","30574","108","26522","22"
"79543.970","82326","28930","12933","136","126","-2025","-545","509","3759919","-12160125","18272","30583","358","26489","12"
"79544.970","82436","28942","12882","107","94","-1965","-573","489","3759910","-12160269","18144","30584","215","26464","52"
"79545.970","82555","28956","12900","152","-47","-1951","-625","508","3759900","-12160413","18018","30586","31","26554","54"
"79546.970","82668","28960","12936","203","-97","-1098","-685","511","3759891","-12160556","17894","30579","24","26626","61"
"79547.970","82757","28968","12867","148","32","-1835","-644","495","3759882","-12160699","17773","30577","50","26594","82"
"79548.970","82858","28974","12816","127","51","-2072","-469","482","3759873","-12160843","17656","30574","-2","26548","131"
"79549.970","82956","28985","12834","167","105","-1819","-583","499","3759865","-12160987","17542","30574","157","26579","117"
"79550.970","83043","28984","12932","303","94","-1817","-482","523","3759857","-12161129","17436","30565","123","26574","170"
"79551.970","83118","28993","12886","297","-4","-1304","-705","520","3759850","-12161270","17337","30566","-70","26618","147"
"79552.970","83208","29003","12853","292","-73","-46","-599","525","3759842","-12161414","17249","30567","186","26685","118"
"79553.970","83277","29014","12725","190","-94","401","-714","507","3759836","-12161554","17167","30572","282","26755","127"
"79554.970","83351","29022","12778","275","-92","-18","-603","513","3759828","-12161695","17091","30572","-153","26732","153"
"79555.970","83420","29023","12762","288","-47","-137","-641","514","3759822","-12161839","17022","30565","-297","26713","160"
"79556.970","83490","29034","12702","272","-101","-364","-554","521","3759816","-12161978","16957","30570","-193","26655","194"
"79557.970","83562","29040","12688","282","-67","729","-559","525","3759809","-12162119","16895","30569","-253","26721","166"
"79558.970","83630","29049","12647","246","164","1593","-564","522","3759803","-12162259","16834","30571","45","26602","124"
"79559.970","83688","29048","12837","467","236","1377","-636","551","3759797","-12162399","16775","30565","-36","26565","114"
"79560.970","83751","29055","12775","453","149","304","-513","540","3759790","-12162538","16719","30564","57","26590","203"
"79561.970","83813","29062","12772","495","19","1317","-622","536","3759783","-12162677","16662","30566","-103","26687","171"
"79562.970","83861","29062","12781","530","148","588","-544","548","3759778","-12162815","16605","30561","35","26649","197"
"79563.970","83918","29072","12658","460","68","262","-663","542","3759771","-12162953","16549","30566","-108","26658","182"
"79564.970","83985","29080","12625","459","110","458","-588","539","3759766","-12163092","16493","30567","27","26665","208"
"79565.970","84039","29083","12598","470","75","1223","-694","544","3759760","-12163228","16436","30565","120","26682","190"
"79566.970","84086","29089","12502","404","-17","1920","-568","534","3759754","-12163365","16381","30566","-102","26732","148"
"79567.970","84138","29093","12483","417","-140","1632","-633","537","3759750","-12163503","16325","30565","-101","26769","116"
"79568.970","84200","29103","12378","340","-68","41","-595","532","3759744","-12163638","16267","30568","-59","26795","165"
"79569.970","84275","29119","12232","225","71","-731","-564","511","3759739","-12163773","16208","30578","112","26698","229"
"79570.970","84336","29121","12221","255","13","-703","-539","518","3759734","-12163909","16146","30574","-147","26699","194"
"79571.970","84414","29121","12217","282","-22","-1159","-609","515","3759729","-12164044","16081","30566","-99","26745","187"
"79572.970","84489","29135","12130","216","103","-1309","-819","514","3759725","-12164179","16010","30573","97","26732","189"
"79573.970","84586","29149","12091","188","235","-813","-576","519","3759720","-12164313","15933","30577","279","26680","176"
"79574.970","84655","29139","12159","271","195","-485","-540","530","3759716","-12164448","15850","30559","301","26719","171"
"79575.970","84741","29152","12350","481","80","-493","-591","540","3759713","-12164580","15763","30564","138","26785","156"
"79576.970","84833","29164","12475","613","-46","1269","-618","553","3759710","-12164715","15680","30567","-73","26876","118"
"79577.970","84905","29171","12329","462","181","1342","-514","542","3759707","-12164849","15601","30567","277","26865","123"
"79578.970","84959","29183","12328","459","207","3330","-674","536","3759705","-12164984","15523","30574","85","26793","80"
"79579.970","85007","29193","12369","505","104","3053","-492","542","3759703","-12165117","15447","30580","93","26856","97"
"79580.970","85081","29197","12236","358","105","4786","-475","535","3759702","-12165249","15376","30577","94","26903","-15"
"79581.970","85122","29204","12273","392","110","3717","-555","531","3759700","-12165384","15310","30580","303","26899","59"
"79582.970","85183","29216","12221","350","100","3156","-495","541","3759700","-12165518","15248","30586","89","26939","70"
"79583.970","85230","29224","12127","258","20","3004","-717","515","3759699","-12165653","15192","30589","7","26957","71"
"79584.970","85318","29215","12427","562","16","3330","-538","554","3759699","-12165787","15138","30571","-53","26996","114"
"79585.970","85349","29199","12389","545","-81","1443","-593","559","3759700","-12165922","15086","30551","32","27023","162"
"79586.970","85424","29211","12183","353","-3","703","-621","527","3759700","-12166054","15036","30556","29","27066","296"
"79587.970","85432","29239","12219","370","-23","4875","-691","532","3759700","-12166188","14991","30584","171","27006","158"
"79588.970","85447","29217","12286","436","-57","2912","-619","546","3759702","-12166323","14952","30560","-440","27072","125"
"79589.970","85526","29216","12366","517","59","2583","-582","546","3759702","-12166456","14917","30550","-554","26924","205"
"79590.970","85544","29218","12238","397","-46","2495","-510","534","3759702","-12166592","14886","30551","-842","26902","206"
"79591.970","85597","29224","12300","467","-67","1452","-406","538","3759702","-12166724","14851","30552","-783","26866","216"
"79592.970","85637","29232","12263","442","15","1003","-655","540","3759700","-12166859","14814","30556","-541","26816","301"
"79593.970","85662","29221","12219","432","-115","-731","-827","545","3759698","-12166992","14777","30542","-558","26765","296"
"79594.970","85719","29223","12164","415","-203","-2470","-675","539","3759694","-12167124","14738","30539","-569","26840","411"
"79595.970","85770","29234","12130","399","8","-872","-573","520","3759690","-12167258","14697","30545","-265","26794","417"
"79596.970","85784","29236","12157","454","76","50","-614","541","3759686","-12167390","14658","30546","175","26703","292"
"79597.970","85834","29246","12083","401","125","98","-544","539","3759682","-12167523","14620","30550","188","26768","344"
"79598.970","85863","29245","12002","334","-10","1768","-696","519","3759678","-12167654","14583","30547","-794","26702","241"
"79599.970","85916","29253","11957","284","113","597","-593","518","3759673","-12167787","14544","30550","-1029","26622","295"
"79600.970","85953","29256","11886","243","8","905","-726","512","3759668","-12167918","14506","30549","-1161","26481","379"
"79601.970","85975","29263","11855","216","49","1065","-662","512","3759662","-12168050","14472","30554","-984","26503","381"
"79602.970","86000","29256","11940","322","112","-450","-626","524","3759653","-12168180","14450","30545","-1015","26306","470"
"79603.970","86009","29266","11859","276","100","-359","-561","524","3759643","-12168312","14433","30554","-1202","26277","520"
"79604.970","86019","29277","11866","297","250","-486","-507","541","3759633","-12168442","14422","30564","-1377","26081","562"
"79605.970","86013","29284","11762","235","249","-153","-836","534","3759619","-12168572","14419","30573","-1213","25960","521"
"79606.970","86022","29281","11843","327","383","164","-572","541","3759604","-12168701","14420","30568","-1006","25852","480"
"79607.970","86023","29252","12029","607","88","528","-603","558","3759588","-12168829","14420","30537","-936","25840","496"
"79608.970","86030","29251","11926","511","44","589","-512","548","3759571","-12168956","14422","30536","-893","25952","512"
"79609.970","86025","29253","11960","577","-43","-349","-575","555","3759552","-12169083","14428","30538","-1116","25818","498"
"79610.970","86027","29250","11841","471","-87","-30","-604","544","3759531","-12169210","14430","30535","-1172","25818","487"
"79611.970","86041","29254","11810","448","-106","684","-725","545","3759510","-12169337","14428","30538","-982","25702","444"
"79612.970","86051","29260","11773","418","-154","1377","-759","542","3759487","-12169461","14423","30544","-1228","25663","428"
"79613.970","86059","29263","11607","252","-183","-263","-627","508","3759463","-12169587","14417","30546","-1571","25519","477"
"79614.970","86069","29270","11549","154","-3","-1443","-416","492","3759437","-12169712","14409","30552","-1323","25364","582"
"79615.970","86079","29285","11538","109","164","-104","-557","504","3759409","-12169837","14400","30567","-1198","25171","535"
"79616.970","86088","29283","11615","184","217","329","-806","528","3759379","-12169960","14394","30564","-1398","25047","529"
"79617.970","86086","29280","11589","166","217","1285","-750","516","3759348","-12170082","14390","30560","-1505","24902","521"
"79618.970","86076","29292","11470","70","145","1189","-594","501","3759315","-12170204","14391","30574","-1786","24774","515"
"79619.970","86073","29318","11577","160","238","23","-589","536","3759280","-12170327","14394","30602","-2081","24586","595"
"79620.970","86061","29347","11550","186","187","-406","-753","509","3759242","-12170444","14402","30633","-1761","24403","621"
"79621.970","86048","29323","11524","200","153","-133","-581","512","3759202","-12170562","14414","30610","-1685","24348","622"
"79622.970","86031","29341","11465","157","157","-100","-475","506","3759160","-12170677","14427","30630","-1440","24204","633"
"79623.970","86016","29354","11489","190","202","-562","-499","525","3759115","-12170793","14440","30645","-1335","24116","638"
"79624.970","86006","29379","11506","258","178","-800","-543","523","3759069","-12170906","14453","30672","-1145","24041","662"
"79625.970","85983","29376","11371","137","175","-983","-674","512","3759021","-12171017","14467","30671","-794","24002","703"
"79626.970","85963","29372","11271","93","118","-1802","-546","493","3758973","-12171128","14481","30669","-668","23952","671"
"79627.970","85967","29339","11383","159","284","-2796","-640","526","3758923","-12171237","14494","30634","-174","23930","711"
"79628.970","85964","29280","11531","417","227","-3480","-553","528","3758874","-12171347","14507","30573","-360","23940","718"
"79629.970","85969","29274","11490","389","262","-3544","-393","550","3758825","-12171454","14520","30566","-121","24015","701"
"79630.970","85974","29270","11535","478","278","-3135","-698","552","3758775","-12171563","14530","30562","224","23984","666"
"79631.970","85980","29267","11469","435","283","-2203","-625","547","3758725","-12171672","14544","30557","314","24094","663"
"79632.970","85988","29280","11483","454","321","-2121","-955","552","3758677","-12171778","14551","30570","107","24072","602"
"79633.970","85999","29280","11456","443","328","-2140","-663","551","3758628","-12171886","14551","30570","-43","24065","585"
"79634.970","86016","29273","11397","395","330","-1812","-728","548","3758580","-12171994","14544","30560","235","24079","574"
"79635.970","86038","29270","11354","364","333","-1992","-565","545","3758532","-12172102","14530","30556","-90","24099","621"
"79636.970","86048","29266","11314","284","412","-656","-666","545","3758486","-12172209","14512","30550","126","24070","553"
"79637.970","86058","29266","11287","268","407","-862","-662","546","3758439","-12172318","14487","30549","139","24069","544"
"79638.970","86068","29273","11190","188","369","-1609","-507","537","3758392","-12172427","14466","30555","31","24101","599"
"79639.970","86083","29267","11193","182","413","-2019","-597","544","3758346","-12172533","14443","30547","29","24081","611"
"79640.970","86091","29262","11151","153","419","-2250","-489","544","3758300","-12172643","14423","30542","-63","24075","653"
"79641.970","86102","29258","11204","239","399","-2244","-716","540","3758254","-12172751","14407","30536","-80","24080","642"
"79642.970","86113","29251","11229","343","237","-2267","-519","532","3758209","-12172858","14392","30527","-148","24152","611"
"79643.970","86127","29259","11194","286","231","-1680","-579","537","3758164","-12172968","14374","30535","201","24232","610"
"79644.970","86142","29261","11291","400","184","-1219","-531","541","3758119","-12173076","14358","30535","67","24262","557"
"79645.970","86152","29269","11275","398","105","-156","-489","535","3758074","-12173185","14343","30542","-42","24347","569"
"79646.970","86167","29268","11371","444","153","-693","-586","545","3758030","-12173296","14330","30540","-60","24329","552"
"79647.970","86178","29261","11541","601","137","-1321","-602","555","3757985","-12173406","14320","30531","-218","24325","572"
"79648.970","86183","29261","11611","640","115","-1041","-587","557","3757940","-12173516","14312","30531","-354","24349","563"
"79649.970","86188","29256","11583","576","90","-625","-734","555","3757895","-12173626","14303","30525","-229","24325","520"
"79650.970","86203","29267","11542","369","300","-963","-663","537","3757850","-12173738","14293","30535","-79","24287","562"
"79651.970","86200","29264","11589","406","266","63","-622","550","3757804","-12173848","14284","30533","-66","24151","581"
"79652.970","86207","29251","11665","405","333","-1416","-694","547","3757758","-12173961","14277","30519","-176","24280","503"
"79653.970","86205","29253","11505","252","206","-1138","-647","526","3757712","-12174073","14268","30521","121","24187","565"
"79654.970","86220","29253","11623","456","-35","865","-613","545","3757666","-12174186","14257","30519","-125","24355","446"
"79655.970","86248","29248","11910","638","92","1063","-499","553","3757621","-12174300","14245","30510","-249","24454","370"
"79656.970","86259","29254","11938","549","195","2610","-524","555","3757574","-12174413","14231","30516","-163","24307","408"
"79657.970","86274","29249","11956","539","116","3579","-642","547","3757527","-12174529","14218","30509","-453","24303","364"
"79658.970","86266","29243","11952","513","51","1375","-675","551","3757481","-12174643","14210","30504","-410","24314","439"
"79659.970","86271","29249","11958","392","218","987","-560","539","3757433","-12174758","14207","30510","-213","24247","458"
"79660.970","86272","29243","11939","324","254","1029","-598","538","3757385","-12174877","14208","30503","-182","24159","482"
"79661.970","86263","29246","11983","338","254","1611","-630","533","3757337","-12174991","14210","30507","-175","24184","460"
"79662.970","86262","29250","12072","350","349","870","-600","542","3757289","-12175108","14213","30511","-69","24155","431"
"79663.970","86261","29246","12119","424","251","1413","-693","548","3757241","-12175225","14213","30507","-54","24155","421"
"79664.970","86270","29248","12126","413","226","1334","-636","543","3757192","-12175341","14213","30509","-195","24230","422"
"79665.970","86275","29256","12151","408","236","1775","-845","545","3757143","-12175458","14210","30516","-128","24181","395"
"79666.970","86275","29250","12212","455","227","942","-646","551","3757094","-12175576","14208","30510","-301","24210","404"
"79667.970","86298","29255","12186","445","138","1964","-682","543","3757045","-12175693","14203","30513","-264","24207","395"
"79668.970","86287","29253","12243","465","157","2306","-602","547","3756996","-12175811","14201","30512","-200","24245","380"
"79669.970","86273","29261","12173","290","270","1542","-598","534","3756947","-12175928","14198","30522","96","24162","374"
"79670.970","86305","29278","12172","244","319","11","-711","533","3756897","-12176046","14194","30536","69","24131","449"
"79671.970","86325","29281","12095","133","333","652","-737","535","3756848","-12176164","14188","30538","-129","24138","519"
"79672.970","86299","29275","12095","149","271","1189","-675","523","3756799","-12176283","14184","30534","-293","24120","430"
"79673.970","86306","29266","12149","258","144","1909","-559","514","3756749","-12176403","14183","30523","-175","24149","469"
"79674.970","86297","29260","12195","310","87","3163","-508","520","3756699","-12176522","14183","30518","-93","24269","376"
"79675.970","86287","29264","12077","128","115","2034","-684","497","3756650","-12176641","14185","30524","-14","24212","406"
"79676.970","86293","29262","12111","121","151","3008","-623","511","3756600","-12176760","14191","30521","-126","24194","408"
"79677.970","86264","29274","12205","180","166","4116","-657","520","3756550","-12176880","14199","30536","-16","24203","337"
"79678.970","86249","29274","12159","54","233","2223","-726","520","3756501","-12177001","14205","30537","-200","24167","369"
"79679.970","86272","29279","12177","51","232","1663","-593","516","3756451","-12177122","14210","30541","-272","24089","412"
"79680.970","86255","29268","12227","88","226","982","-682","520","3756401","-12177242","14213","30531","-223","24142","390"
"79681.970","86282","29276","12273","65","325","70","-657","535","3756350","-12177363","14214","30537","118","24097","405"
"79682.970","86291","29279","12471","279","333","254","-610","540","3756300","-12177484","14212","30539","50","24153","399"
"79683.970","86306","29287","12372","138","336","743","-600","525","3756250","-12177606","14205","30546","259","24198","397"
"79684.970","86335","29295","12402","87","428","3646","-688","534","3756201","-12177728","14192","30551","362","24174","256"
"79685.970","86322","29292","12477","209","287","3294","-538","525","3756151","-12177851","14181","30549","-256","24194","309"
"79686.970","86340","29292","12355","198","34","2318","-485","516","3756102","-12177973","14173","30548","-536","24290","357"
"79687.970","86326","29294","12415","225","94","4026","-705","486","3756052","-12178096","14162","30551","-286","24284","270"
"79688.970","86334","29285","12571","327","255","50","-634","530","3756003","-12178218","14150","30540","-307","24215","382"
"79689.970","86405","29284","12355","108","251","438","-614","519","3755953","-12178342","14136","30532","-157","24188","413"
"79690.970","86383","29273","12480","234","305","1093","-577","532","3755903","-12178466","14120","30523","-18","24161","345"
"79691.970","86414","29275","12390","187","241","-34","-603","527","3755853","-12178588","14103","30522","-384","24167","423"
"79692.970","86411","29279","12335","142","239","-457","-551","525","3755803","-12178707","14086","30527","-115","24153","393"
"79693.970","86451","29286","12371","201","259","-1045","-576","538","3755753","-12178830","14067","30530","-195","24169","482"
"79694.970","86459","29288","12355","195","294","-1027","-691","523","3755703","-12178952","14049","30532","-156","24162","480"
"79695.970","86468","29300","12305","170","308","-1015","-868","532","3755653","-12179072","14034","30543","-278","24113","549"
"79696.970","86462","29302","12404","320","312","-57","-560","541","3755604","-12179195","14021","30545","-300","24136","466"
"79697.970","86458","29311","12318","282","255","-156","-824","533","3755554","-12179312","14010","30555","-378","24118","483"
"79698.970","86460","29293","12330","304","298","-441","-716","544","3755503","-12179433","14005","30536","-251","24097","482"
"79699.970","86459","29286","12241","313","165","228","-625","516","3755453","-12179552","14002","30529","-402","24106","485"
"79700.970","86450","29284","12130","268","65","354","-497","505","3755402","-12179670","13997","30527","-526","24142","380"
"79701.970","86478","29294","12047","143","167","-810","-968","501","3755351","-12179787","13989","30535","-500","24043","392"
"79702.970","86511","29308","12042","144","210","-1086","-534","517","3755300","-12179906","13979","30547","-397","23966","398"
"79703.970","86549","29306","12017","129","231","-1438","-604","520","3755248","-12180021","13963","30541","-306","23995","384"
"79704.970","86589","29325","12002","150","215","-774","-719","509","3755196","-12180138","13941","30556","-109","23962","418"
"79705.970","86622","29343","12108","257","279","-61","-701","530","3755145","-12180255","13909","30572","-120","24014","399"
"79706.970","86647","29326","12107","261","315","-667","-804","538","3755092","-12180371","13876","30552","82","23976","394"
"79707.970","86674","29322","12112","296","325","-1316","-650","541","3755041","-12180485","13840","30545","135","24038","422"
"79708.970","86703","29318","12040","233","349","-1732","-565","541","3754990","-12180601","13807","30538","300","24036","459"
"79709.970","86726","29312","11897","135","297","-908","-693","522","3754940","-12180716","13777","30529","-48","24043","444"
"79710.970","86755","29315","11916","188","286","-402","-923","525","3754890","-12180832","13749","30530","-61","24026","448"
"79711.970","86776","29307","11949","328","169","-906","-635","532","3754840","-12180948","13723","30519","-154","24100","479"
"79712.970","86792","29314","11783","179","148","-836","-589","525","3754790","-12181062","13698","30524","-30","24157","483"
"79713.970","86800","29314","11730","113","219","-344","-744","530","3754740","-12181177","13676","30524","82","24105","430"
"79714.970","86821","29303","11937","270","395","1399","-693","548","3754691","-12181292","13655","30511","243","24092","356"
"79715.970","86835","29304","11839","238","279","1182","-697","526","3754643","-12181407","13636","30510","135","24114","333"
"79716.970","86856","29306","11840","292","211","-295","-618","533","3754594","-12181522","13614","30510","140","24188","362"
"79717.970","86893","29310","11710","159","208","-1346","-508","506","3754546","-12181636","13591","30511","-89","24187","373"
"79718.970","86940","29320","11576","66","106","-375","-564","481","3754499","-12181752","13563","30516","-170","24129","302"
"79719.970","86991","29319","11602","88","101","52","-877","491","3754452","-12181868","13529","30510","-68","24205","239"
"79720.970","87047","29327","11545","1","118","-950","-648","486","3754404","-12181982","13484","30512","-184","24162","244"
"79721.970","87113","29339","11561","6","132","-1905","-672","496","3754356","-12182098","13427","30518","-189","24129","275"
"79722.970","87192","29341","11615","22","192","-1792","-591","510","3754309","-12182213","13358","30512","-166","24137","258"
"79723.970","87265","29339","11701","134","155","-1989","-622","504","3754261","-12182328","13280","30503","-170","24113","250"
"79724.970","87341","29338","11697","149","75","-599","-721","499","3754212","-12182444","13197","30495","-224","24192","154"
"79725.970","87423","29347","11738","157","121","6","-853","507","3754165","-12182560","13108","30496","103","24189","111"
"79726.970","87508","29344","11758","134","201","404","-614","506","3754116","-12182673","13015","30485","392","24201","57"
"79727.970","87603","29358","11809","158","246","467","-616","520","3754068","-12182790","12917","30489","513","24223","-64"
"79728.970","87720","29373","11807","117","313","-453","-669","529","3754022","-12182906","12810","30494","599","24279","15"
"79729.970","87830","29395","11726","30","287","-202","-732","522","3753975","-12183022","12693","30505","457","24291","-58"
"79730.970","87951","29412","11728","15","305","-619","-909","524","3753930","-12183140","12568","30511","481","24332","-45"
"79731.970","88078","29420","11733","7","316","-812","-1178","525","3753885","-12183258","12434","30507","571","24385","-38"
"79732.970","88203","29426","11744","19","308","-1051","-826","526","3753842","-12183376","12296","30501","657","24450","-19"
"79733.970","88324","29424","11731","8","291","-1036","-702","523","3753800","-12183495","12164","30487","668","24528","-31"
"79734.970","88451","29431","11730","5","283","-1138","-670","519","3753758","-12183615","12034","30481","591","24578","-40"
"79735.970","88580","29440","11758","25","292","-1073","-728","525","3753716","-12183735","11905","30478","508","24636","-44"
"79736.970","88715","29457","11780","29","309","-580","-673","523","3753677","-12183855","11775","30482","592","24674","-68"
"79737.970","88847","29467","11761","2","297","-483","-741","525","3753638","-12183976","11647","30480","510","24739","-82"
"79738.970","88983","29478","11778","20","284","-748","-736","521","3753600","-12184098","11517","30477","451","24777","-49"
"79739.970","89105","29489","11764","-6","273","-112","-691","514","3753563","-12184221","11388","30478","365","24830","-87"
"79740.970","89232","29503","11784","24","239","-617","-728","514","3753526","-12184345","11259","30479","261","24845","-75"
"79741.970","89364","29516","11747","-20","204","219","-714","502","3753490","-12184467","11130","30479","150","24905","-70"
"79742.970","89495","29520","11739","-54","217","720","-606","513","3753454","-12184591","11004","30471","238","24907","-86"
"79743.970","89616","29525","11756","-26","200","-279","-745","502","3753419","-12184716","10879","30465","21","24933","-62"
"79744.970","89742","29547","11803","10","250","-692","-944","509","3753383","-12184839","10758","30475","80","24918","8"
"79745.970","89858","29544","11808","28","221","-317","-574","525","3753349","-12184963","10637","30461","-6","24957","-35"
"79746.970","89979","29541","11858","146","75","-792","-783","506","3753314","-12185089","10518","30446","-265","24948","3"
"79747.970","90106","29549","11928","230","6","1093","-668","511","3753279","-12185212","10401","30442","-219","25060","-58"
"79748.970","90214","29563","11882","188","-37","1360","-642","506","3753244","-12185337","10285","30446","-40","25066","-51"
"79749.970","90319","29572","11803","100","-13","794","-533","494","3753209","-12185462","10172","30445","-177","25035","-31"
"79750.970","90421","29586","11763","94","-46","-706","-587","485","3753173","-12185586","10061","30449","-93","25031","63"
"79751.970","90526","29594","11759","139","-150","319","-530","504","3753138","-12185710","9955","30448","-143","25088","50"
"79752.970","90623","29595","11664","33","-145","1268","-540","493","3753103","-12185835","9854","30440","-110","25121","25"
"79753.970","90721","29604","11678","48","-88","391","-867","445","3753067","-12185959","9760","30440","-51","25035","70"
"79754.970","90820","29610","11717","122","-111","-209","-644","507","3753031","-12186081","9670","30436","-126","25077","58"
"79755.970","90924","29609","11828","235","-51","212","-583","502","3752996","-12186205","9584","30425","8","25076","115"
"79756.970","91010","29635","11908","247","222","-395","-438","537","3752961","-12186327","9498","30444","160","25074","46"
"79757.970","91094","29637","11688","66","186","-1564","-645","495","3752927","-12186452","9412","30437","-173","24901","96"
"79758.970","91201","29635","11605","101","-71","-1449","-605","477","3752892","-12186575","9321","30425","-395","24984","114"
"79759.970","91321","29645","11608","123","-114","-697","-482","503","3752857","-12186696","9229","30424","-325","25080","36"
"79760.970","91436","29634","11738","264","-92","-689","-619","519","3752822","-12186820","9134","30402","-400","25041","25"
"79761.970","91553","29646","11688","205","-33","-1264","-607","512","3752787","-12186941","9035","30403","-357","25001","24"
"79762.970","91665","29656","11615","151","-45","-1311","-544","501","3752750","-12187062","8932","30402","-349","24923","66"
"79763.970","91777","29662","11643","189","-63","-607","-582","510","3752715","-12187184","8825","30398","-399","24960","-36"
"79764.970","91899","29684","11637","178","-59","-331","-688","497","3752678","-12187306","8713","30409","-289","24914","-60"
"79765.970","92027","29687","11652","169","-42","537","-783","505","3752641","-12187426","8596","30400","-279","24900","-127"
"79766.970","92164","29698","11650","178","-102","318","-658","497","3752604","-12187547","8473","30398","-414","24882","-89"
"79767.970","92297","29715","11689","229","-149","554","-589","525","3752566","-12187667","8349","30403","-237","24932","-46"
"79768.970","92417","29716","11800","321","-76","420","-601","521","3752528","-12187787","8230","30393","31","24952","27"
"79769.970","92520","29723","11681","235","-111","-442","-644","515","3752490","-12187908","8114","30391","17","24953","88"
"79770.970","92615","29734","11599","186","-139","-1001","-557","513","3752452","-12188030","8002","30393","29","24956","100"
"79771.970","92712","29748","11562","183","-189","26","-706","522","3752415","-12188150","7895","30398","2","24986","114"
"79772.970","92797","29757","11503","111","-166","1263","-494","507","3752378","-12188270","7793","30399","-86","24988","-2"
"79773.970","92895","29757","11595","190","-58","-262","-782","497","3752341","-12188391","7696","30390","-146","24922","57"
"79774.970","93002","29770","11585","224","-118","-769","-599","517","3752304","-12188510","7604","30394","-295","24913","24"
"79775.970","93121","29768","11591","255","-119","-1385","-691","527","3752267","-12188631","7506","30380","-282","24937","99"
"79776.970","93219","29778","11561","273","-208","-122","-545","533","3752229","-12188750","7410","30382","-441","24906","108"
"79777.970","93321","29779","11764","499","-217","1182","-668","554","3752191","-12188869","7316","30373","-267","24965","28"
"79778.970","93413","29780","11678","419","-202","750","-563","541","3752154","-12188989","7226","30365","-93","24967","42"
"79779.970","93504","29791","11610","351","-154","256","-559","536","3752115","-12189107","7139","30368","-243","24917","63"
"79780.970","93601","29814","11682","391","-16","741","-574","531","3752077","-12189226","7055","30383","-114","24854","74"
"79781.970","93682","29820","11721","455","-72","2255","-548","538","3752038","-12189344","6970","30381","-126","24859","-63"
"79782.970","93782","29815","11534","270","-79","346","-599","518","3752001","-12189461","6882","30367","-249","24862","-26"
"79783.970","93909","29837","11465","170","-4","241","-584","498","3751962","-12189579","6792","30377","-178","24793","-6"
"79784.970","94027","29848","11543","245","56","-603","-661","498","3751924","-12189696","6699","30377","48","24773","19"
"79785.970","94147","29856","11473","186","-8","427","-791","507","3751885","-12189815","6603","30375","210","24834","6"
"79786.970","94262","29864","11447","139","-26","527","-788","513","3751848","-12189934","6504","30373","140","24865","-14"
"79787.970","94370","29863","11365","59","-103","218","-653","478","3751809","-12190052","6400","30362","212","24877","66"
"79788.970","94467","29880","11349","57","-192","79","-597","510","3751772","-12190171","6298","30370","17","24970","16"
"79789.970","94587","29896","11392","89","-138","-1857","-548","490","3751735","-12190290","6196","30375","-179","24916","137"
"79790.970","94681","29901","11316","15","-191","-334","-665","498","3751698","-12190411","6096","30371","-239","24920","161"
"79791.970","94787","29906","11389","113","-300","125","-549","532","3751661","-12190530","5998","30367","-225","24933","143"
"79792.970","94873","29905","11392","111","-324","-373","-639","535","3751623","-12190649","5903","30358","-494","24980","185"
"79793.970","94951","29918","11395","107","-321","-35","-512","539","3751585","-12190769","5814","30364","-629","24873","226"
"79794.970","95022","29920","11522","265","-343","-1208","-448","547","3751546","-12190887","5736","30359","-1288","24812","257"
"79795.970","95076","29916","11508","257","-331","-335","-498","542","3751505","-12191005","5673","30351","-1184","24678","363"
"79796.970","95130","29911","11562","368","-417","947","-633","549","3751463","-12191122","5632","30341","-1431","24644","261"
"79797.970","95180","29912","11550","334","-339","-1171","-601","543","3751419","-12191240","5604","30337","-1526","24482","395"
"79798.970","95217","29909","11512","326","-364","-1076","-668","543","3751373","-12191355","5575","30331","-1646","24344","361"
"79799.970","95251","29915","11609","403","-298","523","-666","546","3751324","-12191468","5540","30333","-1460","24246","241"
"79800.970","95301","29914","11560","365","-351","680","-634","546","3751275","-12191581","5499","30328","-1397","24131","171"
"79801.970","95383","29931","11525","311","-353","168","-750","543","3751223","-12191694","5453","30338","-1349","24062","177"
"79802.970","95448","29945","11584","304","-268","1326","-559","542","3751170","-12191803","5397","30347","-1198","23923","137"
"79803.970","95508","29943","11572","296","-304","573","-708","538","3751115","-12191912","5334","30339","-1239","23821","140"
"79804.970","95583","29952","11546","285","-375","230","-507","541","3751059","-12192021","5270","30341","-1303","23776","118"
"79805.970","95668","29955","11554","263","-356","-490","-823","546","3751001","-12192130","5202","30336","-1202","23684","160"
"79806.970","95751","29964","11515","154","-297","-30","-688","533","3750942","-12192237","5129","30338","-1175","23550","171"
"79807.970","95827","29967","11624","261","-285","-91","-611","534","3750880","-12192341","5050","30334","-1032","23435","142"
"79808.970","95915","29970","11642","331","-372","-449","-733","545","3750818","-12192446","4974","30330","-1122","23451","181"
"79809.970","95996","29983","11640","302","-353","-959","-548","547","3750755","-12192550","4899","30335","-1049","23364","208"
"79810.970","96071","29980","11663","392","-441","-980","-492","558","3750690","-12192654","4828","30325","-1067","23285","186"
"79811.970","96151","29993","11615","338","-457","-1383","-662","555","3750623","-12192755","4755","30331","-1087","23281","228"
"79812.970","96221","30000","11546","241","-454","-528","-853","553","3750557","-12192856","4684","30333","-943","23126","215"
"79813.970","96291","30004","11558","242","-441","-777","-711","543","3750489","-12192957","4616","30330","-823","23094","236"
"79814.970","96359","30003","11561","235","-425","-202","-550","544","3750419","-12193056","4551","30322","-804","22994","270"
"79815.970","96418","30001","11550","250","-461","481","-636","549","3750350","-12193155","4492","30316","-732","22989","269"
"79816.970","96475","30020","11617","207","-304","-313","-579","544","3750279","-12193251","4440","30330","-820","22892","253"
"79817.970","96530","30038","11513","64","-284","-540","-486","531","3750208","-12193348","4390","30342","-803","22707","292"
"79818.970","96584","30029","11655","282","-292","-459","-551","537","3750135","-12193444","4341","30329","-814","22713","258"
"79819.970","96640","30034","11575","242","-360","-19","-534","547","3750062","-12193539","4292","30329","-556","22713","300"
"79820.970","96684","30036","11529","219","-399","28","-500","544","3749989","-12193631","4244","30327","-465","22717","208"
"79821.970","96748","30035","11502","198","-404","-744","-598","542","3749914","-12193725","4194","30320","-455","22663","315"
"79822.970","96807","30037","11549","233","-357","-862","-622","538","3749840","-12193819","4143","30317","-330","22659","289"
"79823.970","96865","30044","11710","324","-202","-672","-849","529","3749765","-12193911","4093","30319","-171","22646","319"
"79824.970","96908","30057","11581","215","-251","-450","-681","524","3749691","-12194004","4045","30327","-207","22614","311"
"79825.970","96952","30051","11631","266","-214","21","-707","521","3749617","-12194095","3999","30318","-217","22594","275"
"79826.970","96999","30066","11738","443","-253","3007","-566","548","3749542","-12194186","3956","30328","-222","22638","188"
"79827.970","97036","30051","11653","432","-366","1984","-626","556","3749467","-12194278","3916","30311","-501","22648","233"
"79828.970","97074","30039","11645","470","-403","332","-568","555","3749392","-12194370","3881","30295","-352","22658","224"
"79829.970","97132","30048","11600","436","-426","955","-610","560","3749316","-12194458","3842","30299","-234","22641","289"
"79830.970","97160","30043","11672","532","-409","286","-626","565","3749241","-12194550","3804","30291","-338","22631","225"
"79831.970","97226","30055","11639","477","-384","-334","-643","560","3749165","-12194639","3764","30297","-460","22612","288"
"79832.970","97279","30064","11592","311","-275","313","-574","547","3749089","-12194729","3722","30302","-242","22512","275"
"79833.970","97326","30081","11467","135","-251","-973","-582","518","3749013","-12194818","3678","30315","-33","22444","351"
"79834.970","97372","30085","11368","137","-357","-354","-676","541","3748937","-12194906","3639","30314","145","22444","429"
"79835.970","97396","30075","11341","245","-457","-517","-615","555","3748861","-12194996","3600","30303","151","22577","502"
"79836.970","97420","30075","11358","279","-424","-907","-700","546","3748786","-12195085","3565","30300","275","22671","526"
"79837.970","97432","30076","11395","277","-331","-900","-563","539","3748711","-12195174","3537","30300","256","22655","566"
"79838.970","97432","30090","11363","201","-263","-526","-666","528","3748637","-12195265","3520","30314","269","22637","579"
"79839.970","97430","30070","11397","325","-303","-139","-767","543","3748563","-12195353","3516","30294","413","22663","557"
"79840.970","97420","30070","11326","367","-421","1715","-622","553","3748491","-12195445","3524","30296","145","22812","518"
"79841.970","97403","30065","11260","231","-367","1064","-673","538","3748418","-12195535","3540","30292","231","22794","484"
"79842.970","97404","30070","11246","199","-320","-242","-669","537","3748347","-12195628","3558","30297","280","22758","566"
"79843.970","97396","30090","11211","172","-311","-175","-835","532","3748276","-12195718","3569","30318","420","22805","561"
"79844.970","97393","30091","11185","155","-294","-225","-683","535","3748206","-12195810","3577","30319","494","22859","572"
"79845.970","97388","30092","11146","140","-306","364","-689","530","3748137","-12195904","3585","30320","530","22891","536"
"79846.970","97382","30073","11118","161","-350","420","-663","531","3748067","-12195998","3593","30302","49","22953","527"
"79847.970","97386","30079","11149","180","-304","212","-650","535","3748000","-12196090","3599","30307","206","22940","537"
"79848.970","97383","30069","11106","207","-372","-73","-815","545","3747932","-12196184","3605","30297","106","22985","558"
"79849.970","97378","30066","11033","162","-421","-207","-771","544","3747864","-12196279","3609","30295","48","23028","557"
"79850.970","97381","30072","11046","162","-390","-415","-617","544","3747797","-12196373","3612","30301","111","23026","541"
"79851.970","97390","30089","11077","143","-310","-750","-912","533","3747730","-12196468","3614","30317","53","23021","546"
"79852.970","97393","30071","11104","223","-348","-361","-674","540","3747663","-12196563","3614","30299","-32","23004","525"
"79853.970","97403","30057","11092","275","-424","-98","-979","547","3747596","-12196656","3612","30284","-135","23086","515"
"79854.970","97408","30054","11069","252","-431","-69","-808","549","3747530","-12196750","3607","30281","-5","23102","533"
"79855.970","97409","30048","11032","250","-471","-170","-783","550","3747463","-12196846","3606","30274","-25","23110","582"
"79856.970","97409","30058","11054","243","-409","-436","-736","548","3747397","-12196940","3606","30284","37","23135","606"
"79857.970","97400","30067","11091","245","-323","-273","-925","540","3747332","-12197036","3607","30295","95","23096","623"
"79858.970","97384","30064","11081","262","-325","-285","-817","541","3747266","-12197130","3611","30293","-34","23112","627"
"79859.970","97371","30058","11055","254","-321","-225","-986","540","3747200","-12197225","3619","30287","-35","23114","639"
"79860.970","97352","30060","11013","237","-332","-14","-877","540","3747135","-12197319","3633","30291","-12","23120","612"
"79861.970","97336","30062","10995","229","-325","-98","-753","538","3747071","-12197413","3651","30295","19","23130","601"
"79862.970","97325","30052","11005","279","-344","-173","-696","543","3747007","-12197508","3664","30285","-68","23138","595"
"79863.970","97315","30048","10964","265","-371","-39","-749","543","3746942","-12197603","3675","30283","-174","23170","584"
"79864.970","97304","30043","10919","249","-406","-273","-931","547","3746877","-12197698","3684","30278","-139","23148","583"
"79865.970","97298","30043","10891","228","-407","-421","-934","545","3746813","-12197790","3692","30279","-200","23157","576"
"79866.970","97301","30043","10867","205","-404","-452","-810","545","3746748","-12197885","3699","30279","-154","23128","566"
"79867.970","97304","30044","10847","189","-407","-364","-862","544","3746684","-12197979","3703","30280","-103","23136","551"
"79868.970","97312","30048","10854","181","-380","-306","-1049","541","3746620","-12198073","3704","30282","-62","23133","551"
"79869.970","97320","30048","10852","173","-366","-144","-927","539","3746556","-12198168","3703","30283","-125","23121","553"
"79870.970","97322","30046","10861","180","-357","-109","-874","539","3746491","-12198260","3698","30280","-237","23109","539"
"79871.970","97325","30046","10845","181","-381","-152","-741","542","3746427","-12198355","3689","30280","-332","23090","540"
"79872.970","97334","30045","10833","177","-391","-265","-844","541","3746362","-12198448","3682","30278","-419","23072","549"
"79873.970","97336","30044","10841","181","-378","-317","-850","542","3746297","-12198541","3676","30277","-374","23038","558"
"79874.970","97341","30047","10851","185","-360","-252","-739","539","3746232","-12198635","3670","30279","-372","23015","547"
"79875.970","97346","30048","10854","182","-347","-250","-799","538","3746167","-12198725","3665","30280","-429","22978","545"
"79876.970","97350","30047","10848","181","-351","-220","-777","539","3746101","-12198819","3659","30279","-460","22946","533"
"79877.970","97355","30047","10842","179","-357","-216","-798","538","3746035","-12198910","3652","30278","-517","22915","528"
"79878.970","97364","30046","10844","185","-361","-217","-785","540","3745969","-12199002","3644","30276","-549","22876","526"
"79879.970","97375","30047","10841","181","-363","-227","-903","539","3745901","-12199092","3635","30277","-565","22840","521"
"79880.970","97383","30048","10835","178","-370","-227","-836","541","3745834","-12199182","3626","30276","-563","22800","531"
"79881.970","97392","30048","10837","183","-370","-252","-928","540","3745766","-12199272","3617","30276","-578","22757","540"
"79882.970","97400","30049","10841","186","-363","-337","-922","539","3745697","-12199361","3610","30276","-607","22720","551"
"79883.970","97405","30050","10836","184","-364","-322","-886","540","3745628","-12199449","3603","30277","-556","22678","554"
"79884.970","97412","30051","10830","183","-364","-358","-1046","540","3745559","-12199539","3598","30277","-699","22632","559"
"79885.970","97412","30051","10825","182","-365","-333","-867","539","3745488","-12199625","3594","30277","-664","22572","576"
"79886.970","97411","30051","10819","185","-363","-284","-781","539","3745418","-12199710","3592","30277","-618","22537","574"
"79887.970","97416","30050","10818","187","-357","-274","-1047","539","3745347","-12199795","3592","30276","-595","22496","583"
"79888.970","97417","30050","10813","187","-350","-252","-824","538","3745274","-12199880","3592","30276","-572","22450","585"
"79889.970","97413","30050","10807","185","-345","-248","-938","537","3745202","-12199964","3594","30276","-555","22416","590"
"79890.970","97406","30050","10794","186","-350","-251","-974","538","3745129","-12200048","3596","30276","-561","22371","588"
"79891.970","97406","30049","10781","182","-353","-259","-872","539","3745056","-12200131","3599","30276","-655","22337","582"
"79892.970","97406","30049","10772","183","-357","-273","-889","539","3744983","-12200214","3602","30275","-916","22253","570"
"79893.970","97405","30048","10757","180","-364","-274","-1047","539","3744909","-12200294","3603","30275","-1055","22168","571"
"79894.970","97408","30048","10752","178","-365","-294","-1012","539","3744834","-12200373","3603","30274","-1240","22065","564"
"79895.970","97412","30047","10742","177","-370","-289","-935","540","3744758","-12200450","3601","30273","-1183","21958","564"
"79896.970","97417","30047","10740","177","-373","-298","-790","540","3744681","-12200529","3598","30272","-1162","21875","574"
"79897.970","97418","30047","10748","180","-373","-292","-879","541","3744603","-12200604","3596","30272","-1175","21775","581"
"79898.970","97418","30047","10751","178","-372","-338","-868","540","3744524","-12200678","3596","30273","-1258","21672","581"
"79899.970","97418","30049","10747","172","-375","-349","-859","540","3744444","-12200750","3594","30274","-1273","21567","585"
"79900.970","97419","30054","10766","182","-361","-328","-850","539","3744363","-12200820","3592","30279","-1238","21458","584"
"79901.970","97419","30054","10765","186","-366","-341","-1013","540","3744281","-12200888","3591","30280","-1193","21373","593"
"79902.970","97418","30052","10761","188","-373","-345","-872","540","3744197","-12200955","3591","30277","-1074","21292","597"
"79903.970","97413","30048","10760","190","-375","-288","-974","541","3744114","-12201020","3592","30274","-968","21224","588"
"79904.970","97410","30044","10755","193","-385","-274","-876","542","3744029","-12201084","3593","30270","-1089","21149","594"
"79905.970","97409","30040","10760","201","-384","-253","-854","542","3743943","-12201146","3595","30267","-936","21064","595"
"79906.970","97407","30039","10755","202","-389","-205","-852","543","3743857","-12201208","3599","30265","-903","21009","609"
"79907.970","97400","30037","10755","206","-390","-247","-891","543","3743770","-12201268","3604","30264","-1000","20926","612"
"79908.970","97394","30036","10758","211","-388","-236","-974","543","3743682","-12201325","3609","30264","-924","20858","588"
"79909.970","97390","30036","10756","208","-389","-248","-844","543","3743594","-12201383","3613","30264","-938","20791","586"
"79910.970","97390","30035","10758","209","-392","-255","-866","543","3743505","-12201439","3615","30263","-950","20716","569"
"79911.970","97390","30037","10758","202","-392","-268","-900","543","3743416","-12201493","3616","30265","-919","20644","567"
"79912.970","97396","30038","10757","199","-397","-269","-766","543","3743326","-12201544","3614","30265","-975","20571","566"
"79913.970","97398","30038","10764","201","-397","-226","-846","543","3743235","-12201598","3613","30265","-1047","20487","555"
"79914.970","97402","30038","10774","202","-394","-244","-1011","543","3743145","-12201647","3611","30264","-1062","20401","543"
"79915.970","97411","30039","10778","197","-397","-254","-897","543","3743052","-12201696","3608","30265","-987","20324","538"
"79916.970","97413","30039","10788","196","-394","-227","-932","543","3742960","-12201744","3604","30265","-913","20259","535"
"79917.970","97422","30041","10802","201","-391","-201","-877","543","3742867","-12201789","3600","30266","-861","20196","531"
"79918.970","97432","30040","10810","202","-395","-165","-850","543","3742774","-12201834","3594","30264","-824","20142","524"
"79919.970","97443","30039","10820","197","-393","-134","-958","543","3742680","-12201876","3588","30262","-905","20069","522"
"79920.970","97455","30041","10844","205","-390","-161","-800","543","3742585","-12201918","3582","30263","-957","19988","523"
"79921.970","97463","30041","10892","216","-382","-134","-903","542","3742490","-12201960","3575","30263","-918","19929","506"
"79922.970","97476","30040","10930","219","-384","-86","-890","543","3742394","-12201999","3567","30261","-887","19864","486"
"79923.970","97487","30040","10966","218","-386","-49","-878","543","3742297","-12202037","3556","30259","-776","19805","482"
"79924.970","97504","30039","11000","216","-391","-6","-851","543","3742200","-12202075","3544","30257","-665","19771","479"
"79925.970","97516","30040","11035","219","-396","-6","-798","544","3742103","-12202111","3532","30257","-762","19720","478"
"79926.970","97530","30040","11062","216","-407","-50","-1038","545","3742004","-12202147","3520","30255","-788","19659","478"
"79927.970","97539","30038","11100","225","-407","0","-858","545","3741905","-12202180","3508","30252","-791","19603","468"
"79928.970","97556","30036","11152","239","-412","-33","-931","546","3741805","-12202214","3494","30249","-873","19553","402"
"79929.970","97588","30036","11228","239","-443","-118","-1079","549","3741705","-12202246","3477","30247","-803","19484","447"
"79930.970","97612","30034","11387","254","-458","-104","-938","550","3741602","-12202278","3460","30242","-789","19452","448"
"79931.970","97628","30031","11624","270","-468","-127","-888","552","3741498","-12202308","3445","30238","-820","19404","422"
"79932.970","97644","30030","11910","270","-472","-77","-958","552","3741392","-12202338","3431","30235","-729","19370","391"
"79933.970","97652","30027","12200","279","-464","-82","-1030","552","3741283","-12202369","3417","30231","-692","19327","352"
"79934.970","97662","30026","12489","289","-453","-127","-962","551","3741171","-12202398","3402","30229","-732","19293","293"
"79935.970","97691","30026","12757","291","-458","-102","-988","552","3741057","-12202428","3382","30227","-707","19258","255"
"79936.970","97746","30029","13001","281","-479","-96","-821","554","3740939","-12202457","3357","30225","-674","19213","258"
"79937.970","97778","30032","13261","288","-479","-83","-1022","553","3740820","-12202487","3330","30225","-623","19183","251"
"79938.970","97826","30037","13497","281","-489","-162","-870","554","3740699","-12202515","3308","30226","-674","19146","295"
"79939.970","97850","30039","13719","275","-501","-246","-766","554","3740574","-12202544","3292","30226","-805","19088","334"
"79940.970","97875","30039","13927","254","-506","-289","-937","554","3740448","-12202571","3284","30224","-622","19038","399"
"79941.970","97870","30042","14095","254","-536","32","-745","556","3740320","-12202599","3284","30227","1612","19149","540"
"79942.970","97880","30043","14244","143","-521","1626","-682","551","3740191","-12202629","3296","30228","6849","19756","433"
"79943.970","97743","30061","14271","37","-607","1057","-656","556","3740061","-12202669","3311","30258","7350","20961","194"
"79944.970","97426","30068","14345","118","-660","197","-669","561","3739939","-12202737","3284","30293","7744","22286","76"
"79945.970","97023","30058","14442","58","-558","135","-497","560","3739839","-12202845","3172","30319","7520","23797","29"
"79946.970","96673","30058","14498","114","-520","-50","-546","547","3739760","-12202980","2990","30350","7482","25440","52"
"79947.970","96534","30045","14511","155","-512","-52","-690","552","3739688","-12203118","2842","30350","7266","27062","65"
"79948.970","97044","30049","14529","161","-508","275","-771","549","3739627","-12203265","2753","30308","6879","28277","121"
"79949.970","97412","30055","14575","133","-498","662","-811","550","3739589","-12203423","2717","30281","7105","29430","152"
"79950.970","97724","30060","14635","90","-481","1146","-828","547","3739577","-12203588","2726","30258","6872","30348","86"
"79951.970","97888","30064","14770","81","-468","1225","-821","545","3739601","-12203765","2757","30248","6867","31185","52"
"79952.970","97892","30069","14889","70","-464","970","-685","544","3739659","-12203907","2666","30253","6225","32154","104"
"79953.970","98206","30078","14983","33","-428","1188","-927","541","3739779","-12204023","2429","30234","5474","32751","199"
"79954.970","98323","30080","15127","20","-409","1297","-817","541","3739914","-12204120","2247","30226","4755","33154","236"
"79955.970","98337","30081","15286","12","-407","1097","-909","539","3740066","-12204209","2098","30225","4103","33512","291"
"79956.970","98295","30076","15458","-5","-428","889","-753","542","3740212","-12204280","2157","30224","2697","33740","379"
"79957.970","98200","30066","15658","-8","-473","456","-832","546","3740388","-12204340","2389","30223","1213","33786","360"
"79958.970","98048","30052","15874","-4","-535","25","-742","551","3740545","-12204399","2519","30222","-175","33774","313"
"79959.970","97996","30047","16068","7","-555","-83","-644","553","3740699","-12204462","2631","30221","-234","33752","223"
"79960.970","97990","30049","16189","28","-544","-29","-771","553","3740851","-12204525","2724","30224","8","33752","243"
"79961.970","97997","30054","16195","81","-562","-72","-889","553","3741001","-12204589","2798","30228","-154","33748","230"
"79962.970","98049","30060","16074","51","-513","-65","-919","549","3741159","-12204653","2905","30230","-1560","33650","312"
"79963.970","98171","30081","15900","88","-411","-836","-644","547","3741299","-12204725","2958","30240","-7273","32969","352"
"79964.970","97208","30089","15545","368","-98","-255","-510","531","3741424","-12204805","2963","30334","-7304","31164","379"
"79965.970","96699","30053","15047","325","-14","365","-623","530","3741544","-12204885","2954","30342","-7946","29426","501"
"79966.970","96548","30046","14558","257","0","496","-774","518","3741660","-12204979","2956","30349","-8017","27733","392"
"79967.970","96138","30008","13972","182","92","577","-758","509","3741773","-12205087","2971","30348","-8187","26003","378"
"79968.970","95928","29987","13482","181","1","599","-648","517","3741878","-12205188","2967","30345","-8024","24305","303"
"79969.970","95965","29986","12920","108","-62","492","-541","499","3741965","-12205275","2979","30341","-7720","22690","303"
"79970.970","96693","30032","12126","25","-525","663","-549","558","3741994","-12205344","3065","30322","-7471","21312","349"
"79971.970","97053","30050","11802","174","-562","330","-576","553","3741930","-12205504","3279","30308","-6989","20147","481"
"79972.970","97429","30073","11564","196","-478","-118","-610","550","3741800","-12205589","3658","30298","-6543","19243","525"
"79973.970","97603","30072","11332","226","-461","-237","-728","549","3741627","-12205629","4012","30282","-6373","18446","515"
"79974.970","97559","30077","11052","190","-472","-308","-727","550","3741480","-12205660","4062","30290","-5945","17499","592"
"79975.970","97760","30076","10869","175","-422","-737","-670","543","3741334","-12205677","3980","30271","-4348","17021","649"
"79976.970","97961","30069","10743","202","-324","-831","-822","538","3741196","-12205678","3885","30246","-1400","17037","710"
"79977.970","97961","30066","10562","242","-311","-533","-848","538","3741061","-12205678","3892","30243","-189","17248","717"
"79978.970","97957","30065","10414","217","-282","-416","-1054","534","3740936","-12205670","3860","30243","98","17318","650"
"79979.970","97770","30053","10374","165","-139","-433","-853","512","3740814","-12205665","3820","30247","-131","17322","621"
"79980.970","97759","30050","10209","30","-112","260","-827","485","3740695","-12205654","3723","30245","-7","17297","547"
"79981.970","97850","30060","9905","12","-172","900","-877","502","3740582","-12205648","3659","30247","-201","17285","514"
"79982.970","97950","30071","9575","34","-247","1315","-835","518","3740472","-12205638","3593","30249","-107","17301","551"
"79983.970","98074","30078","9224","89","-320","2071","-641","531","3740365","-12205629","3531","30246","-20","17304","536"
"79984.970","98173","30087","8831","124","-429","2588","-911","541","3740262","-12205620","3477","30245","-427","17256","487"
"79985.970","98165","30088","8533","199","-438","3020","-668","547","3740161","-12205610","3436","30247","-2047","17146","321"
"79986.970","98135","30089","8295","289","-429","2817","-687","549","3740065","-12205597","3410","30251","-3436","16968","77"
"79987.970","98276","30103","7923","332","-583","2575","-691","561","3739972","-12205580","3366","30253","-3578","16447","89"
"79988.970","98349","30110","7680","381","-628","2425","-754","565","3739884","-12205558","3308","30254","-3708","16026","-75"
"79989.970","98414","30115","7533","417","-629","2269","-708","566","3739798","-12205530","3237","30253","-3867","15579","-242"
"79990.970","98499","30124","7390","464","-651","2215","-733","568","3739714","-12205496","3155","30254","-3855","14954","-196"
"79991.970","98574","30128","7309","484","-631","2155","-920","568","3739637","-12205455","3041","30252","-3882","14396","-198"
"79992.970","98672","30133","7253","537","-616","2109","-694","570","3739559","-12205409","2922","30249","-3943","13856","-220"
"79993.970","98766","30137","7266","574","-598","2248","-753","570","3739492","-12205354","2774","30244","-3980","13266","-238"
"79994.970","98877","30139","7308","635","-564","2098","-845","571","3739431","-12205291","2609","30236","-4202","12666","-271"
"79995.970","98986","30143","7359","668","-527","2024","-948","572","3739379","-12205222","2461","30231","-4481","12019","-279"
"79996.970","99081","30149","7415","679","-491","2129","-794","571","3739337","-12205145","2354","30229","-4491","11248","-288"
"79997.970","99194","30156","7467","676","-416","2056","-924","569","3739306","-12205060","2269","30226","-4543","10541","-295"
"79998.970","99276","30160","7530","654","-379","2076","-805","567","3739284","-12204970","2152","30223","-4647","9790","-228"
"79999.970","99390","30156","7560","627","-319","2169","-764","563","3739271","-12204879","2010","30209","-4575","9060","-286"
"80000.970","99496","30158","7558","587","-298","2118","-806","562","3739265","-12204783","1876","30201","-4573","8397","-319"
"80001.970","99559","30123","7543","544","-180","2598","-625","553","3739270","-12204692","1769","30162","-4584","7618","-263"
"80002.970","99683","30134","7508","551","-195","2553","-632","556","3739283","-12204602","1672","30162","-4573","6972","-296"
"80003.970","99754","30124","7483","521","-156","2478","-677","548","3739306","-12204515","1578","30145","-4749","6088","-244"
"80004.970","99886","30122","7609","350","-163","2105","-610","544","3739333","-12204435","1485","30132","-4802","5368","-294"
"80005.970","99972","30106","7524","254","74","1961","-580","534","3739370","-12204363","1386","30108","-5170","4636","-260"
"80006.970","100044","30130","7465","285","127","1446","-660","525","3739417","-12204295","1308","30126","-5464","3793","-285"
"80007.970","100148","30126","7722","210","-141","1622","-587","527","3739469","-12204239","1225","30113","-5151","2644","-273"
"80008.970","100323","30120","7839","228","-245","1890","-792","531","3739528","-12204193","1131","30092","-5068","1724","-298"
"80009.970","100449","30081","7969","96","-313","2307","-624","533","3739593","-12204160","1058","30043","-5052","877","-275"
"80010.970","100609","30053","7967","62","-324","1931","-634","534","3739659","-12204140","987","30001","-4848","194","-307"
"80011.970","100742","30036","7910","-17","-302","2528","-619","521","3739727","-12204133","885","29973","-4113","35719","-489"
"80012.970","100855","30049","7913","25","-332","2510","-592","538","3739796","-12204135","775","29976","-3505","35283","-552"
"80013.970","100990","30056","7944","113","-401","2032","-623","541","3739863","-12204145","662","29972","-2495","34796","-435"
"80014.970","101093","30038","7872","85","-384","2681","-474","541","3739929","-12204160","556","29945","-2101","34544","-421"
"80015.970","101193","30061","7809","99","-381","2403","-572","545","3739994","-12204180","459","29960","-2044","34318","-374"
"80016.970","101288","30067","7725","144","-364","2220","-599","542","3740057","-12204205","369","29957","-1517","33995","-287"
"80017.970","101364","30080","7619","188","-339","2137","-671","539","3740119","-12204232","289","29964","-723","33834","-167"
"80018.970","101444","30084","7559","253","-361","2890","-764","549","3740180","-12204260","217","29961","20","33822","-121"
"80019.970","101502","30068","7455","242","-375","2581","-967","543","3740241","-12204289","150","29940","-359","33798","-91"
"80020.970","101552","30049","7260","218","-300","2159","-761","536","3740300","-12204317","88","29918","-273","33749","65"
"80021.970","101602","30049","7182","267","-323","2421","-619","542","3740357","-12204348","34","29913","-115","33716","53"
"80022.970","101640","30058","7026","200","-306","2349","-589","533","3740414","-12204375","-12","29918","-285","33691","124"
"80023.970","101669","30041","6924","206","-322","2499","-549","533","3740469","-12204408","-50","29899","-206","33702","81"
"80024.970","101711","30059","6853","319","-319","2817","-712","543","3740523","-12204435","-71","29913","171","33689","82"
"80025.970","101729","30068","6704","337","-289","2788","-620","544","3740576","-12204464","-100","29921","174","33628","153"
"80026.970","101749","30159","6520","287","-247","3224","-581","544","3740628","-12204495","-126","30009","-290","33658","231"
"80027.970","101704","30250","6248","200","-120","3445","-562","507","3740679","-12204522","-153","30104","-185","33643","440"
"80028.970","101717","30255","6098","237","-109","3472","-595","527","3740729","-12204549","-178","30108","51","33662","579"
"80029.970","101777","30216","5994","284","-127","3672","-473","532","3740778","-12204575","-196","30064","-38","33682","518"
"80030.970","101788","30211","5924","352","-179","3440","-759","543","3740825","-12204602","-207","30058","50","33653","580"
"80031.970","101770","30338","5667","281","-72","3881","-366","511","3740872","-12204628","-212","30187","-44","33663","579"
